[ 0.27472113  0.96152395  0.        ],
[ 0.64567058 -0.76361607  0.        ],
[-0.98971124 -0.14307923  0.        ],
[ 0.98553708 -0.16945993  0.        ],
[-0.99782886 -0.06586014  0.        ],
[-0.99983617 -0.01810056  0.        ],
[ 0.95495469 -0.29675166  0.        ],
[-0.9993964  -0.03473961  0.        ],
[-0.99286215  0.11926753  0.        ],
[ 0.818155    0.57499773  0.        ],
[-0.55043667 -0.83487692  0.        ],
[-0.99994878  0.01012146  0.        ],
[-0.54308424 -0.83967822  0.        ],
[ 0.99591433  0.09030305  0.        ],
[-0.68969272 -0.72410217  0.        ],
[-0.98551378  0.16959536  0.        ],
[ 0.97573885  0.21893767  0.        ],
[ 0.57273319  0.81974184  0.        ],
[-0.7066178  -0.70759542  0.        ],
[ 0.99887544  0.04741146  0.        ],
[-0.17114529 -0.9852458   0.        ],
[ 0.11413537 -0.99346521  0.        ],
[-0.58971166 -0.80761387  0.        ],
[ 0.83133608  0.55577003  0.        ],
[-0.89248271 -0.4510816   0.        ],
[-0.7662181  -0.64258059  0.        ],
[-0.48516986 -0.87441993  0.        ],
[-0.99998905  0.00468044  0.        ],
[ 0.99860745 -0.05275561  0.        ],
[-0.31303152 -0.94974274  0.        ],
[-0.6570558  -0.75384194  0.        ],
[ 0.61479985  0.78868317  0.        ],
[-0.88591446  0.46384865  0.        ],
[ 0.58035134  0.81436621  0.        ],
[ 0.66236447 -0.74918176  0.        ],
[ 0.57996928  0.81463834  0.        ],
[ 0.84236161  0.53891272  0.        ],
[-0.724947   -0.68880465  0.        ],
[-0.99691542 -0.07848339  0.        ],
[ 0.30073577 -0.9537075   0.        ],
[-0.55978936 -0.82863495  0.        ],
[ 0.61358824  0.78962616  0.        ],
[-0.91828509  0.3959198   0.        ],
[ 0.98708331 -0.16020782  0.        ],
[-0.99105985 -0.13341803  0.        ],
[-0.8788268  -0.47714092  0.        ],
[-0.99485916 -0.10126818  0.        ],
[-0.99931945  0.03688679  0.        ],
[-0.66598122 -0.7459685   0.        ],
[ 0.36869559 -0.92955019  0.        ],
[ 0.8551563  -0.51837024  0.        ],
[-0.98035311 -0.19725057  0.        ],
[ 0.98236476  0.18697454  0.        ],
[-0.5502058  -0.83502909  0.        ],
[ 0.53115759  0.84727305  0.        ],
[ 0.65578238 -0.75494998  0.        ],
[ 0.88980043  0.45634986  0.        ],
[-0.57127143 -0.8207612   0.        ],
[ 0.79160074  0.61103869  0.        ],
[ 0.98954054 -0.14425502  0.        ],
[ 0.74342361 -0.66882086  0.        ],
[ 0.7972383   0.60366472  0.        ],
[-0.80332008 -0.59554753  0.        ],
[ 0.82281286  0.56831241  0.        ],
[-0.99925398  0.03861977  0.        ],
[ 0.19092476 -0.98160467  0.        ],
[-0.99911716  0.04201084  0.        ],
[ 0.54624625  0.83762464  0.        ],
[ 0.59382926  0.80459108  0.        ],
[-0.18826275 -0.9821187   0.        ],
[-0.99384144  0.11081149  0.        ],
[-0.91148527  0.41133272  0.        ],
[ 0.50555918 -0.86279193  0.        ],
[-0.99985937 -0.01677003  0.        ],
[ 0.95345559  0.30153349  0.        ],
[ 0.25732352 -0.96632531  0.        ],
[ 0.15522587 -0.987879    0.        ],
[ 0.26460902 -0.96435578  0.        ],
[ 0.99512539 -0.09861777  0.        ],
[-0.67855104 -0.73455326  0.        ],
[ 0.93932121  0.34303887  0.        ],
[ 0.97078781  0.23993962  0.        ],
[-0.99088566 -0.13470561  0.        ],
[ 0.98961613 -0.14373556  0.        ],
[ 0.54503076  0.83841605  0.        ],
[-0.79019888  0.6128505   0.        ],
[ 0.81362019  0.58139675  0.        ],
[ 0.98533609  0.17062472  0.        ],
[-0.98806161 -0.15405923  0.        ],
[ 0.82745506  0.56153195  0.        ],
[-0.71355673 -0.70059745  0.        ],
[-0.9862821  -0.16506852  0.        ],
[-0.59472625 -0.80392829  0.        ],
[ 0.49013022  0.87164923  0.        ],
[ 0.35297953 -0.93563104  0.        ],
[ 0.2975715   0.95469954  0.        ],
[-0.77430252 -0.63281561  0.        ],
[ 0.19639302 -0.98052526  0.        ],
[-0.9391355  -0.34354696  0.        ],
[-0.92188809  0.38745625  0.        ],
