[ 0.45846275  0.88871363  0.        ],
[ 0.54627954  0.83760293  0.        ],
[ 0.88136584  0.47243439  0.        ],
[ 0.16937546  0.9855516   0.        ],
[ 0.98744791 -0.15794502  0.        ],
[ 0.91945617 -0.39319252  0.        ],
[ 0.88291053  0.46954126  0.        ],
[ 0.9077914  -0.41942196  0.        ],
[ 0.98624817  0.16527114  0.        ],
[ 0.50638155  0.86230953  0.        ],
[ 0.29612019  0.95515069  0.        ],
[ 0.85441041 -0.51959874  0.        ],
[ 0.98228775  0.1873787   0.        ],
[ 0.63558458  0.77203125  0.        ],
[ 0.24902391  0.96849734  0.        ],
[ 0.86374947 -0.50392147  0.        ],
[ 0.80031371  0.59958149  0.        ],
[ 0.95264637  0.30408041  0.        ],
[ 0.98592778 -0.16717183  0.        ],
[ 0.81664158  0.57714515  0.        ],
[ 0.49505471  0.8688618   0.        ],
[ 0.39109733  0.92034932  0.        ],
[ 0.30550075  0.95219184  0.        ],
[ 0.94770326  0.31915285  0.        ],
[ 0.98900141  0.14790611  0.        ],
[ 0.31146413  0.95025791  0.        ],
[ 0.94747249 -0.31983727  0.        ],
[ 0.83452346 -0.55097241  0.        ],
[ 0.94978948  0.31288968  0.        ],
[ 0.18734028  0.98229508  0.        ],
[ 0.58894181  0.80817544  0.        ],
[ 0.85917789  0.511677    0.        ],
[ 0.85459868  0.51928903  0.        ],
[ 0.41314669  0.91066449  0.        ],
[ 0.29409032  0.95577763  0.        ],
[ 0.35618808  0.93441428  0.        ],
[ 0.99812729  0.06117124  0.        ],
[ 0.83023081  0.55741977  0.        ],
[ 0.3835958   0.92350109  0.        ],
[ 0.77088692 -0.63697203  0.        ],
[ 0.48815388  0.87275758  0.        ],
[ 0.76788755  0.64058466  0.        ],
[ 0.80387475 -0.59479861  0.        ],
[ 0.26758726  0.96353363  0.        ],
[ 0.7863152  -0.61782555  0.        ],
[ 0.74156639  0.67087948  0.        ],
[ 0.35699071  0.93410793  0.        ],
[ 0.90778439  0.41943711  0.        ],
[ 0.73814542  0.67464163  0.        ],
[ 0.29513277  0.95545625  0.        ],
[ 0.52345758  0.85205174  0.        ],
[ 0.79438982 -0.60740827  0.        ],
[ 0.16640708  0.98605714  0.        ],
[ 0.38278197  0.92383871  0.        ],
[ 0.99012878  0.14016061  0.        ],
[ 0.73067184  0.68272883  0.        ],
[ 0.55067651  0.83471874  0.        ],
[ 0.20546274  0.97866494  0.        ],
[ 0.72549528  0.68822714  0.        ],
[ 0.18995179  0.98179342  0.        ],
[ 0.44793797  0.89406464  0.        ],
[ 0.96292982  0.26975204  0.        ],
[ 0.94048213 -0.33984314  0.        ],
[ 0.27644716  0.96102912  0.        ],
[ 0.78463004 -0.61996427  0.        ],
[ 0.21178158  0.97731702  0.        ],
[ 0.84186077  0.53969476  0.        ],
[ 0.99741834  0.07180985  0.        ],
[ 0.97267552 -0.23216875  0.        ],
[ 0.37832223  0.92567396  0.        ],
[ 0.44004012  0.89797811  0.        ],
[ 0.27849209  0.96043852  0.        ],
[ 0.84704081  0.53152786  0.        ],
[ 0.48652266  0.87366796  0.        ],
[ 0.59893617  0.80079677  0.        ],
[ 0.99186411  0.12730117  0.        ],
[ 0.84749808  0.53079846  0.        ],
[ 0.37655709  0.92639341  0.        ],
[ 0.81669658  0.57706732  0.        ],
[ 0.40125993  0.91596423  0.        ],
[ 0.57883588  0.81544407  0.        ],
[ 0.42427936  0.90553135  0.        ],
[ 0.9619094   0.27336843  0.        ],
[ 0.19635999  0.98053187  0.        ],
[ 0.97485527 -0.22283898  0.        ],
[ 0.58826789  0.80866612  0.        ],
[ 0.16460726  0.98635919  0.        ],
[ 0.44844598  0.89380994  0.        ],
[ 0.28681913  0.95798475  0.        ],
[ 0.26110297  0.96531095  0.        ],
[ 0.65819783  0.75284502  0.        ],
[ 0.83618919  0.5484411   0.        ],
[ 0.86955842  0.49383009  0.        ],
[ 0.28942538  0.95720058  0.        ],
[ 0.99207251  0.12566679  0.        ],
[ 0.19489813  0.98082349  0.        ],
[ 0.9995016   0.03156821  0.        ],
[ 0.42745945  0.90403453  0.        ],
[ 0.69450263  0.71949017  0.        ],
[ 0.78952696  0.61371588  0.        ],
[ 0.9998382   0.01798789  0.        ],
[ 0.6791484   0.73400099  0.        ],
[ 0.98485937  0.17335518  0.        ],
[ 0.97939021 -0.20197725  0.        ],
[ 0.86546456 -0.50097016  0.        ],
[ 0.56324127  0.82629249  0.        ],
[ 0.33135674  0.94350555  0.        ],
[ 0.88656331  0.46260729  0.        ],
[ 0.41107674  0.91160074  0.        ],
[ 0.36708703  0.9301866   0.        ],
[ 0.4038158   0.91484031  0.        ],
[ 0.96852547  0.24891446  0.        ],
[ 0.46837886  0.88352773  0.        ],
[ 0.93142641  0.36392973  0.        ],
[ 0.51157973  0.85923581  0.        ],
[ 0.96583631 -0.25915288  0.        ],
[ 0.98646371 -0.16397969  0.        ],
[ 0.90721938 -0.4206578   0.        ],
[ 0.98129105 -0.19253017  0.        ],
[ 0.80718784 -0.59029466  0.        ],
[ 0.89492408 -0.44621843  0.        ],
[ 0.95977909 -0.28075629  0.        ],
[ 0.98488461  0.17321173  0.        ],
[ 0.84692137 -0.53171815  0.        ],
[ 0.31423417  0.9493455   0.        ],
[ 0.50999078  0.86017987  0.        ],
[ 0.94040947 -0.34004415  0.        ],
[ 0.77796561  0.62830686  0.        ],
[ 0.37476592  0.92711947  0.        ],
[ 0.83209812  0.55462846  0.        ],
[ 0.90257614 -0.43053026  0.        ],
[ 0.99251292  0.12213966  0.        ],
[ 0.42017204  0.90744447  0.        ],
[ 0.24512295  0.969492    0.        ],
[ 0.91205926  0.41005842  0.        ],
[ 0.87646377 -0.48146782  0.        ],
[ 0.33798342  0.94115206  0.        ],
[ 0.27881607  0.96034452  0.        ],
[ 0.42748758  0.90402122  0.        ],
[ 0.99816527  0.06054832  0.        ],
[ 0.67616145  0.73675348  0.        ],
[ 0.49675113  0.86789303  0.        ],
[ 0.33229495  0.94317552  0.        ],
[ 0.34152655  0.93987213  0.        ],
[ 0.98643684 -0.16414129  0.        ],
[ 0.99562303  0.09346004  0.        ],
[ 0.42123157  0.90695312  0.        ],
[ 0.97699855 -0.21324597  0.        ],
[ 0.90798342 -0.41900609  0.        ],
[ 0.76524912  0.64373424  0.        ],
[ 0.95443087 -0.29843209  0.        ],
[ 0.58450456  0.81139043  0.        ],
[ 0.42217627  0.90651376  0.        ],
[ 0.35180625  0.93607284  0.        ],
[ 0.90858141  0.41770781  0.        ],
[ 0.90126035 -0.43327796  0.        ],
[ 0.46214417  0.88680481  0.        ],
[ 0.83994586 -0.54267021  0.        ],
[ 0.15563394  0.9878148   0.        ],
[ 0.82206708  0.56939066  0.        ],
[ 0.80688453  0.59070919  0.        ],
[ 0.31353295  0.94957732  0.        ],
[ 0.62905364  0.7773619   0.        ],
[ 0.84481501  0.5350585   0.        ],
[ 0.7171274  0.6969421  0.       ],
[ 0.96257062  0.27103099  0.        ],
[ 0.96233883 -0.27185284  0.        ],
[ 0.78456571 -0.62004569  0.        ],
[ 0.86309805  0.50503639  0.        ],
[ 0.16670418  0.98600695  0.        ],
[ 0.7907721  -0.61211068  0.        ],
[ 0.90088873 -0.43405011  0.        ],
[ 0.86541962  0.50104779  0.        ],
[ 0.26175551  0.96513421  0.        ],
[ 0.93758584 -0.34775394  0.        ],
[ 0.39850628  0.91716561  0.        ],
[ 0.87624257 -0.48187027  0.        ],
[ 0.28796965  0.95763954  0.        ],
[ 0.62901392  0.77739403  0.        ],
[ 0.24192465  0.97029504  0.        ],
[ 0.42348842  0.90590152  0.        ],
[ 0.64402522  0.76500426  0.        ],
[ 0.90893858  0.41693005  0.        ],
[ 0.24923254  0.96844367  0.        ],
[ 0.6154756   0.78815594  0.        ],
[ 0.24885276  0.96854133  0.        ],
[ 0.34443259  0.93881105  0.        ],
[ 0.27945062  0.96016006  0.        ],
[ 0.22012738  0.97547114  0.        ],
[ 0.58874342  0.80831998  0.        ],
[ 0.99887114 -0.04750205  0.        ],
[ 0.99933853 -0.03636636  0.        ],
[ 0.52162822  0.8531729   0.        ],
[ 0.53319981  0.84598934  0.        ],
[ 0.83743389  0.54653864  0.        ],
[ 0.74751819  0.66424134  0.        ],
[ 0.61174909  0.79105187  0.        ],
[ 0.99999879  0.00155756  0.        ],
[ 0.50562402  0.86275393  0.        ],
[ 0.5517704   0.83399606  0.        ],
[ 0.45007421  0.89299116  0.        ],
[ 0.46798348  0.88373722  0.        ],
[ 0.86117586 -0.50830713  0.        ],
[ 0.99739355 -0.07215339  0.        ],
[ 0.86870548 -0.49532896  0.        ],
[ 0.36233407  0.93204829  0.        ],
[ 0.36580881  0.93069002  0.        ],
[ 0.94811086 -0.31793993  0.        ],
[ 0.92752159  0.37376958  0.        ],
[ 0.90137743 -0.43303433  0.        ],
[ 0.90915644 -0.41645476  0.        ],
[ 0.53805663  0.84290869  0.        ],
[ 0.96042389  0.27854256  0.        ],
[ 0.98826077 -0.15277645  0.        ],
[ 0.44726091  0.89440353  0.        ],
[ 0.31909459  0.94772287  0.        ],
[ 0.99826023 -0.05896198  0.        ],
[ 0.39946349  0.9167491   0.        ],
[ 0.75176227  0.65943422  0.        ],
[ 0.6749521   0.73786155  0.        ],
[ 0.27305241  0.96199916  0.        ],
[ 0.20478329  0.97880734  0.        ],
[ 0.35044686  0.93658262  0.        ],
[ 0.71722825  0.69683831  0.        ],
[ 0.90443609  0.42660914  0.        ],
[ 0.92740212  0.37406591  0.        ],
[ 0.87292129  0.48786107  0.        ],
[ 0.87135235  0.49065781  0.        ],
[ 0.55366211  0.83274142  0.        ],
[ 0.83462045 -0.55082548  0.        ],
[ 0.89831093 -0.43936031  0.        ],
[ 0.87706631  0.48036932  0.        ],
[ 0.50936423  0.86055103  0.        ],
[ 0.71351066  0.70064437  0.        ],
[ 0.91010908  0.41436874  0.        ],
[ 0.66629834  0.74568527  0.        ],
[ 0.59218825  0.80579965  0.        ],
[ 0.29555837  0.95532468  0.        ],
[ 0.22968384  0.97326529  0.        ],
[ 0.55429905  0.83231759  0.        ],
[ 0.99185832 -0.12734624  0.        ],
[ 0.72929716  0.68419709  0.        ],
[ 0.27490578  0.96147117  0.        ],
[ 0.40020847  0.91642413  0.        ],
[ 0.40689766  0.91347375  0.        ],
[ 0.60967662  0.79265025  0.        ],
[ 0.67965492  0.73353199  0.        ],
[ 0.51722008  0.85585244  0.        ],
[ 0.98683834  0.16170992  0.        ],
[ 0.57866701  0.81556391  0.        ],
[ 0.5051262   0.86304549  0.        ],
[ 0.53866357  0.84252095  0.        ],
[ 0.56769096  0.82324174  0.        ],
[ 0.70979582  0.70440747  0.        ],
[ 0.43392001  0.9009514   0.        ],
[ 0.99236946  0.12329983  0.        ],
[ 0.228664    0.97350541  0.        ],
[ 0.99044068  0.13793936  0.        ],
[ 0.82820367  0.56042723  0.        ],
[ 0.46775031  0.88386065  0.        ],
[ 0.69991265  0.71422845  0.        ],
[ 0.86703792  0.49824216  0.        ],
[ 0.85869334  0.51248975  0.        ],
[ 0.40589053  0.9139217   0.        ],
[ 0.26590857  0.96399825  0.        ],
[ 0.74832625  0.66333085  0.        ],
[ 0.19942228  0.97991365  0.        ],
[ 0.29967473  0.95404143  0.        ],
[ 0.95966253  0.28115445  0.        ],
[ 0.92138247 -0.3886571   0.        ],
[ 0.23941051  0.97091844  0.        ],
[ 0.26148241  0.96520824  0.        ],
[ 0.99073348  0.13582038  0.        ],
[ 0.54052747  0.84132636  0.        ],
[ 0.49666527  0.86794217  0.        ],
[ 0.37626999  0.92651006  0.        ],
[ 0.78332087 -0.62161757  0.        ],
[ 0.37637393  0.92646784  0.        ],
[ 0.37238824  0.92807704  0.        ],
[ 0.79366519  0.60835481  0.        ],
[ 0.77329662  0.63404443  0.        ],
[ 0.6410167   0.76752693  0.        ],
[ 0.77736492  0.62904991  0.        ],
[ 0.3420423   0.93968456  0.        ],
[ 0.19598349  0.9806072   0.        ],
[ 0.6917755   0.72211263  0.        ],
[ 0.17761371  0.98410029  0.        ],
[ 0.36718101  0.93014951  0.        ],
[ 0.65681206  0.75405432  0.        ],
[ 0.39338054  0.91937574  0.        ],
[ 0.30046009  0.95379439  0.        ],
[ 0.93330426  0.35908655  0.        ],
[ 0.695765    0.71826949  0.        ],
[ 0.37810803  0.92576148  0.        ],
[ 0.99979652  0.02017211  0.        ],
[ 0.46884298  0.88328153  0.        ],
[ 0.99421794  0.10738108  0.        ],
[ 0.60781435  0.79407916  0.        ],
[ 0.79301726 -0.60919916  0.        ],
[ 0.57660032  0.81702636  0.        ],
[ 0.51928843  0.85459905  0.        ],
[ 0.39397615  0.91912066  0.        ],
[ 0.32759804  0.94481719  0.        ],
[ 0.99251605  0.12211425  0.        ],
[ 0.98058228 -0.19610811  0.        ],
[ 0.25441375  0.96709547  0.        ],
[ 0.90020105  0.43547453  0.        ],
[ 0.37900542  0.92539445  0.        ],
[ 0.27053847  0.96270917  0.        ],
[ 0.34915326  0.93706563  0.        ],
[ 0.82569153 -0.56412188  0.        ],
[ 0.21648973  0.9762849   0.        ],
[ 0.56580107  0.82454178  0.        ],
[ 0.53865096  0.84252902  0.        ],
[ 0.33580931  0.94192999  0.        ],
[ 0.36063784  0.93270593  0.        ],
[ 0.81055451 -0.5856632   0.        ],
[ 0.52457677  0.85136315  0.        ],
[ 0.99905867 -0.04337935  0.        ],
[ 0.87469561  0.48467266  0.        ],
[ 0.68903004  0.72473278  0.        ],
[ 0.66199172  0.74951115  0.        ],
[ 0.80842622 -0.58859752  0.        ],
[ 0.1708585   0.98529558  0.        ],
[ 0.8974282   0.44116054  0.        ],
[ 0.90351123  0.42856442  0.        ],
[ 0.25689928  0.96643818  0.        ],
[ 0.23931877  0.97094105  0.        ],
[ 0.8218156   0.56975356  0.        ],
[ 0.23104409  0.97294328  0.        ],
[ 0.66117963  0.75022763  0.        ],
[ 0.927916   -0.37278934  0.        ],
[ 0.40680415  0.9135154   0.        ],
[ 0.39947766  0.91674293  0.        ],
[ 0.4968802   0.86781914  0.        ],
[ 0.53094063  0.84740902  0.        ],
[ 0.41803909  0.90842904  0.        ],
[ 0.92343516  0.3837545   0.        ],
[ 0.63248138  0.77457556  0.        ],
[ 0.88791778  0.46000219  0.        ],
[ 0.6230175  0.7822079  0.       ],
[ 0.99613359 -0.08785138  0.        ],
[ 0.97445457  0.2245847   0.        ],
[ 0.2876506   0.95773542  0.        ],
[ 0.99984562  0.01757104  0.        ],
[ 0.93164238  0.3633765   0.        ],
[ 0.5869984   0.80958809  0.        ],
[ 0.99717772  0.07507727  0.        ],
[ 0.55755424  0.83014051  0.        ],
[ 0.30943513  0.95092055  0.        ],
[ 0.32099783  0.94707993  0.        ],
[ 0.94519279  0.32651278  0.        ],
[ 0.34039126  0.94028389  0.        ],
[ 0.48383855  0.87515728  0.        ],
[ 0.77653947 -0.6300686   0.        ],
[ 0.3257949   0.94544047  0.        ],
[ 0.93480627  0.35515805  0.        ],
[ 0.47209831  0.88154591  0.        ],
[ 0.20483496  0.97879653  0.        ],
[ 0.51178693  0.85911241  0.        ],
[ 0.33678228  0.94158255  0.        ],
[ 0.32607454  0.94534406  0.        ],
[ 0.99553081 -0.09443735  0.        ],
[ 0.87889833 -0.47700915  0.        ],
[ 0.15522738  0.98787877  0.        ],
[ 0.44344804  0.89630008  0.        ],
[ 0.32524305  0.94563046  0.        ],
[ 0.50956788  0.86043046  0.        ],
[ 0.99982133 -0.01890241  0.        ],
[ 0.96097392 -0.276639    0.        ],
[ 0.91823918  0.39602628  0.        ],
[ 0.50816488  0.86125981  0.        ],
[ 0.73693212  0.67596675  0.        ],
[ 0.99804365  0.06252105  0.        ],
[ 0.16076505  0.9869927   0.        ],
[ 0.25964786  0.96570336  0.        ],
[ 0.92058397  0.39054469  0.        ],
[ 0.87265964  0.48832895  0.        ],
[ 0.42075084  0.90717624  0.        ],
[ 0.98058718  0.19608361  0.        ],
[ 0.45758033  0.88916829  0.        ],
[ 0.76680795  0.6418766   0.        ],
[ 0.87310314  0.48753555  0.        ],
[ 0.84557464 -0.53385721  0.        ],
[ 0.93312497 -0.35955221  0.        ],
[ 0.78540137 -0.61898682  0.        ],
[ 0.43477131  0.9005409   0.        ],
[ 0.1813963   0.98341008  0.        ],
[ 0.66055787  0.75077514  0.        ],
[ 0.18573584  0.98259971  0.        ],
[ 0.35366931  0.93537053  0.        ],
[ 0.91441334 -0.40478172  0.        ],
[ 0.90487932 -0.42566821  0.        ],
[ 0.89074484  0.45450372  0.        ],
[ 0.53039327  0.84775172  0.        ],
[ 0.46038127  0.88772129  0.        ],
[ 0.22119198  0.97523028  0.        ],
[ 0.97969254 -0.20050568  0.        ],
[ 0.79284642  0.60942149  0.        ],
[ 0.96431926  0.26474209  0.        ],
[ 0.37232667  0.92810175  0.        ],
[ 0.85362774 -0.52088355  0.        ],
[ 0.25871901  0.96595263  0.        ],
[ 0.77477277  0.63223979  0.        ],
[ 0.31614967  0.94870933  0.        ],
[ 0.97310444 -0.2303644   0.        ],
[ 0.98788267  0.15520253  0.        ],
[ 0.72069255  0.69325482  0.        ],
[ 0.53062319  0.84760783  0.        ],
[ 0.31065386  0.95052311  0.        ],
[ 0.99597346 -0.08964856  0.        ],
[ 0.99792267 -0.06442316  0.        ],
[ 0.3833016   0.92362324  0.        ],
[ 0.52730059  0.84967882  0.        ],
[ 0.39729705  0.91769006  0.        ],
[ 0.34299544  0.93933707  0.        ],
[ 0.66625244  0.74572628  0.        ],
[ 0.3742741   0.92731812  0.        ],
[ 0.24804684  0.96874804  0.        ],
[ 0.86244288  0.5061544   0.        ],
[ 0.39298629  0.91954433  0.        ],
[ 0.86459893 -0.50246262  0.        ],
[ 0.88208181  0.47109625  0.        ],
[ 0.79357351  0.60847439  0.        ],
[ 0.8241281  -0.56640346  0.        ],
[ 0.3622901   0.93206539  0.        ],
[ 0.87696071  0.48056208  0.        ],
[ 0.17167573  0.98515351  0.        ],
[ 0.97105871 -0.23884091  0.        ],
[ 0.78970463 -0.61348725  0.        ],
[ 0.71722165  0.69684511  0.        ],
[ 0.42090487  0.90710478  0.        ],
[ 0.19371992  0.98105688  0.        ],
[ 0.85000411 -0.52677605  0.        ],
[ 0.32168574  0.9468465   0.        ],
[ 0.67361396  0.73908337  0.        ],
[ 0.38144547  0.92439134  0.        ],
[ 0.69404566  0.71993099  0.        ],
[ 0.36392731  0.93142735  0.        ],
[ 0.99858572  0.05316539  0.        ],
[ 0.48006735  0.87723163  0.        ],
[ 0.84256392 -0.53859637  0.        ],
[ 0.32983092  0.94404002  0.        ],
[ 0.35313478  0.93557246  0.        ],
[ 0.28654785  0.95806593  0.        ],
[ 0.81020714  0.58614367  0.        ],
[ 0.37169746  0.92835392  0.        ],
[ 0.37773774  0.92591263  0.        ],
[ 0.77951321 -0.62638579  0.        ],
[ 0.81458772  0.58004038  0.        ],
[ 0.26791443  0.96344271  0.        ],
[ 0.33477896  0.94229669  0.        ],
[ 0.36878124  0.92951622  0.        ],
[ 0.27465234  0.9615436   0.        ],
[ 0.61232238  0.79060819  0.        ],
[ 0.37688104  0.92626167  0.        ],
[ 0.57297234  0.8195747   0.        ],
[ 0.84551184  0.53395668  0.        ],
[ 0.78297277 -0.62205598  0.        ],
[ 0.1616685   0.98684512  0.        ],
[ 0.51274986  0.85853805  0.        ],
[ 0.95127352 -0.30834833  0.        ],
[ 0.87013081 -0.49282083  0.        ],
[ 0.6369509   0.77090437  0.        ],
[ 0.23206632  0.97269997  0.        ],
[ 0.59369399  0.8046909   0.        ],
[ 0.93541934  0.35354018  0.        ],
[ 0.73000603  0.6834407   0.        ],
[ 0.99769612 -0.0678414   0.        ],
[ 0.60855895  0.79350866  0.        ],
[ 0.28653254  0.95807051  0.        ],
[ 0.22619619  0.97408176  0.        ],
[ 0.16401113  0.98645849  0.        ],
[ 0.4316099   0.90206036  0.        ],
[ 0.36294432  0.93181083  0.        ],
[ 0.52259868  0.85257881  0.        ],
[ 0.20530323  0.97869841  0.        ],
[ 0.98232774 -0.18716892  0.        ],
[ 0.95873235 -0.28431018  0.        ],
[ 0.39153602  0.92016278  0.        ],
[ 0.99999199  0.00400138  0.        ],
[ 0.18087651  0.98350582  0.        ],
[ 0.41224297  0.91107394  0.        ],
[ 0.16539769  0.98622695  0.        ],
[ 0.92229102  0.38649616  0.        ],
[ 0.15464688  0.98796981  0.        ],
[ 0.64798557  0.76165261  0.        ],
[ 0.57837217  0.81577303  0.        ],
[ 0.91156153  0.41116369  0.        ],
[ 0.66280558  0.74879153  0.        ],
[ 0.9863638   0.16457962  0.        ],
[ 0.45046289  0.89279515  0.        ],
[ 0.98663362  0.1629543   0.        ],
[ 0.82820589  0.56042395  0.        ],
[ 0.99891341 -0.04660462  0.        ],
[ 0.46554788  0.88502269  0.        ],
[ 0.85894474  0.51206829  0.        ],
[ 0.5427725   0.83987976  0.        ],
[ 0.52123426  0.85341364  0.        ],
[ 0.2546698   0.96702807  0.        ],
[ 0.28999326  0.95702869  0.        ],
[ 0.99896527 -0.04547945  0.        ],
[ 0.56194839  0.8271723   0.        ],
[ 0.36589887  0.93065462  0.        ],
[ 0.57247878  0.81991953  0.        ],
[ 0.94467202  0.32801642  0.        ],
[ 0.55490771  0.83191191  0.        ],
[ 0.64401235  0.7650151   0.        ],
[ 0.76790141  0.64056805  0.        ],
[ 0.32102749  0.94706988  0.        ],
[ 0.48792707  0.8728844   0.        ],
[ 0.68689057  0.72676086  0.        ],
[ 0.44554646  0.89525882  0.        ],
[ 0.4077911   0.91307525  0.        ],
[ 0.30170785  0.95340043  0.        ],
[ 0.49343675  0.86978168  0.        ],
[ 0.99659952  0.08239779  0.        ],
[ 0.25868534  0.96596164  0.        ],
[ 0.25883691  0.96592104  0.        ],
[ 0.88662567  0.46248776  0.        ],
[ 0.350663    0.93650171  0.        ],
[ 0.5614075   0.82753949  0.        ],
[ 0.38429664  0.92320967  0.        ],
[ 0.98113408  0.19332852  0.        ],
[ 0.19804863  0.9801922   0.        ],
[ 0.95831503 -0.28571367  0.        ],
[ 0.72449988  0.68927493  0.        ],
[ 0.36636159  0.93047256  0.        ],
[ 0.97000679 -0.24307781  0.        ],
[ 0.82477285  0.56546418  0.        ],
[ 0.36142548  0.932401    0.        ],
[ 0.38476372  0.9230151   0.        ],
[ 0.20696716  0.97834789  0.        ],
[ 0.88931311  0.4572988   0.        ],
[ 0.47775359  0.87849388  0.        ],
[ 0.25685245  0.96645063  0.        ],
[ 0.80903481 -0.58776073  0.        ],
[ 0.87558435  0.48306526  0.        ],
[ 0.99887898 -0.04733688  0.        ],
[ 0.43466769  0.90059092  0.        ],
[ 0.87311502  0.48751427  0.        ],
[ 0.97007437  0.24280798  0.        ],
[ 0.7691379   0.63908285  0.        ],
[ 0.96803069 -0.25083178  0.        ],
[ 0.18403483  0.98291972  0.        ],
[ 0.3348154   0.94228374  0.        ],
[ 0.95481427 -0.29720314  0.        ],
[ 0.59396801  0.80448866  0.        ],
[ 0.43580699  0.90004015  0.        ],
[ 0.89237083 -0.45130288  0.        ],
[ 0.37527285  0.92691439  0.        ],
[ 0.44629959  0.89488361  0.        ],
[ 0.34911351  0.93708045  0.        ],
[ 0.67776035  0.73528288  0.        ],
[ 0.50256099  0.86454176  0.        ],
[ 0.77622118  0.63046069  0.        ],
[ 0.62008007  0.78453853  0.        ],
[ 0.27234196  0.96220053  0.        ],
[ 0.9734429   0.22892994  0.        ],
[ 0.17885294  0.98387582  0.        ],
[ 0.74294112  0.66935677  0.        ],
[ 0.22851986  0.97353925  0.        ],
[ 0.40201614  0.91563258  0.        ],
[ 0.3811939   0.92449511  0.        ],
[ 0.26509407  0.96422256  0.        ],
[ 0.15642466  0.98768989  0.        ],
[ 0.72983003  0.68362865  0.        ],
[ 0.42362894  0.90583581  0.        ],
[ 0.99606519  0.08862362  0.        ],
[ 0.79520465  0.60634113  0.        ],
[ 0.27262949  0.9621191   0.        ],
[ 0.41780212  0.90853805  0.        ],
[ 0.87257702  0.48847656  0.        ],
[ 0.99964505 -0.02664143  0.        ],
[ 0.96836327  0.24954474  0.        ],
[ 0.68636934  0.72725314  0.        ],
[ 0.92319528 -0.38433121  0.        ],
[ 0.43965808  0.89816523  0.        ],
[ 0.33255145  0.94308511  0.        ],
[ 0.4608034   0.88750224  0.        ],
[ 0.29800885  0.95456311  0.        ],
[ 0.36006908  0.93292565  0.        ],
[ 0.67035488  0.74204066  0.        ],
[ 0.59385622  0.80457119  0.        ],
[ 0.31376712  0.94949997  0.        ],
[ 0.61022135  0.79223096  0.        ],
[ 0.55992298  0.82854466  0.        ],
[ 0.52657695  0.85012747  0.        ],
[ 0.3484005   0.93734577  0.        ],
[ 0.38016714  0.9249178   0.        ],
[ 0.86087309 -0.50881974  0.        ],
[ 0.33143848  0.94347683  0.        ],
[ 0.26847465  0.96328675  0.        ],
[ 0.52428011  0.85154587  0.        ],
[ 0.55849524  0.82950772  0.        ],
[ 0.9998393   0.01792717  0.        ],
[ 0.96514376 -0.26172031  0.        ],
[ 0.54766847  0.83669543  0.        ],
[ 0.77569255  0.63111097  0.        ],
[ 0.87367748 -0.48650556  0.        ],
[ 0.97658746 -0.21512075  0.        ],
[ 0.78847816  0.61506275  0.        ],
[ 0.6665208   0.74548643  0.        ],
[ 0.9531521  -0.30249145  0.        ],
[ 0.35545713  0.93469258  0.        ],
[ 0.27333732  0.96191825  0.        ],
[ 0.21756983  0.97604476  0.        ],
[ 0.91195978 -0.4102796   0.        ],
[ 0.21762849  0.97603168  0.        ],
[ 0.30106529  0.95360353  0.        ],
[ 0.94151465 -0.33697207  0.        ],
[ 0.84100256  0.54103114  0.        ],
[ 0.35066021  0.93650276  0.        ],
[ 0.99523268  0.09752903  0.        ],
[ 0.58037504  0.81434932  0.        ],
[ 0.95545064  0.29515095  0.        ],
[ 0.75572186  0.65489271  0.        ],
[ 0.7599763   0.64995078  0.        ],
[ 0.96661189  0.25624492  0.        ],
[ 0.91496709 -0.40352847  0.        ],
[ 0.68471835  0.72880778  0.        ],
[ 0.33804712  0.94112919  0.        ],
[ 0.67945836  0.73371407  0.        ],
[ 0.81614665  0.57784483  0.        ],
[ 0.59222159  0.80577515  0.        ],
[ 0.627706    0.77845049  0.        ],
[ 0.26389009  0.96455276  0.        ],
[ 0.71366426  0.70048792  0.        ],
[ 0.73927878  0.67339949  0.        ],
[ 0.69419414  0.71978782  0.        ],
[ 0.85958414  0.51099424  0.        ],
[ 0.98539807 -0.1702664   0.        ],
[ 0.96371656 -0.26692767  0.        ],
[ 0.36096972  0.93257754  0.        ],
[ 0.39354394  0.91930581  0.        ],
[ 0.44635046  0.89485824  0.        ],
[ 0.99431475  0.10648089  0.        ],
[ 0.870325    0.49247782  0.        ],
[ 0.86287021 -0.50542556  0.        ],
[ 0.17892539  0.98386265  0.        ],
[ 0.48258248  0.87585053  0.        ],
[ 0.99785248  0.06550141  0.        ],
[ 0.82177516  0.56981189  0.        ],
[ 0.61953817  0.78496653  0.        ],
[ 0.99959162 -0.02857595  0.        ],
[ 0.99752719 -0.07028168  0.        ],
[ 0.6679399   0.74421522  0.        ],
[ 0.84339894  0.53728785  0.        ],
[ 0.20253712  0.97927459  0.        ],
[ 0.99211643  0.12531954  0.        ],
[ 0.40945261  0.91233139  0.        ],
[ 0.97457003 -0.22408316  0.        ],
[ 0.84755445  0.53070845  0.        ],
[ 0.76342022  0.64590213  0.        ],
[ 0.74220956  0.67016786  0.        ],
[ 0.2732594   0.96194038  0.        ],
[ 0.16084332  0.98697995  0.        ],
[ 0.6187703   0.78557197  0.        ],
[ 0.93933452 -0.34300243  0.        ],
[ 0.54898439  0.8358326   0.        ],
[ 0.37404406  0.92741093  0.        ],
[ 0.80626995  0.59154777  0.        ],
[ 0.2214173   0.97517915  0.        ],
[ 0.19860984  0.98007864  0.        ],
[ 0.69669993  0.71736267  0.        ],
[ 0.23304854  0.9724651   0.        ],
[ 0.30585904  0.95207681  0.        ],
[ 0.99890334 -0.04682008  0.        ],
[ 0.15225255  0.98834162  0.        ],
[ 0.94317273  0.33230287  0.        ],
[ 0.42276388  0.90623987  0.        ],
[ 0.9988119  -0.04873178  0.        ],
[ 0.33697947  0.94151199  0.        ],
[ 0.97401876 -0.22646735  0.        ],
[ 0.86716122  0.49802752  0.        ],
[ 0.36765466  0.92996239  0.        ],
[ 0.81398172 -0.58089049  0.        ],
[ 0.99458374  0.10393833  0.        ],
[ 0.66764658  0.74447837  0.        ],
[ 0.34211481  0.93965816  0.        ],
[ 0.95230411 -0.3051506   0.        ],
[ 0.81407684  0.58075718  0.        ],
[ 0.20033602  0.97972725  0.        ],
[ 0.98280371  0.18465338  0.        ],
[ 0.9993849   0.03506893  0.        ],
[ 0.60271895  0.79795355  0.        ],
[ 0.67200398  0.74054753  0.        ],
[ 0.98437398 -0.17609052  0.        ],
[ 0.9715885   0.23667655  0.        ],
[ 0.9995393   0.03035109  0.        ],
[ 0.36793783  0.92985039  0.        ],
[ 0.36189582  0.93221855  0.        ],
[ 0.96945429 -0.24527205  0.        ],
[ 0.99456126 -0.10415323  0.        ],
[ 0.45716497  0.88938192  0.        ],
[ 0.42134097  0.9069023   0.        ],
[ 0.99181602  0.12767528  0.        ],
[ 0.78882106 -0.61462292  0.        ],
[ 0.88516849 -0.46527062  0.        ],
[ 0.98369819 -0.17982732  0.        ],
[ 0.89678717 -0.44246216  0.        ],
[ 0.81051982  0.58571122  0.        ],
[ 0.7891921   0.61414642  0.        ],
[ 0.52161158  0.85318307  0.        ],
[ 0.54889986  0.83588811  0.        ],
[ 0.98200926  0.18883277  0.        ],
[ 0.99496744 -0.10019878  0.        ],
[ 0.17652955  0.98429534  0.        ],
[ 0.44756602  0.89425089  0.        ],
[ 0.29526962  0.95541397  0.        ],
[ 0.9486833   0.31622777  0.        ],
[ 0.17636828  0.98432425  0.        ],
[ 0.93372333 -0.35799545  0.        ],
[ 0.88639691  0.46292605  0.        ],
[ 0.2462411   0.96920861  0.        ],
[ 0.99890814  0.04671757  0.        ],
[ 0.47144817  0.88189377  0.        ],
[ 0.34462336  0.93874104  0.        ],
[ 0.41689881  0.90895291  0.        ],
[ 0.55930546  0.82896164  0.        ],
[ 0.53083143  0.84747743  0.        ],
[ 0.84315287 -0.53767392  0.        ],
[ 0.16902744  0.98561134  0.        ],
[ 0.18736947  0.98228951  0.        ],
[ 0.24186531  0.97030983  0.        ],
[ 0.46630288  0.88462513  0.        ],
[ 0.88945043  0.45703166  0.        ],
[ 0.40331579  0.91506086  0.        ],
[ 0.88690287  0.46195594  0.        ],
[ 0.91027752  0.4139986   0.        ],
[ 0.26999105  0.96286283  0.        ],
[ 0.99351007 -0.11374418  0.        ],
[ 0.64422785  0.76483363  0.        ],
[ 0.99725836 -0.0739984   0.        ],
[ 0.89335476  0.44935207  0.        ],
[ 0.36469464  0.93112718  0.        ],
[ 0.9583093   0.28573288  0.        ],
[ 0.25161036  0.96782861  0.        ],
[ 0.99269719  0.1206329   0.        ],
[ 0.53875566  0.84246207  0.        ],
[ 0.8274007   0.56161205  0.        ],
[ 0.34958512  0.93690461  0.        ],
[ 0.9097467   0.41516376  0.        ],
[ 0.58096755  0.81392672  0.        ],
[ 0.22718213  0.97385229  0.        ],
[ 0.55459059  0.83212336  0.        ],
[ 0.97142511  0.23734627  0.        ],
[ 0.32397343  0.94606618  0.        ],
[ 0.39878498  0.91704446  0.        ],
[ 0.83467276 -0.55074621  0.        ],
[ 0.17360639  0.98481512  0.        ],
[ 0.99651046  0.08346798  0.        ],
[ 0.9885784   0.15070749  0.        ],
[ 0.5296791   0.84819812  0.        ],
[ 0.97639633  0.21598659  0.        ],
[ 0.53449261  0.84517315  0.        ],
[ 0.9223642   0.38632147  0.        ],
[ 0.19744583  0.9803138   0.        ],
[ 0.85237439  0.52293202  0.        ],
[ 0.1529582   0.98823266  0.        ],
[ 0.80085612  0.59885681  0.        ],
[ 0.8090451   0.58774656  0.        ],
[ 0.39780018  0.91747208  0.        ],
[ 0.86906523  0.49469751  0.        ],
[ 0.9523744  -0.30493113  0.        ],
[ 0.9557566   0.29415865  0.        ],
[ 0.80240808 -0.59677573  0.        ],
[ 0.99628558 -0.08611067  0.        ],
[ 0.97459089 -0.2239924   0.        ],
[ 0.82010522  0.57221275  0.        ],
[ 0.56725161  0.82354454  0.        ],
[ 0.34307801  0.93930691  0.        ],
[ 0.23523231  0.97193918  0.        ],
[ 0.33160382  0.94341873  0.        ],
[ 0.32518915  0.94564899  0.        ],
[ 0.44421526  0.89592009  0.        ],
[ 0.51642069  0.85633502  0.        ],
[ 0.99755806  0.06984211  0.        ],
[ 0.99627957  0.08618018  0.        ],
[ 0.93161982  0.36343432  0.        ],
[ 0.91478182 -0.40394829  0.        ],
[ 0.5181322   0.85530054  0.        ],
[ 0.66935869  0.74293939  0.        ],
[ 0.60059814  0.79955105  0.        ],
[ 0.64710676  0.7623994   0.        ],
[ 0.99401017  0.1092876   0.        ],
[ 0.35261396  0.93576888  0.        ],
[ 0.68624902  0.72736668  0.        ],
[ 0.77205578  0.63555477  0.        ],
[ 0.61358453  0.78962904  0.        ],
[ 0.31261366  0.94988036  0.        ],
[ 0.68302388  0.73039604  0.        ],
[ 0.62021143  0.78443469  0.        ],
[ 0.70708719  0.70712638  0.        ],
[ 0.92336206  0.38393033  0.        ],
[ 0.82761586  0.56129492  0.        ],
[ 0.99279641  0.11981356  0.        ],
[ 0.50902496  0.86075176  0.        ],
[ 0.70490499  0.70930173  0.        ],
[ 0.58830096  0.80864206  0.        ],
[ 0.16606836  0.98611424  0.        ],
[ 0.15699836  0.98759886  0.        ],
[ 0.74227932  0.6700906   0.        ],
[ 0.89530907  0.44544547  0.        ],
[ 0.99970972 -0.02409317  0.        ],
[ 0.41033098  0.91193667  0.        ],
[ 0.99704885 -0.07676974  0.        ],
[ 0.46515397  0.88522979  0.        ],
[ 0.84130954 -0.54055365  0.        ],
[ 0.82943217 -0.55860744  0.        ],
[ 0.99906971 -0.04312431  0.        ],
[ 0.95345316  0.30154117  0.        ],
[ 0.9119027   0.41040646  0.        ],
[ 0.61331189  0.78984083  0.        ],
[ 0.63945691  0.76882694  0.        ],
[ 0.99378846 -0.11128564  0.        ],
[ 0.46051935  0.88764967  0.        ],
[ 0.6778002   0.73524614  0.        ],
[ 0.41621295  0.90926717  0.        ],
[ 0.98611866  0.16604212  0.        ],
[ 0.89888113 -0.43819255  0.        ],
[ 0.55776876  0.82999639  0.        ],
[ 0.53972443  0.84184175  0.        ],
[ 0.65675664  0.75410259  0.        ],
[ 0.99588754  0.09059808  0.        ],
[ 0.51416386  0.85769198  0.        ],
[ 0.97271699  0.23199493  0.        ],
[ 0.84121619 -0.54069892  0.        ],
[ 0.30801822  0.95138046  0.        ],
[ 0.98449156 -0.17543192  0.        ],
[ 0.26044125  0.9654897   0.        ],
[ 0.17657075  0.98428795  0.        ],
[ 0.99947921 -0.03226926  0.        ],
[ 0.98257348 -0.1858746   0.        ],
[ 0.97756995 -0.21061099  0.        ],
[ 0.96174394 -0.27394997  0.        ],
[ 0.78400507  0.62075441  0.        ],
[ 0.67638329  0.73654983  0.        ],
[ 0.45899138  0.88844072  0.        ],
[ 0.55269088  0.83338634  0.        ],
[ 0.93431678 -0.35644377  0.        ],
[ 0.82186366 -0.56968424  0.        ],
[ 0.95334799  0.30187351  0.        ],
[ 0.414007   0.9102737  0.       ],
[ 0.77692352  0.62959499  0.        ],
[ 0.22765485  0.97374189  0.        ],
[ 0.727211    0.68641399  0.        ],
[ 0.40111314  0.91602852  0.        ],
[ 0.27187593  0.96233231  0.        ],
[ 0.39724122  0.91771423  0.        ],
[ 0.61918155  0.78524786  0.        ],
[ 0.28391029  0.95885085  0.        ],
[ 0.80827288  0.58880808  0.        ],
[ 0.94766484 -0.31926689  0.        ],
[ 0.38349236  0.92354405  0.        ],
[ 0.35571264  0.93459538  0.        ],
[ 0.99588841 -0.09058853  0.        ],
[ 0.47848924  0.87809342  0.        ],
[ 0.86100615  0.50859455  0.        ],
[ 0.70264041  0.71154512  0.        ],
[ 0.40217769  0.91556164  0.        ],
[ 0.7108008   0.70339337  0.        ],
[ 0.58651623  0.80993747  0.        ],
[ 0.63664027  0.77116092  0.        ],
[ 0.2450895   0.96950046  0.        ],
[ 0.346045    0.93821791  0.        ],
[ 0.9955565   0.09416612  0.        ],
[ 0.99243021 -0.12280992  0.        ],
[ 0.29190419  0.95644757  0.        ],
[ 0.53882072  0.84242046  0.        ],
[ 0.17656075  0.98428975  0.        ],
[ 0.81840191  0.57464625  0.        ],
[ 0.54296672  0.83975422  0.        ],
[ 0.56469867  0.82529717  0.        ],
[ 0.99983397 -0.01822193  0.        ],
[ 0.99816385 -0.06057162  0.        ],
[ 0.32916928  0.94427093  0.        ],
[ 0.45632627  0.88981253  0.        ],
[ 0.86907965  0.49467218  0.        ],
[ 0.92932855 -0.36925391  0.        ],
[ 0.99943674  0.03355908  0.        ],
[ 0.97490905  0.22260355  0.        ],
[ 0.21507552  0.97659742  0.        ],
[ 0.29143263  0.95659136  0.        ],
[ 0.85654865 -0.51606629  0.        ],
[ 0.87286876  0.48795504  0.        ],
[ 0.99564449  0.0932312   0.        ],
[ 0.73122846  0.68213264  0.        ],
[ 0.50085889  0.86552896  0.        ],
[ 0.94860218  0.31647102  0.        ],
[ 0.96607982 -0.25824366  0.        ],
[ 0.45916141  0.88835286  0.        ],
[ 0.90038463 -0.43509483  0.        ],
[ 0.37222198  0.92814374  0.        ],
[ 0.39531359  0.91854622  0.        ],
[ 0.83252895  0.55398154  0.        ],
[ 0.52201013  0.85293928  0.        ],
[ 0.36429948  0.93128185  0.        ],
[ 0.92891436  0.37029464  0.        ],
[ 0.83323015  0.55292632  0.        ],
[ 0.95311443  0.30261013  0.        ],
[ 0.37163404  0.92837931  0.        ],
[ 0.32986913  0.94402667  0.        ],
[ 0.31784682  0.94814208  0.        ],
[ 0.81322483  0.58194964  0.        ],
[ 0.52799808  0.84924556  0.        ],
[ 0.51113713  0.85949918  0.        ],
[ 0.38854157  0.9214312   0.        ],
[ 0.75412024  0.65673637  0.        ],
[ 0.19987736  0.97982092  0.        ],
[ 0.94270083  0.33363924  0.        ],
[ 0.86858921  0.49553283  0.        ],
[ 0.81348612 -0.58158432  0.        ],
[ 0.98727995 -0.15899151  0.        ],
[ 0.29577216  0.95525851  0.        ],
[ 0.30387949  0.95271048  0.        ],
[ 0.89206798 -0.45190124  0.        ],
[ 0.39224233  0.91986192  0.        ],
[ 0.91740645  0.39795151  0.        ],
[ 0.52978373  0.84813277  0.        ],
[ 0.74157054  0.6708749   0.        ],
[ 0.53632323  0.84401268  0.        ],
[ 0.98639358  0.16440104  0.        ],
[ 0.93010896 -0.36728371  0.        ],
[ 0.82031141 -0.57191711  0.        ],
[ 0.81927106  0.57340642  0.        ],
[ 0.80062172  0.59917015  0.        ],
[ 0.18139136  0.98341099  0.        ],
[ 0.32745643  0.94486628  0.        ],
[ 0.99677304 -0.08027146  0.        ],
[ 0.178931    0.98386162  0.        ],
[ 0.98461614  0.17473138  0.        ],
[ 0.89860766  0.43875309  0.        ],
[ 0.82434508 -0.56608762  0.        ],
[ 0.61214258  0.7907474   0.        ],
[ 0.59251703  0.80555793  0.        ],
[ 0.29885875  0.95429736  0.        ],
[ 0.23106459  0.97293841  0.        ],
[ 0.9461683   0.32367505  0.        ],
[ 0.89758309  0.44084531  0.        ],
[ 0.84338895  0.53730352  0.        ],
[ 0.56482185  0.82521287  0.        ],
[ 0.72393169  0.68987167  0.        ],
[ 0.45567789  0.89014474  0.        ],
[ 0.43954752  0.89821934  0.        ],
[ 0.3817978   0.92424588  0.        ],
[ 0.82278646 -0.56835064  0.        ],
[ 0.94589847 -0.32446277  0.        ],
[ 0.896414  -0.4432177  0.       ],
[ 0.50734922  0.86174055  0.        ],
[ 0.87522143  0.48372249  0.        ],
[ 0.97772727  0.20987948  0.        ],
[ 0.52895148  0.84865207  0.        ],
[ 0.35624117  0.93439404  0.        ],
[ 0.22100463  0.97527276  0.        ],
[ 0.54270458  0.83992365  0.        ],
[ 0.58336959  0.81220682  0.        ],
[ 0.50623382  0.86239627  0.        ],
[ 0.20610274  0.97853036  0.        ],
[ 0.98696688  0.1609235   0.        ],
[ 0.67785141  0.73519893  0.        ],
[ 0.90785637  0.41928129  0.        ],
[ 0.33603221  0.94185049  0.        ],
[ 0.36479809  0.93108665  0.        ],
[ 0.87210844  0.48931266  0.        ],
[ 0.74270402  0.66961984  0.        ],
[ 0.63971661  0.76861086  0.        ],
[ 0.32973359  0.94407402  0.        ],
[ 0.42252982  0.90634902  0.        ],
[ 0.55599823  0.83118347  0.        ],
[ 0.36953414  0.92921715  0.        ],
[ 0.39265489  0.91968589  0.        ],
[ 0.82713833  0.56199838  0.        ],
[ 0.90688824 -0.42137123  0.        ],
[ 0.65863189  0.7524653   0.        ],
[ 0.41276075  0.91083948  0.        ],
[ 0.33771058  0.94125     0.        ],
[ 0.96071999  0.27751953  0.        ],
[ 0.49716327  0.86765701  0.        ],
[ 0.99629149 -0.08604221  0.        ],
[ 0.96457475 -0.26380969  0.        ],
[ 0.90154998  0.43267497  0.        ],
[ 0.68764363  0.72604837  0.        ],
[ 0.77580841  0.63096855  0.        ],
[ 0.27507214  0.96142359  0.        ],
[ 0.92438188  0.38146839  0.        ],
[ 0.79002419  0.61307567  0.        ],
[ 0.29364314  0.95591511  0.        ],
[ 0.66351144  0.74816614  0.        ],
[ 0.88393763 -0.46760482  0.        ],
[ 0.96869668  0.24824733  0.        ],
[ 0.16196215  0.98679697  0.        ],
[ 0.51998727  0.85417401  0.        ],
[ 0.38599297  0.92250172  0.        ],
[ 0.34378573  0.93904812  0.        ],
[ 0.71033702  0.70386172  0.        ],
[ 0.7596545   0.65032687  0.        ],
[ 0.90561468 -0.42410146  0.        ],
[ 0.65300061  0.75735738  0.        ],
[ 0.16525899  0.9862502   0.        ],
