[ 0.23217002  0.97267522  0.        ],
[ 0.79626257 -0.60495117  0.        ],
[ 0.90635551 -0.42251591  0.        ],
[ 0.74145755  0.67099978  0.        ],
[ 0.33907858  0.94075805  0.        ],
[ 0.35271261  0.9357317   0.        ],
[ 0.50375589  0.86384605  0.        ],
[ 0.58430225  0.81153613  0.        ],
[ 0.99349659 -0.11386183  0.        ],
[ 0.59756307  0.80182191  0.        ],
[ 0.69591789  0.71812136  0.        ],
[ 0.33118544  0.94356569  0.        ],
[ 0.75257669  0.65850461  0.        ],
[ 0.90894958 -0.41690606  0.        ],
[ 0.96464718 -0.2635447   0.        ],
[ 0.38014882  0.92492533  0.        ],
[ 0.22856858  0.97352781  0.        ],
[ 0.43265588  0.90155914  0.        ],
[ 0.42649614  0.90448938  0.        ],
[ 0.41928052  0.90785673  0.        ],
[ 0.20785875  0.97815885  0.        ],
[ 0.17762933  0.98409747  0.        ],
[ 0.91339585 -0.4070725   0.        ],
[ 0.90785671 -0.41928057  0.        ],
[ 0.29058389  0.95684952  0.        ],
[ 0.91044067 -0.41363968  0.        ],
[ 0.94344711  0.33152307  0.        ],
[ 0.42675737  0.90436616  0.        ],
[ 0.91053018  0.41344261  0.        ],
[ 0.94591627  0.32441088  0.        ],
[ 0.22629889  0.97405791  0.        ],
[ 0.48418548  0.87496538  0.        ],
[ 0.82010794 -0.57220885  0.        ],
[ 0.82882992  0.55950063  0.        ],
[ 0.40377349  0.91485899  0.        ],
[ 0.99952245 -0.03090089  0.        ],
[ 0.41016177  0.91201279  0.        ],
[ 0.51065492  0.85978576  0.        ],
[ 0.98706565  0.16031655  0.        ],
[ 0.9308186  0.3654815  0.       ],
[ 0.90133039 -0.43313223  0.        ],
[ 0.34870293  0.9372333   0.        ],
[ 0.88232345  0.47064352  0.        ],
[ 0.2494382   0.96839072  0.        ],
[ 0.45012656  0.89296477  0.        ],
[ 0.25023737  0.96818452  0.        ],
[ 0.89657265  0.4428967   0.        ],
[ 0.31088192  0.95044854  0.        ],
[ 0.99575098 -0.09208679  0.        ],
[ 0.3621439  0.9321222  0.       ],
[ 0.34376986  0.93905393  0.        ],
[ 0.37102971  0.92862099  0.        ],
[ 0.50460283  0.8633516   0.        ],
[ 0.96803894 -0.25079993  0.        ],
[ 0.99939857  0.03467717  0.        ],
[ 0.58159315  0.81347982  0.        ],
[ 0.20378055  0.97901659  0.        ],
[ 0.99406378  0.10879893  0.        ],
[ 0.93256248 -0.36100861  0.        ],
[ 0.73433839  0.67878356  0.        ],
[ 0.33569828  0.94196957  0.        ],
[ 0.25711543  0.9663807   0.        ],
[ 0.98359159  0.18040948  0.        ],
[ 0.34495138  0.93862055  0.        ],
[ 0.56346239  0.82614171  0.        ],
[ 0.77438001 -0.63272079  0.        ],
[ 0.28629285  0.95814216  0.        ],
[ 0.61326908  0.78987406  0.        ],
[ 0.98078729  0.1950802   0.        ],
[ 0.52157255  0.85320694  0.        ],
[ 0.59442162  0.80415356  0.        ],
[ 0.74283143  0.6694785   0.        ],
[ 0.97297959 -0.23089112  0.        ],
[ 0.82806331  0.56063459  0.        ],
[ 0.41171315  0.91131349  0.        ],
[ 0.60356868  0.79731101  0.        ],
[ 0.35811312  0.93367821  0.        ],
[ 0.52301183  0.85232542  0.        ],
[ 0.92770317  0.37331868  0.        ],
[ 0.33478005  0.9422963   0.        ],
[ 0.30672519  0.95179812  0.        ],
[ 0.16665054  0.98601602  0.        ],
[ 0.66828373  0.74390648  0.        ],
[ 0.92090965 -0.3897761   0.        ],
[ 0.80799471 -0.58918974  0.        ],
[ 0.31630014  0.94865917  0.        ],
[ 0.71924209  0.69475954  0.        ],
[ 0.48382909  0.87516251  0.        ],
[ 0.40594838  0.91389601  0.        ],
[ 0.9026554  -0.43036406  0.        ],
[ 0.28336937  0.95901084  0.        ],
[ 0.89359889  0.44886637  0.        ],
[ 0.22946665  0.97331652  0.        ],
[ 0.40416926  0.91468421  0.        ],
[ 0.9999158   0.01297691  0.        ],
[ 0.94825982 -0.31749539  0.        ],
[ 0.20337469  0.97910098  0.        ],
[ 0.34449431  0.93878841  0.        ],
[ 0.8358612   0.54894085  0.        ],
[ 0.99924424 -0.03887089  0.        ],
