[ 0.  1.  0.],
[-0.02593023  0.99966375  0.        ],
[-0.07496839 -0.99718591  0.        ],
[-0.03102141 -0.99951872  0.        ],
[-0.80675041  0.59089235  0.        ],
[-0.09317485 -0.99564976  0.        ],
[ 0.  1.  0.],
[-0.06340708  0.99798775  0.        ],
[ 0.  1.  0.],
[-0.07430539  0.99723553  0.        ],
[-0.06477517  0.99789988  0.        ],
[  9.34118167e-17   1.00000000e+00   0.00000000e+00],
[-0.97870348  0.20527907  0.        ],
[ 0.  1.  0.],
[ 0.  1.  0.],
[-0.4551093   0.89043558  0.        ],
[-0.11339641  0.99354982  0.        ],
[-0.02137429 -0.99977154  0.        ],
[-0.84881008 -0.52869788  0.        ],
[ -4.66031875e-17   1.00000000e+00   0.00000000e+00],
[-0.01083443 -0.99994131  0.        ],
[-0.72210488 -0.69178359  0.        ],
[ 0.  1.  0.],
[-0.67886258  0.73426535  0.        ],
[-0.24517907 -0.96947781  0.        ],
[-0.50571576  0.86270016  0.        ],
[ 0.  1.  0.],
[ 0.  1.  0.],
[ 0.  1.  0.],
[-0.91286524  0.40826102  0.        ],
[ 0.  1.  0.],
[-0.50938535 -0.86053853  0.        ],
[-0.08645627 -0.99625565  0.        ],
[-0.90381531 -0.42792276  0.        ],
[-0.9541369   0.29937062  0.        ],
[-0.01618838  0.99986896  0.        ],
[-0.92897963 -0.37013086  0.        ],
[ 0.  1.  0.],
[-0.0568431  -0.99838312  0.        ],
[-0.08168234 -0.99665841  0.        ],
[-0.98987545 -0.1419387   0.        ],
[-0.04139869  0.99914271  0.        ],
[-0.09563168 -0.99541679  0.        ],
[-0.02932114 -0.99957004  0.        ],
[-0.06630213 -0.99779959  0.        ],
[-0.05760892 -0.99833923  0.        ],
[  4.50040579e-17   1.00000000e+00   0.00000000e+00],
[ 0.  1.  0.],
[-0.46879747  0.88330568  0.        ],
[ 0.  1.  0.],
[-0.79146228  0.61121802  0.        ],
[-0.56838303  0.82276408  0.        ],
[-0.00143792 -0.99999897  0.        ],
[ 0.  1.  0.],
[-0.71967332  0.69431284  0.        ],
[ 0.  1.  0.],
[ 0.  1.  0.],
[-0.30051555 -0.95377691  0.        ],
[ 0.  1.  0.],
[ 0.  1.  0.],
[ 0.  1.  0.],
[-0.41956201 -0.90772668  0.        ],
[ 0.  1.  0.],
[-0.78251752 -0.62262857  0.        ],
[-0.07810257 -0.99694533  0.        ],
[-0.67733564 -0.73567414  0.        ],
[-0.01603689 -0.9998714   0.        ],
[ 0.  1.  0.],
[ 0.  1.  0.],
[-0.01110055 -0.99993839  0.        ],
[ 0.  1.  0.],
[-0.06673164 -0.99777096  0.        ],
[-0.79549487  0.60596032  0.        ],
[-0.83686749  0.54740551  0.        ],
[-0.04901459 -0.99879806  0.        ],
[-0.36984412 -0.92909382  0.        ],
[-0.05545198 -0.99846136  0.        ],
[-0.07545448  0.99714925  0.        ],
[-0.98974175  0.14286799  0.        ],
[-0.62293955 -0.78226997  0.        ],
[ 0.  1.  0.],
[ 0.  1.  0.],
[-0.63903884 -0.76917447  0.        ],
[-0.08959292 -0.99597847  0.        ],
[ 0.  1.  0.],
[-0.03749153 -0.99929695  0.        ],
[-0.08794218 -0.99612558  0.        ],
[-0.6130293   0.79006017  0.        ],
[-0.15384298 -0.98809531  0.        ],
[ 0.  1.  0.],
[-0.35032851 -0.93662689  0.        ],
[-0.01411848 -0.99990033  0.        ],
[-0.60162509  0.7987786   0.        ],
[-0.92882832  0.37051039  0.        ],
[-0.3065634   0.95185024  0.        ],
[-0.13064641 -0.99142903  0.        ],
[-0.96237793  0.27171439  0.        ],
[-0.81406878 -0.58076848  0.        ],
[-0.0624665  -0.99804706  0.        ],
[-0.0608476  -0.99814707  0.        ],
[-0.45181352  0.89211241  0.        ],
[-0.88529819 -0.46502377  0.        ],
[-0.38794825  0.92168116  0.        ],
[-0.4129341   0.91076091  0.        ],
[-0.08809107 -0.99611243  0.        ],
[-0.21351827  0.97693907  0.        ],
[ 0.  1.  0.],
[ 0.  1.  0.],
[-0.67669166  0.73626653  0.        ],
[ 0.  1.  0.],
[-0.66565623 -0.74625853  0.        ],
[ 0.  1.  0.],
[-0.5961167  0.8028978  0.       ],
[-0.54337987  0.83948694  0.        ],
[ -9.26609158e-17   1.00000000e+00   0.00000000e+00],
[-0.18214891  0.98327096  0.        ],
[ 0.  1.  0.],
[-0.06395022 -0.99795309  0.        ],
[ 0.  1.  0.],
[-0.36983715 -0.92909659  0.        ],
[-0.65118434  0.7589196   0.        ],
[-0.2317614  -0.97277266  0.        ],
[-0.04310634 -0.99907049  0.        ],
[-0.22091525  0.97529301  0.        ],
[  9.53592726e-17   1.00000000e+00   0.00000000e+00],
[ 0.  1.  0.],
[-0.50879899  0.86088535  0.        ],
[-0.15926186 -0.98723637  0.        ],
[ 0.  1.  0.],
[ 0.  1.  0.],
[ 0.  1.  0.],
[-0.02135432 -0.99977197  0.        ],
[-0.88371595 -0.46802364  0.        ],
[-0.37609877 -0.92657958  0.        ],
[  9.11374976e-17   1.00000000e+00   0.00000000e+00],
[-0.96678615  0.25558667  0.        ],
[-0.86901178  0.49479139  0.        ],
[-0.61073331 -0.79183636  0.        ],
[  6.14083593e-18   1.00000000e+00   0.00000000e+00],
[ 0.  1.  0.],
[-0.06619801 -0.99780651  0.        ],
[-0.4606319   0.88759126  0.        ],
[ 0.  1.  0.],
[-0.39352656  0.91931325  0.        ],
[-0.51463933  0.85740677  0.        ],
[-0.88125298 -0.47264489  0.        ],
[-0.08362506  0.99649729  0.        ],
[  1.79026147e-16   1.00000000e+00   0.00000000e+00],
[ 0.  1.  0.],
[ 0.  1.  0.],
[-0.07060597 -0.99750428  0.        ],
[ 0.  1.  0.],
[ 0.  1.  0.],
[-0.05985561 -0.99820705  0.        ],
[-0.38430729  0.92320523  0.        ],
[-0.76868921  0.63962246  0.        ],
[ 0.  1.  0.],
[-0.01315056  0.99991353  0.        ],
[-0.0980073 -0.9951857  0.       ],
[-0.09313904 -0.99565311  0.        ],
[-0.57094758 -0.82098652  0.        ],
[-0.03891226  0.99924263  0.        ],
[ 0.  1.  0.],
[-0.99677905 -0.08019675  0.        ],
[-0.896919   -0.44219487  0.        ],
[ 0.  1.  0.],
[-0.34175392 -0.93978948  0.        ],
[ 0.  1.  0.],
[ 0.  1.  0.],
[ 0.  1.  0.],
[-0.7447151  -0.66738252  0.        ],
[-0.6559201  -0.75483033  0.        ],
[-0.65377224  0.75669139  0.        ],
[-0.9190862  -0.39405653  0.        ],
[ 0.  1.  0.],
[-0.66914032  0.74313608  0.        ],
[ 0.  1.  0.],
[-0.64439215  0.7646952   0.        ],
[-0.72973378 -0.68373138  0.        ],
[-0.02089408 -0.99978169  0.        ],
[ 0.  1.  0.],
[ 0.  1.  0.],
[ 0.  1.  0.],
[-0.5072877  -0.86177676  0.        ],
[ 0.  1.  0.],
[-0.84755709 -0.53070422  0.        ],
[-0.04771449 -0.99886102  0.        ],
[-0.66098701  0.75039735  0.        ],
[-0.02456533  0.99969823  0.        ],
[-0.71327039 -0.70088897  0.        ],
[ 0.  1.  0.],
[-0.36752424  0.93001394  0.        ],
[-0.09584326  0.99539644  0.        ],
[-0.77572024  0.63107694  0.        ],
[-0.32738477  0.94489111  0.        ],
[-0.00478479 -0.99998855  0.        ],
[-0.05042184  0.99872801  0.        ],
[-0.86173108  0.50736529  0.        ],
[-0.41536135  0.9096565   0.        ],
[-0.52483452 -0.85120428  0.        ],
[-0.03698384 -0.99931586  0.        ],
[-0.1683071   0.98573461  0.        ],
[-0.73663629  0.67628913  0.        ],
[ 0.  1.  0.],
[ -4.71777015e-17   1.00000000e+00   0.00000000e+00],
[ 0.  1.  0.],
[-0.03182782  0.99949337  0.        ],
[-0.08439265 -0.99643258  0.        ],
[-0.76644946 -0.64230462  0.        ],
[-0.8464779   0.53242385  0.        ],
[  4.57739602e-17   1.00000000e+00   0.00000000e+00],
[-0.32243159  0.94659277  0.        ],
[-0.03319168  0.999449    0.        ],
[-0.75835436  0.65184252  0.        ],
[ 0.  1.  0.],
[ 0.  1.  0.],
[ 0.  1.  0.],
[  4.50221534e-17   1.00000000e+00   0.00000000e+00],
[-0.9627746  -0.27030552  0.        ],
[ 0.  1.  0.],
[-0.27203779 -0.96228657  0.        ],
[ 0.  1.  0.],
[-0.09765026  0.99522079  0.        ],
[-0.08622515 -0.99627568  0.        ],
[ -1.21548573e-17   1.00000000e+00   0.00000000e+00],
[-0.7973434  0.6035259  0.       ],
[-0.01917922 -0.99981606  0.        ],
[-0.94277947 -0.33341697  0.        ],
[ 0.  1.  0.],
[-0.02417042 -0.99970785  0.        ],
[-0.08467984 -0.99640821  0.        ],
[-0.56689901  0.8237873   0.        ],
[-0.75880318 -0.65132     0.        ],
[ 0.  1.  0.],
[ 0.  1.  0.],
[-0.1352774   0.99080776  0.        ],
[-0.83049444 -0.55702692  0.        ],
[-0.70109541  0.71306747  0.        ],
[-0.79868689 -0.60174683  0.        ],
[-0.3973135  -0.91768294  0.        ],
[-0.01351797 -0.99990863  0.        ],
[ 0.  1.  0.],
[-0.75228929  0.65883292  0.        ],
[-0.67687065 -0.73610198  0.        ],
[-0.02836133 -0.99959774  0.        ],
[ 0.  1.  0.],
[-0.42887354  0.90336454  0.        ],
[-0.99316204 -0.11674398  0.        ],
[ 0.  1.  0.],
[-0.15282154  0.9882538   0.        ],
[-0.97862074  0.20567315  0.        ],
[ 0.  1.  0.],
[-0.01244823 -0.99992252  0.        ],
[-0.79311317 -0.60907429  0.        ],
[ 0.  1.  0.],
[-0.487488   -0.87312969  0.        ],
[-0.60110802  0.79916778  0.        ],
[  9.41665521e-17   1.00000000e+00   0.00000000e+00],
[ 0.  1.  0.],
[ 0.  1.  0.],
[-0.06127138  0.99812114  0.        ],
[-0.2454655   0.96940533  0.        ],
[-0.99993255  0.01161409  0.        ],
[-0.09550326  0.99542912  0.        ],
[ 0.  1.  0.],
[ 0.  1.  0.],
[-0.07188747 -0.99741275  0.        ],
[-0.15212251  0.98836164  0.        ],
[ 0.  1.  0.],
[ 0.  1.  0.],
[-0.96897422  0.24716183  0.        ],
[-0.74079718  0.67172877  0.        ],
[-0.50437203 -0.86348645  0.        ],
[-0.03772101 -0.99928831  0.        ],
[ 0.  1.  0.],
[-0.11448813  0.99342462  0.        ],
[-0.54624975  0.83762236  0.        ],
[-0.99875306  0.04992313  0.        ],
[-0.85135396 -0.52459168  0.        ],
[ 0.  1.  0.],
[-0.35618716  0.93441463  0.        ],
[-0.78823062 -0.61537995  0.        ],
[-0.07807908  0.99694717  0.        ],
[-0.50032038 -0.86584035  0.        ],
[-0.02654094 -0.99964773  0.        ],
[ 0.  1.  0.],
[-0.06210309 -0.99806974  0.        ],
[  4.66668082e-17   1.00000000e+00   0.00000000e+00],
[ -4.73220311e-17   1.00000000e+00   0.00000000e+00],
[ 0.  1.  0.],
[-0.46671738  0.88440652  0.        ],
[-0.0686977  -0.99763752  0.        ],
[ 0.  1.  0.],
[-0.08290894  0.99655713  0.        ],
[-0.90673107 -0.42170934  0.        ],
[-0.02411787  0.99970912  0.        ],
[ 0.  1.  0.],
[ 0.  1.  0.],
[ 0.  1.  0.],
[-0.99639594 -0.08482415  0.        ],
[-0.95203212  0.30599812  0.        ],
[ 0.  1.  0.],
[ -4.75529180e-17   1.00000000e+00   0.00000000e+00],
[ 0.  1.  0.],
[-0.97981641  0.19989947  0.        ],
[ 0.  1.  0.],
[-0.08022118 -0.99677709  0.        ],
[ 0.  1.  0.],
[-0.02272327 -0.99974179  0.        ],
[-0.42647148  0.90450101  0.        ],
[ 0.  1.  0.],
[-0.02795289 -0.99960924  0.        ],
[-0.01302526 -0.99991517  0.        ],
[-0.98306193  0.18327367  0.        ],
[-0.75719284  0.6531914   0.        ],
[-0.79902186 -0.60130198  0.        ],
[ 0.  1.  0.],
[-0.02541552 -0.99967697  0.        ],
[-0.1136015 -0.9935264  0.       ],
[-0.72531954 -0.68841235  0.        ],
[ 0.  1.  0.],
[-0.02573803 -0.99966872  0.        ],
[-0.9925912   0.12150185  0.        ],
[ 0.  1.  0.],
[-0.22154919  0.9751492   0.        ],
[-0.0379896  -0.99927813  0.        ],
[-0.04228234 -0.9991057   0.        ],
[-0.20773066 -0.97818606  0.        ],
[ 0.  1.  0.],
[-0.0051967 -0.9999865  0.       ],
[ 0.  1.  0.],
[ 0.  1.  0.],
[-0.29797785  0.95457278  0.        ],
[ 0.  1.  0.],
[ 0.  1.  0.],
[ 0.  1.  0.],
[ 0.  1.  0.],
[  9.19988142e-17   1.00000000e+00   0.00000000e+00],
[-0.13309464  0.99110333  0.        ],
[-0.99787894 -0.06509704  0.        ],
[-0.94799514 -0.31828479  0.        ],
[-0.60597147  0.79548638  0.        ],
[ 0.  1.  0.],
[-0.00804624 -0.99996763  0.        ],
[ -4.48457877e-17   1.00000000e+00   0.00000000e+00],
[-0.09163051 -0.99579308  0.        ],
[-0.91422973  0.40519626  0.        ],
[-0.05394132  0.99854411  0.        ],
[ 0.  1.  0.],
[ 0.  1.  0.],
[-0.49315158 -0.8699434   0.        ],
[ 0.  1.  0.],
[-0.63755253  0.77040688  0.        ],
[-0.99403945  0.10902095  0.        ],
[ 0.  1.  0.],
[ 0.  1.  0.],
[-0.21845511 -0.975847    0.        ],
[-0.78624541  0.61791435  0.        ],
[-0.02144429  0.99977004  0.        ],
[-0.38208886 -0.92412559  0.        ],
[ -9.84978950e-17   1.00000000e+00   0.00000000e+00],
[-0.02146525 -0.99976959  0.        ],
[-0.20958203 -0.97779107  0.        ],
[-0.69860767  0.71550494  0.        ],
[ 0.  1.  0.],
[-0.98248707  0.18633079  0.        ],
[ 0.  1.  0.],
[ 0.  1.  0.],
[-0.02168485 -0.99976486  0.        ],
[-0.3212311  -0.94700083  0.        ],
[ 0.  1.  0.],
[  2.31790309e-17   1.00000000e+00   0.00000000e+00],
[-0.10035876  0.99495132  0.        ],
[ 0.  1.  0.],
[-0.98369843  0.179826    0.        ],
[ 0.  1.  0.],
[-0.53347205  0.84581769  0.        ],
[ -9.20001821e-17   1.00000000e+00   0.00000000e+00],
[ 0.  1.  0.],
[-0.72300641 -0.69084132  0.        ],
[-0.0852911  -0.99635608  0.        ],
[ 0.  1.  0.],
[-0.04921568  0.99878817  0.        ],
[-0.61962774  0.78489583  0.        ],
[-0.3844618  0.9231409  0.       ],
[ 0.  1.  0.],
[-0.96570405  0.25964532  0.        ],
[-0.22213256  0.97501648  0.        ],
[ 0.  1.  0.],
[ 0.  1.  0.],
[-0.32508278  0.94568556  0.        ],
[-0.0735692  -0.99729011  0.        ],
[ 0.  1.  0.],
[ 0.  1.  0.],
[-0.06223445 -0.99806156  0.        ],
[-0.03180269 -0.99949417  0.        ],
[-0.39556853 -0.91843646  0.        ],
[ 0.  1.  0.],
[-0.2177071  -0.97601415  0.        ],
[-0.66936294  0.74293557  0.        ],
[-0.05972243 -0.99821502  0.        ],
[ 0.  1.  0.],
[-0.69220669  0.72169931  0.        ],
[-0.18631708  0.98248967  0.        ],
[  9.36126143e-17   1.00000000e+00   0.00000000e+00],
[ 0.  1.  0.],
[-0.03061399 -0.99953128  0.        ],
[-0.78182104 -0.6235029   0.        ],
[-0.01354885 -0.99990821  0.        ],
[-0.0193224  -0.99981331  0.        ],
[ 0.  1.  0.],
[ -4.84028212e-17   1.00000000e+00   0.00000000e+00],
[-0.83180108 -0.55507384  0.        ],
[ 0.  1.  0.],
[ 0.  1.  0.],
[ 0.  1.  0.],
[-0.98828401  0.15262608  0.        ],
[-0.09592695 -0.99538838  0.        ],
[-0.82745562  0.56153113  0.        ],
[-0.47507351 -0.87994611  0.        ],
[-0.99879278  0.04912211  0.        ],
[-0.01393572 -0.99990289  0.        ],
[ 0.  1.  0.],
[-0.1052289   0.99444803  0.        ],
[ 0.  1.  0.],
[-0.02270625 -0.99974218  0.        ],
[-0.06272966 -0.99803056  0.        ],
[-0.18754198  0.98225659  0.        ],
[  9.11134541e-17   1.00000000e+00   0.00000000e+00],
[ -1.78787850e-16   1.00000000e+00   0.00000000e+00],
[ 0.  1.  0.],
[-0.79079534  0.61208065  0.        ],
[-0.04965482 -0.99876644  0.        ],
[  4.83325494e-17   1.00000000e+00   0.00000000e+00],
[ 0.  1.  0.],
[-0.98369689  0.17983445  0.        ],
[-0.06570055  0.99783938  0.        ],
[ 0.  1.  0.],
[ 0.  1.  0.],
[-0.04361001 -0.99904863  0.        ],
[-0.73001509 -0.68343103  0.        ],
[ 0.  1.  0.],
[ 0.  1.  0.],
[ 0.  1.  0.],
[ 0.  1.  0.],
[-0.84079777 -0.54134933  0.        ],
[ 0.  1.  0.],
[ 0.  1.  0.],
[ -4.51745543e-17   1.00000000e+00   0.00000000e+00],
[-0.32313753 -0.94635201  0.        ],
[  9.44007799e-17   1.00000000e+00   0.00000000e+00],
[-0.34626734 -0.93813588  0.        ],
[ 0.  1.  0.],
[-0.51040394  0.85993477  0.        ],
[-0.01777045  0.99984209  0.        ],
[-0.53081227  0.84748943  0.        ],
[ 0.  1.  0.],
[-0.98086986 -0.19466462  0.        ],
[ 0.  1.  0.],
[-0.36582275  0.93068454  0.        ],
[-0.63495965  0.7725453   0.        ],
[-0.08062862 -0.99674421  0.        ],
[ -1.83251273e-16   1.00000000e+00   0.00000000e+00],
[-0.02156978 -0.99976735  0.        ],
[-0.17957721 -0.98374388  0.        ],
[-0.17611787 -0.98436908  0.        ],
[ 0.  1.  0.],
[-0.02141403 -0.99977069  0.        ],
[ 0.  1.  0.],
[-0.17847495 -0.98394446  0.        ],
[ 0.  1.  0.],
[-0.8505155   0.52594999  0.        ],
[ 0.  1.  0.],
[-0.80747148  0.5899066   0.        ],
[-0.97896851 -0.20401139  0.        ],
[ 0.  1.  0.],
[-0.06959339 -0.99757544  0.        ],
[-0.93964667  0.34214636  0.        ],
[  1.80937797e-16   1.00000000e+00   0.00000000e+00],
[ 0.  1.  0.],
[ 0.  1.  0.],
[-0.37477324 -0.92711651  0.        ],
[-0.58411776 -0.81166893  0.        ],
[-0.99814873  0.06082035  0.        ],
[ 0.  1.  0.],
[-0.54812213 -0.83639831  0.        ],
[-0.71707012 -0.69700103  0.        ],
[ 0.  1.  0.],
[ 0.  1.  0.],
[ -8.88853029e-17   1.00000000e+00   0.00000000e+00],
[-0.09297438  0.9956685   0.        ],
[-0.3586493   0.93347238  0.        ],
[-0.98720075  0.15948256  0.        ],
[  2.40740880e-17   1.00000000e+00   0.00000000e+00],
[-0.92365856  0.38321647  0.        ],
[ 0.  1.  0.],
[-0.14645309 -0.98921762  0.        ],
[ 0.  1.  0.],
[ 0.  1.  0.],
[-0.52807669 -0.84919668  0.        ],
[-0.94488456  0.32740369  0.        ],
[-0.04648583 -0.99891895  0.        ],
[-0.09480909 -0.99549547  0.        ],
[ 0.  1.  0.],
[-0.01760079 -0.99984509  0.        ],
[-0.99877608  0.04946049  0.        ],
[-0.37880001  0.92547855  0.        ],
[ 0.  1.  0.],
[-0.76118315 -0.64853698  0.        ],
[-0.64545284 -0.76380012  0.        ],
[-0.05504159 -0.99848406  0.        ],
[ 0.  1.  0.],
[ -9.00894350e-17   1.00000000e+00   0.00000000e+00],
[ 0.  1.  0.],
[-0.22455848 -0.97446062  0.        ],
[ 0.  1.  0.],
[ 0.  1.  0.],
[-0.03561764  0.99936549  0.        ],
[  4.49079511e-17   1.00000000e+00   0.00000000e+00],
[-0.10303904 -0.99467731  0.        ],
[-0.0287256  -0.99958733  0.        ],
[-0.15929163 -0.98723157  0.        ],
[-0.09654613 -0.99532851  0.        ],
[-0.97986581 -0.1996572   0.        ],
[ 0.  1.  0.],
[-0.03708407 -0.99931215  0.        ],
[-0.08008974 -0.99678766  0.        ],
[ 0.  1.  0.],
[-0.86922602 -0.49441492  0.        ],
[-0.81121226 -0.5847518   0.        ],
[ 0.  1.  0.],
[ 0.  1.  0.],
[ 0.  1.  0.],
[ 0.  1.  0.],
[-0.02194905 -0.99975909  0.        ],
[-0.74945856  0.66205125  0.        ],
[-0.99266458  0.12090088  0.        ],
[-0.0660744 -0.9978147  0.       ],
[ 0.  1.  0.],
[-0.31621622  0.94868715  0.        ],
[ 0.  1.  0.],
[ 0.  1.  0.],
[ 0.  1.  0.],
[-0.38083011 -0.92464503  0.        ],
[ 0.  1.  0.],
[-0.18991124 -0.98180126  0.        ],
[-0.04506943  0.99898386  0.        ],
[ 0.  1.  0.],
[ 0.  1.  0.],
[-0.3107485  -0.95049217  0.        ],
[ 0.  1.  0.],
[-0.31593532  0.94878073  0.        ],
[ 0.  1.  0.],
[-0.07311268  0.99732369  0.        ],
[-0.95271936 -0.30385165  0.        ],
[ 0.  1.  0.],
[ 0.  1.  0.],
[ 0.  1.  0.],
[-0.847096  -0.5314399  0.       ],
[ 0.  1.  0.],
[-0.69516434  0.71885084  0.        ],
[-0.52887653 -0.84869878  0.        ],
[-0.0452917 -0.9989738  0.       ],
[ 0.  1.  0.],
[-0.98615198  0.16584414  0.        ],
[-0.64839989  0.76129993  0.        ],
[ -2.29323945e-17   1.00000000e+00   0.00000000e+00],
[-0.06187688 -0.99808379  0.        ],
[-0.81234471 -0.58317757  0.        ],
[-0.65107475 -0.75901362  0.        ],
[-0.63802311  0.77001722  0.        ],
[ 0.  1.  0.],
[-0.13414362  0.9909619   0.        ],
[-0.6978219   0.71627131  0.        ],
[-0.43597794 -0.89995735  0.        ],
[-0.01284399 -0.99991751  0.        ],
[-0.00387185 -0.9999925   0.        ],
[ 0.  1.  0.],
[-0.89964134  0.43662967  0.        ],
[  9.29135066e-17   1.00000000e+00   0.00000000e+00],
[-0.38104739 -0.92455551  0.        ],
[-0.3041917  -0.95261084  0.        ],
[-0.37488014 -0.92707329  0.        ],
[-0.06900267 -0.99761648  0.        ],
[ -4.75331920e-17   1.00000000e+00   0.00000000e+00],
[-0.32901283 -0.94432545  0.        ],
[-0.72465976  0.68910683  0.        ],
[-0.57055505  0.82125936  0.        ],
[-0.70792754  0.70628507  0.        ],
[-0.51444926  0.85752082  0.        ],
[ 0.  1.  0.],
[-0.08063609 -0.99674361  0.        ],
[-0.00543997 -0.9999852   0.        ],
[ 0.  1.  0.],
[-0.1488242  -0.98886367  0.        ],
[  9.58705727e-17   1.00000000e+00   0.00000000e+00],
[-0.30257939  0.95312418  0.        ],
[-0.09144227 -0.99581038  0.        ],
[-0.65127685 -0.75884021  0.        ],
[-0.06193689 -0.99808007  0.        ],
[ 0.  1.  0.],
[-0.06593262 -0.99782408  0.        ],
[-0.07260027  0.99736112  0.        ],
[ 0.  1.  0.],
[-0.97122574  0.23816078  0.        ],
[ 0.  1.  0.],
[ 0.  1.  0.],
[-0.03100606 -0.9995192   0.        ],
[ 0.  1.  0.],
[ 0.  1.  0.],
[-0.85316727  0.52163744  0.        ],
[ 0.  1.  0.],
[ 0.  1.  0.],
[-0.30828011 -0.95129563  0.        ],
[ 0.  1.  0.],
[-0.50019376  0.86591351  0.        ],
[-0.39495054 -0.91870239  0.        ],
[-0.6457939   0.76351178  0.        ],
[ 0.  1.  0.],
[-0.00971906 -0.99995277  0.        ],
[-0.00350047 -0.99999387  0.        ],
[-0.8769633   0.48055736  0.        ],
[-0.25677712 -0.96647065  0.        ],
[ 0.  1.  0.],
[ 0.  1.  0.],
[-0.04528587 -0.99897407  0.        ],
[-0.71654588  0.69753996  0.        ],
[-0.05080534  0.99870857  0.        ],
[ 0.  1.  0.],
[ 0.  1.  0.],
[-0.64172595  0.76693403  0.        ],
[ 0.  1.  0.],
[-0.02750864 -0.99962157  0.        ],
[-0.1832485  -0.98306662  0.        ],
[-0.96855035  0.24881765  0.        ],
[-0.05555448 -0.99845566  0.        ],
[-0.65108606  0.75900392  0.        ],
[ 0.  1.  0.],
[-0.08935572  0.99599978  0.        ],
[-0.85124422  0.52476975  0.        ],
[-0.553173  -0.8330664  0.       ],
[-0.40096901 -0.91609162  0.        ],
[-0.72545136  0.68827344  0.        ],
[-0.91695483 -0.39899103  0.        ],
[-0.96280782 -0.27018716  0.        ],
[ 0.  1.  0.],
[-0.5021701  -0.86476886  0.        ],
[-0.93266023 -0.36075601  0.        ],
[-0.48064329  0.8769162   0.        ],
[-0.03798067 -0.99927847  0.        ],
[-0.68314687 -0.73028101  0.        ],
[-0.47296985 -0.88107861  0.        ],
[ 0.  1.  0.],
[ -9.00175369e-17   1.00000000e+00   0.00000000e+00],
[-0.55914932 -0.82906697  0.        ],
[-0.55558737  0.83145816  0.        ],
[-0.67429726 -0.73846002  0.        ],
[-0.03699442 -0.99931547  0.        ],
[ 0.  1.  0.],
[ 0.  1.  0.],
[-0.16797724  0.98579087  0.        ],
[-0.03785104 -0.99928339  0.        ],
[-0.14785459  0.98900911  0.        ],
[ 0.  1.  0.],
[-0.07208837 -0.99739825  0.        ],
[-0.97253899  0.23274001  0.        ],
[ 0.  1.  0.],
[-0.83758843 -0.54630176  0.        ],
[-0.71762574 -0.69642896  0.        ],
[-0.33573423  0.94195675  0.        ],
[-0.38554064  0.92269086  0.        ],
[ 0.  1.  0.],
[-0.5384914 -0.842631   0.       ],
[ 0.  1.  0.],
[-0.0123646  -0.99992356  0.        ],
[-0.04737547 -0.99887715  0.        ],
[-0.99779026  0.06644249  0.        ],
[-0.39735566  0.91766469  0.        ],
[-0.37317639  0.92776041  0.        ],
[-0.94610975 -0.32384618  0.        ],
[-0.42828699 -0.90364277  0.        ],
[-0.06405332  0.99794648  0.        ],
[-0.00285176 -0.99999593  0.        ],
[-0.06768251 -0.99770691  0.        ],
[ 0.  1.  0.],
[ 0.  1.  0.],
[ 0.  1.  0.],
[-0.03016252  0.99954501  0.        ],
[-0.9107286  -0.41300534  0.        ],
[-0.03761486 -0.99929231  0.        ],
[ 0.  1.  0.],
[-0.54507973  0.83838422  0.        ],
[ 0.  1.  0.],
[ -9.77759772e-17   1.00000000e+00   0.00000000e+00],
[ 0.  1.  0.],
[ 0.  1.  0.],
[ 0.  1.  0.],
[  4.63234242e-17   1.00000000e+00   0.00000000e+00],
[-0.1214239   0.99260074  0.        ],
[  9.86822172e-17   1.00000000e+00   0.00000000e+00],
[-0.98006057 -0.19869894  0.        ],
[-0.38673749  0.92218984  0.        ],
[-0.16438323 -0.98639655  0.        ],
[-0.86626547 -0.49958396  0.        ],
[-0.35883826  0.93339976  0.        ],
[-0.3009233   0.95364835  0.        ],
[-0.98851259 -0.15113852  0.        ],
[-0.65105894 -0.75902718  0.        ],
[-0.00687552 -0.99997636  0.        ],
[ 0.  1.  0.],
[-0.04099024  0.99915955  0.        ],
[-0.85109574 -0.52501052  0.        ],
[-0.28930104 -0.95723817  0.        ],
[-0.04988807  0.99875482  0.        ],
[ 0.  1.  0.],
[ -2.43488265e-17   1.00000000e+00   0.00000000e+00],
[-0.05550283  0.99845853  0.        ],
[ 0.  1.  0.],
[ 0.  1.  0.],
[-0.07529059 -0.99716164  0.        ],
[ 0.  1.  0.],
[-0.80143685 -0.5980794   0.        ],
[-0.04899192 -0.99879917  0.        ],
[ 0.  1.  0.],
[ -5.46555856e-04   9.99999851e-01   0.00000000e+00],
[-0.08746477 -0.99616761  0.        ],
[-0.2067334   0.97839731  0.        ],
[-0.77640484 -0.6302345   0.        ],
[-0.65143657 -0.7587031   0.        ],
[ 0.  1.  0.],
[ 0.  1.  0.],
[-0.90358105 -0.42841718  0.        ],
[-0.78915965 -0.61418812  0.        ],
[-0.31021928 -0.95066503  0.        ],
[ 0.  1.  0.],
[ 0.  1.  0.],
[ 0.  1.  0.],
[ 0.  1.  0.],
[-0.24084249 -0.97056421  0.        ],
[-0.65873878  0.75237173  0.        ],
[-0.73630026  0.67665495  0.        ],
[-0.11838512  0.99296776  0.        ],
[-0.09250896 -0.99571185  0.        ],
[ 0.  1.  0.],
[-0.14793084  0.98899771  0.        ],
[-0.39480301 -0.91876579  0.        ],
[ 0.  1.  0.],
[-0.2105335   0.97758664  0.        ],
[-0.06388024 -0.99795757  0.        ],
[-0.10156202 -0.99482921  0.        ],
[-0.01625598 -0.99986786  0.        ],
[-0.02697202 -0.99963619  0.        ],
[ 0.  1.  0.],
[-0.49107834 -0.87111541  0.        ],
[ 0.  1.  0.],
[-0.0257915  -0.99966734  0.        ],
[-0.79489473 -0.60674737  0.        ],
[-0.90351832 -0.42854947  0.        ],
[-0.95428819  0.29888802  0.        ],
[  4.47904585e-17   1.00000000e+00   0.00000000e+00],
[-0.94853135  0.31668326  0.        ],
[  9.07424827e-17   1.00000000e+00   0.00000000e+00],
[-0.88188326  0.47146782  0.        ],
[-0.20047096  0.97969964  0.        ],
[ -9.32053043e-17   1.00000000e+00   0.00000000e+00],
[-0.62966094  0.77687007  0.        ],
[-0.5562304   0.83102812  0.        ],
[-0.06177426 -0.99809015  0.        ],
[-0.01361313  0.99990734  0.        ],
[ 0.  1.  0.],
[-0.83168111 -0.55525358  0.        ],
[ -9.25621543e-17   1.00000000e+00   0.00000000e+00],
[-0.07307359 -0.99732655  0.        ],
[ 0.  1.  0.],
[ 0.  1.  0.],
[-0.6296955   0.77684206  0.        ],
[-0.99172904 -0.12834917  0.        ],
[-0.75878471  0.65134151  0.        ],
[-0.02234712 -0.99975027  0.        ],
[-0.32508656  0.94568426  0.        ],
[-0.43212615  0.90181317  0.        ],
[ 0.  1.  0.],
[ 0.  1.  0.],
[ 0.  1.  0.],
[ 0.  1.  0.],
[-0.04471254 -0.99899989  0.        ],
[-0.01352339 -0.99990855  0.        ],
[-0.81677887  0.57695084  0.        ],
[ 0.  1.  0.],
[-0.73032701 -0.68309769  0.        ],
[ 0.  1.  0.],
[-0.00273383 -0.99999626  0.        ],
[-0.42605889 -0.90469543  0.        ],
[-0.57812554  0.81594783  0.        ],
[-0.98905435 -0.14755165  0.        ],
[-0.6491625   0.76064976  0.        ],
[ 0.  1.  0.],
[-0.03550246 -0.99936959  0.        ],
[-0.84508116 -0.53463804  0.        ],
[-0.864478   -0.50267066  0.        ],
[-0.03197066 -0.99948881  0.        ],
[-0.03739986 -0.99930038  0.        ],
[-0.0163871   0.99986572  0.        ],
[-0.25141045  0.96788056  0.        ],
[-0.46951602 -0.88292395  0.        ],
[ 0.  1.  0.],
[ 0.  1.  0.],
[ 0.  1.  0.],
[-0.71001085  0.70419074  0.        ],
[-0.54525393  0.83827093  0.        ],
[-0.0922906  -0.99573212  0.        ],
[-0.48772135 -0.87299936  0.        ],
[  5.55941820e-18   1.00000000e+00   0.00000000e+00],
[-0.45957088 -0.8881411   0.        ],
[ -9.77733100e-17   1.00000000e+00   0.00000000e+00],
[-0.0873365   0.99617887  0.        ],
[ -4.44499119e-17   1.00000000e+00   0.00000000e+00],
[-0.6908059   0.72304025  0.        ],
[-0.99339238 -0.11476746  0.        ],
[ 0.  1.  0.],
[-0.06713399  0.99774397  0.        ],
[-0.43809652  0.89892794  0.        ],
[ 0.  1.  0.],
[-0.37716921 -0.92614436  0.        ],
[ 0.  1.  0.],
[ 0.  1.  0.],
[-0.26063063 -0.96543859  0.        ],
[-0.02334979 -0.99972736  0.        ],
[-0.03328753 -0.99944582  0.        ],
[-0.03023875 -0.9995427   0.        ],
[ 0.  1.  0.],
[-0.2070474  -0.97833091  0.        ],
[-0.38641013 -0.92232706  0.        ],
[-0.75565911 -0.65496513  0.        ],
[-0.04833144 -0.99883135  0.        ],
[-0.64814732  0.76151497  0.        ],
[-0.06452417  0.99791614  0.        ],
[ 0.  1.  0.],
[-0.76734081 -0.64123948  0.        ],
[ 0.  1.  0.],
[ 0.  1.  0.],
[-0.47942453 -0.87758311  0.        ],
[ 0.  1.  0.],
[  2.30484604e-17   1.00000000e+00   0.00000000e+00],
[ 0.  1.  0.],
[-0.99279477  0.11982715  0.        ],
[-0.44947891 -0.89329094  0.        ],
[ 0.  1.  0.],
[-0.95297013 -0.30306425  0.        ],
[-0.02271515 -0.99974198  0.        ],
[-0.37078472  0.92871884  0.        ],
[-0.3126326  -0.94987413  0.        ],
[-0.27058208 -0.96269691  0.        ],
[ 0.  1.  0.],
[ 0.  1.  0.],
[ 0.  1.  0.],
[-0.83858543 -0.54477012  0.        ],
[-0.91037566 -0.41378273  0.        ],
[-0.5179246   0.85542628  0.        ],
[ 0.  1.  0.],
[ 0.  1.  0.],
[-0.01285178  0.99991741  0.        ],
[-0.00267788 -0.99999641  0.        ],
[ 0.  1.  0.],
[-0.00155606 -0.99999879  0.        ],
[ 0.  1.  0.],
[ -9.15184415e-17   1.00000000e+00   0.00000000e+00],
[ 0.  1.  0.],
[-0.6106929  -0.79186753  0.        ],
[  9.13886928e-17   1.00000000e+00   0.00000000e+00],
[ 0.  1.  0.],
[-0.33356544  0.94272695  0.        ],
[ 0.  1.  0.],
[ -4.69409568e-17   1.00000000e+00   0.00000000e+00],
[-0.99633446  0.08554323  0.        ],
[-0.68898543 -0.72477519  0.        ],
[-0.00654631 -0.99997857  0.        ],
[-0.01971496 -0.99980564  0.        ],
[ 0.  1.  0.],
[-0.37318957 -0.92775511  0.        ],
[-0.46766315 -0.88390677  0.        ],
[ 0.  1.  0.],
[-0.48150414  0.87644382  0.        ],
[-0.34207764  0.93967169  0.        ],
[-0.42870673 -0.90344371  0.        ],
[-0.72379491  0.69001517  0.        ],
[-0.09754923  0.9952307   0.        ],
[-0.00402783  0.99999189  0.        ],
[ 0.  1.  0.],
[-0.56572195  0.82459607  0.        ],
[ 0.  1.  0.],
[-0.99902514  0.04414494  0.        ],
[ 0.  1.  0.],
[-0.50502306 -0.86310585  0.        ],
[-0.04085961 -0.9991649   0.        ],
[-0.49529192  0.86872661  0.        ],
[ 0.  1.  0.],
[-0.96254692  0.27111516  0.        ],
[-0.26978507  0.96292056  0.        ],
[-0.88029588 -0.47442508  0.        ],
[ 0.  1.  0.],
[-0.73063322  0.68277017  0.        ],
[-0.21906066  0.97571124  0.        ],
[-0.75662359  0.6538507   0.        ],
[-0.52121037 -0.85342823  0.        ],
[ 0.  1.  0.],
[-0.95020895  0.31161346  0.        ],
[ 0.  1.  0.],
[-0.01425469 -0.9998984   0.        ],
[-0.99308843 -0.1173685   0.        ],
[-0.09350265 -0.99561903  0.        ],
[ 0.  1.  0.],
[-0.52118539 -0.85344349  0.        ],
[-0.85544663 -0.51789097  0.        ],
[ 0.  1.  0.],
[-0.43681147 -0.89955308  0.        ],
[ 0.  1.  0.],
[-0.03320396 -0.9994486   0.        ],
[ 0.  1.  0.],
[-0.36637217  0.9304684   0.        ],
[-0.44691976 -0.89457405  0.        ],
[-0.9062797  0.4226785  0.       ],
[ 0.  1.  0.],
[-0.08836996  0.99608772  0.        ],
[-0.89846471  0.43904574  0.        ],
[-0.83161552  0.55535181  0.        ],
[-0.5465351 -0.8374362  0.       ],
[-0.40224634  0.91553148  0.        ],
[ -4.77470932e-17   1.00000000e+00   0.00000000e+00],
[ 0.  1.  0.],
[-0.79471164  0.60698716  0.        ],
[-0.6748254  -0.73797743  0.        ],
[-0.4716521   0.88178472  0.        ],
[-0.02251946 -0.9997464   0.        ],
[-0.99973279  0.0231159   0.        ],
[ 0.  1.  0.],
[  2.39169141e-17   1.00000000e+00   0.00000000e+00],
[-0.24868509  0.96858439  0.        ],
[-0.0034958   0.99999389  0.        ],
[-0.30904005  0.95104903  0.        ],
[-0.00363133 -0.99999341  0.        ],
[-0.1251733  -0.99213489  0.        ],
[-0.65358327  0.75685461  0.        ],
[ -1.89553076e-16   1.00000000e+00   0.00000000e+00],
[-0.55425617 -0.83234614  0.        ],
[ 0.  1.  0.],
[-0.34490927  0.93863603  0.        ],
[ 0.  1.  0.],
[-0.31141081 -0.95027538  0.        ],
[ 0.  1.  0.],
[-0.04051154  0.99917907  0.        ],
[ 0.  1.  0.],
[-0.02960667 -0.99956163  0.        ],
[-0.64078308  0.76772198  0.        ],
[-0.64461925  0.76450378  0.        ],
[-0.3560597   0.93446321  0.        ],
[ 0.  1.  0.],
[-0.84154235 -0.54019114  0.        ],
[ 0.  1.  0.],
[ 0.  1.  0.],
[-0.30602074  0.95202485  0.        ],
[ 0.  1.  0.],
[-0.07138292 -0.99744899  0.        ],
[-0.01724274 -0.99985133  0.        ],
[ 0.  1.  0.],
[ -9.56783313e-17   1.00000000e+00   0.00000000e+00],
[-0.45845022 -0.88872009  0.        ],
[  9.23260562e-17   1.00000000e+00   0.00000000e+00],
[-0.0090462  -0.99995908  0.        ],
[-0.76262599  0.6468397   0.        ],
[-0.5495993  0.8354284  0.       ],
[ -6.09621126e-18   1.00000000e+00   0.00000000e+00],
[ 0.  1.  0.],
[-0.6821611  -0.73120191  0.        ],
[ 0.  1.  0.],
[-0.01453584 -0.99989435  0.        ],
[-0.14791571 -0.98899997  0.        ],
[-0.93481632 -0.35513158  0.        ],
[-0.97047433  0.24120443  0.        ],
[-0.53003219 -0.84797752  0.        ],
[-0.01184207 -0.99992988  0.        ],
[-0.29075969  0.95679611  0.        ],
[ 0.  1.  0.],
[  9.54984539e-17   1.00000000e+00   0.00000000e+00],
[-0.28371159  0.95890966  0.        ],
[ 0.  1.  0.],
[-0.13341462 -0.99106031  0.        ],
[-0.01296758  0.99991592  0.        ],
[-0.05455566 -0.99851073  0.        ],
[-0.47884764  0.87789802  0.        ],
[ 0.  1.  0.],
[-0.86579087  0.50040601  0.        ],
[-0.22142473  0.97517747  0.        ],
[-0.43060181 -0.90254201  0.        ],
[-0.73314254 -0.68007501  0.        ],
[ 0.  1.  0.],
[-0.87224442  0.48907022  0.        ],
[ 0.  1.  0.],
[-0.00245896 -0.99999698  0.        ],
[ 0.  1.  0.],
