[-0.81505622  0.57938187  0.        ],
[-0.71837284  0.69565829  0.        ],
[-0.21440042  0.97674585  0.        ],
[-0.49917197  0.86650294  0.        ],
[-0.98664357 -0.16289401  0.        ],
[-0.84668666 -0.53209181  0.        ],
[-0.82184157 -0.56971609  0.        ],
[-0.99969449  0.02471709  0.        ],
[-0.99061228  0.13670155  0.        ],
[-0.261179    0.96529039  0.        ],
[-0.09446154  0.99552851  0.        ],
[-0.89691346 -0.44220612  0.        ],
[-0.3856535   0.92264369  0.        ],
[-0.8941902   0.44768726  0.        ],
[-0.98500746 -0.17251174  0.        ],
[-0.19289403  0.9812196   0.        ],
[-0.77919576 -0.62678063  0.        ],
[-0.89899383  0.43796129  0.        ],
[-0.74750022  0.66426156  0.        ],
[-0.66125674  0.75015966  0.        ],
[-0.90904615  0.41669544  0.        ],
[-0.79765001 -0.6031206   0.        ],
[-0.54122873 -0.84087542  0.        ],
[-0.8536421  -0.52086002  0.        ],
[-0.19581056  0.98064174  0.        ],
[-0.99997965 -0.00637972  0.        ],
[-0.62975967  0.77679003  0.        ],
[-0.74766125 -0.66408031  0.        ],
[-0.1283755   0.99172563  0.        ],
[-0.41644653  0.90916021  0.        ],
[-0.72668427  0.6869716   0.        ],
[-0.69682646 -0.71723976  0.        ],
[-0.85714795 -0.51507027  0.        ],
[-0.93911482  0.3436035   0.        ],
[-0.98762917 -0.15680761  0.        ],
[-0.57462633 -0.8184159   0.        ],
[-0.96874356  0.24806434  0.        ],
[-0.68070129 -0.73256109  0.        ],
[-0.69757802  0.71650883  0.        ],
[-0.48048578  0.87700252  0.        ],
[-0.4360645   0.89991541  0.        ],
[-0.8759436   0.48241353  0.        ],
[-0.14422053  0.98954557  0.        ],
[-0.94163946 -0.33662313  0.        ],
[-0.28602156  0.95822318  0.        ],
[-0.58234153  0.81294425  0.        ],
[-0.60381437 -0.79712496  0.        ],
[-0.62574281 -0.78002945  0.        ],
[-0.96183056  0.27364572  0.        ],
[-0.86909441  0.49464624  0.        ],
[-0.82809809 -0.56058323  0.        ],
[-0.74611842 -0.66581327  0.        ],
[-0.97830867 -0.20715248  0.        ],
[-0.87540703 -0.48338653  0.        ],
[-0.83388835  0.55193317  0.        ],
[-0.57556154  0.81775847  0.        ],
[-0.35286856  0.9356729   0.        ],
[-0.07788345  0.99696247  0.        ],
[-0.16053112  0.98703078  0.        ],
[-0.89730179  0.44141759  0.        ],
[-0.28872555  0.9574119   0.        ],
[-0.82611504 -0.5635015   0.        ],
[-0.63606721 -0.77163366  0.        ],
[-0.62041236 -0.78427579  0.        ],
[-0.97661209 -0.21500888  0.        ],
[-0.15084804  0.98855696  0.        ],
[-0.87888315  0.47703712  0.        ],
[-0.305709    0.95212499  0.        ],
[-0.98556243  0.1693124   0.        ],
[-0.97257319 -0.23259705  0.        ],
[-0.75211726 -0.6590293   0.        ],
[-0.57496601 -0.81817729  0.        ],
[-0.92089634 -0.38980756  0.        ],
[-0.97317532 -0.23006477  0.        ],
[-0.49284433  0.8701175   0.        ],
[-0.96542688  0.26067399  0.        ],
[-0.45273033  0.89164749  0.        ],
[-0.90942022  0.41587842  0.        ],
[-0.99487254  0.10113665  0.        ],
[-0.619668    0.78486405  0.        ],
[-0.99979799  0.02009945  0.        ],
[-0.99953547  0.03047709  0.        ],
[-0.94331959  0.33188574  0.        ],
[-0.54593819 -0.83782546  0.        ],
[-0.94438854  0.32883169  0.        ],
[-0.68267506  0.73072208  0.        ],
[-0.54961578 -0.83541756  0.        ],
[-0.97622353  0.21676629  0.        ],
[-0.5482097  -0.83634091  0.        ],
[-0.94904362  0.31514475  0.        ],
[-0.54737421 -0.83688797  0.        ],
[-0.75023755 -0.66116838  0.        ],
[-0.01817563  0.99983481  0.        ],
[-0.91061083 -0.41326494  0.        ],
[-0.94851996  0.31671736  0.        ],
[-0.69443881 -0.71955176  0.        ],
[-0.37674299  0.92631783  0.        ],
[-0.4488217   0.89362133  0.        ],
[-0.98198349 -0.18896671  0.        ],
[-0.36856088  0.92960361  0.        ],
[-0.95911989  0.28300006  0.        ],
[-0.53630503 -0.84402424  0.        ],
[-0.67075589 -0.74167819  0.        ],
[-0.97784007  0.20935328  0.        ],
[-0.68227882  0.73109207  0.        ],
[-0.81647537 -0.57738026  0.        ],
[-0.83421104  0.55144532  0.        ],
[-0.62311631 -0.78212919  0.        ],
[-0.33387475  0.94261745  0.        ],
[-0.90394909  0.42764009  0.        ],
[-0.55860214 -0.82943574  0.        ],
[-0.19216336  0.98136295  0.        ],
[-0.96949724 -0.24510223  0.        ],
[-0.77502975  0.63192474  0.        ],
[-0.5297792  0.8481356  0.       ],
[-0.71768339  0.69636955  0.        ],
[-0.38928276  0.92111831  0.        ],
[-0.56363101 -0.82602669  0.        ],
[-0.68345185 -0.7299956   0.        ],
[-0.09800317  0.9951861   0.        ],
[-0.84194797  0.53955873  0.        ],
[-0.62241049 -0.78269099  0.        ],
[-0.66926146  0.74302698  0.        ],
[-0.99991846 -0.01277024  0.        ],
[-0.03168379  0.99949794  0.        ],
[-0.64824841 -0.76142892  0.        ],
[-0.99944694  0.03325371  0.        ],
[-0.99997805  0.00662496  0.        ],
[-0.99288643  0.11906523  0.        ],
[-0.77036124 -0.63760769  0.        ],
[-0.6774223   0.73559433  0.        ],
[-0.77911914 -0.62687588  0.        ],
[-0.71450797 -0.6996273   0.        ],
[-0.60659907  0.7950079   0.        ],
[-0.56543885 -0.82479022  0.        ],
[-0.99333043  0.11530244  0.        ],
[-0.54803274 -0.83645688  0.        ],
[-0.17322188  0.98488283  0.        ],
[-0.53896983 -0.84232507  0.        ],
[-0.98090057  0.1945098   0.        ],
[-0.77433253  0.6327789   0.        ],
[-0.98764864 -0.15668495  0.        ],
[-0.51850131  0.85507683  0.        ],
[-0.968152    0.25036313  0.        ],
[-0.54036687 -0.84142953  0.        ],
[-0.99074681 -0.13572309  0.        ],
[-0.99750348 -0.07061733  0.        ],
[-0.3757268   0.92673048  0.        ],
[-0.66285052 -0.74875175  0.        ],
[-0.89889229 -0.43816966  0.        ],
[-0.58420294 -0.81160762  0.        ],
[-0.92306046  0.38465489  0.        ],
[-0.55433518 -0.83229352  0.        ],
[-0.71973075 -0.6942533   0.        ],
[-0.97649715  0.21553031  0.        ],
[-0.69782581  0.71626751  0.        ],
[-0.99132864  0.13140596  0.        ],
[-0.70319981  0.71099228  0.        ],
[-0.56838478  0.82276287  0.        ],
[-0.82468281 -0.56559549  0.        ],
[-0.30965122  0.95085021  0.        ],
[-0.69740958  0.71667278  0.        ],
[-0.988195    0.15320132  0.        ],
[-0.82271854 -0.56844895  0.        ],
[-0.60561327  0.79575911  0.        ],
[-0.68280067 -0.73060472  0.        ],
[-0.86844455  0.4957863   0.        ],
[-0.82216804 -0.56924487  0.        ],
[-0.22493337  0.97437415  0.        ],
[-0.8007147  -0.59904588  0.        ],
[-0.64387668 -0.76512928  0.        ],
[-0.80544594 -0.59266924  0.        ],
[-0.9798738  -0.19961797  0.        ],
[-0.57264088 -0.81980633  0.        ],
[-0.78919266 -0.6141457   0.        ],
[-0.72031389  0.69364825  0.        ],
[-0.99825493 -0.05905159  0.        ],
[-0.88164673  0.47191     0.        ],
[-0.95131795  0.30821123  0.        ],
[-0.93953446 -0.34245437  0.        ],
[-0.74866103  0.66295299  0.        ],
[-0.57823674 -0.81586903  0.        ],
[-0.7140643  -0.70008012  0.        ],
[-0.34880821  0.93719413  0.        ],
[-0.99530689  0.09676879  0.        ],
[-0.19365611  0.98106947  0.        ],
[-0.57586698  0.81754341  0.        ],
[-0.53497506 -0.84486785  0.        ],
[-0.99730725  0.07333649  0.        ],
[-0.83880862  0.54442639  0.        ],
[-0.78813627 -0.61550079  0.        ],
[-0.94754156  0.31963259  0.        ],
[-0.55671542 -0.83070328  0.        ],
[-0.86888544 -0.49501322  0.        ],
[-0.85730685  0.51480575  0.        ],
[-0.05256638  0.99861743  0.        ],
[-0.79942709  0.60076312  0.        ],
[-0.70493567 -0.70927124  0.        ],
[-0.90292888 -0.42978999  0.        ],
[-0.74155166 -0.67089577  0.        ],
[-0.39884613  0.91701787  0.        ],
[-0.56318636  0.82632991  0.        ],
[-0.53944807 -0.84201887  0.        ],
[-0.79169406 -0.61091776  0.        ],
[-0.95218262 -0.30552947  0.        ],
[-0.64770711  0.76188943  0.        ],
[-0.96765561  0.25227489  0.        ],
[-0.83744638 -0.54651949  0.        ],
[-0.70004527  0.71409847  0.        ],
[-0.93156656  0.36357081  0.        ],
[-0.05222793  0.99863519  0.        ],
[-0.82936935  0.55870071  0.        ],
[-0.70791865 -0.70629398  0.        ],
[-0.99745113  0.071353    0.        ],
[-0.84696617  0.5316468   0.        ],
[-0.16383651  0.9864875   0.        ],
[-0.47720567  0.87879164  0.        ],
[-0.38164395  0.92430942  0.        ],
[-0.50543653  0.86286379  0.        ],
[-0.84858545 -0.52905835  0.        ],
[-0.56901228  0.82232903  0.        ],
[-0.99547828 -0.09498939  0.        ],
[-0.99872836 -0.05041483  0.        ],
[-0.69738119 -0.71670041  0.        ],
[-0.81913555 -0.57359999  0.        ],
[-0.99999336  0.00364438  0.        ],
[-0.81263794 -0.58276889  0.        ],
[-0.55276224  0.83333901  0.        ],
[-0.78629207 -0.61785499  0.        ],
[-0.15860442  0.98734221  0.        ],
[-0.67444185  0.73832797  0.        ],
[-0.92233051  0.38640189  0.        ],
[-0.84644571 -0.53247504  0.        ],
[-0.42800652  0.90377565  0.        ],
[-0.73661073 -0.67631696  0.        ],
[-0.17841882  0.98395464  0.        ],
[-0.4711279   0.88206491  0.        ],
[-0.99754361  0.07004817  0.        ],
[-0.99256882  0.12168462  0.        ],
[-0.80876392 -0.58813343  0.        ],
[-0.35807349  0.93369341  0.        ],
[-0.88899546 -0.45791601  0.        ],
[-0.25635583  0.96658248  0.        ],
[-0.99244054 -0.12272645  0.        ],
[-0.0902643   0.99591785  0.        ],
[-0.47807587  0.87831854  0.        ],
[-0.54698793 -0.83714049  0.        ],
[-0.65441576 -0.75613492  0.        ],
[-0.27232294  0.96220591  0.        ],
[-0.50713538  0.86186641  0.        ],
[-0.84201365  0.53945622  0.        ],
[-0.68149867  0.73181935  0.        ],
[-0.90069454 -0.43445292  0.        ],
[-0.63599634 -0.77169207  0.        ],
[-0.68339074  0.7300528   0.        ],
[-0.98652988  0.16358117  0.        ],
[-0.80579602 -0.59219319  0.        ],
[-0.58180789 -0.81332624  0.        ],
[-0.98391662  0.17862836  0.        ],
[-0.77635841 -0.63029169  0.        ],
[-0.94830807  0.31735122  0.        ],
[-0.81037395  0.58591302  0.        ],
[-0.77255421  0.63494882  0.        ],
[-0.84885017  0.5286335   0.        ],
[-0.93466034 -0.3555419   0.        ],
[-0.97780963  0.20949541  0.        ],
[-0.99443543 -0.10534788  0.        ],
[-0.00730078  0.99997335  0.        ],
[-0.83338074  0.55269932  0.        ],
[-0.82306049 -0.56795372  0.        ],
[-0.91016235  0.41425173  0.        ],
[-0.76432717 -0.64482865  0.        ],
[-0.80441623 -0.5940661   0.        ],
[-0.67086945 -0.74157547  0.        ],
[-0.96127239  0.27560007  0.        ],
[-0.86580127 -0.50038802  0.        ],
[-0.94806198  0.31808565  0.        ],
[-0.57450537 -0.81850081  0.        ],
[-0.63795287  0.77007541  0.        ],
[-0.552473  -0.8335308  0.       ],
[-0.64064769  0.76783497  0.        ],
[-0.99987347  0.0159076   0.        ],
[-0.97679401  0.21418091  0.        ],
[-0.55185938 -0.83393718  0.        ],
[-0.57038611  0.8213767   0.        ],
[-0.8180601  -0.57513275  0.        ],
[-0.7380088   0.67479109  0.        ],
[-0.57150858  0.82059609  0.        ],
[-0.69514965  0.71886505  0.        ],
[-0.78029397  0.62541292  0.        ],
[-0.29536461  0.95538461  0.        ],
[-0.70106635  0.71309605  0.        ],
[-0.49710557  0.86769007  0.        ],
[-0.95327926  0.30209047  0.        ],
[-0.60187767  0.7985883   0.        ],
[-0.59960649  0.80029498  0.        ],
[-0.16636252  0.98606466  0.        ],
[-0.18147698  0.98339519  0.        ],
[-0.86500357  0.50176571  0.        ],
[-0.66468349 -0.74712506  0.        ],
[-0.57628857 -0.81724628  0.        ],
[-0.97066553  0.24043384  0.        ],
[-0.96209871  0.27270144  0.        ],
[-0.70708598  0.70712759  0.        ],
[-0.99905924  0.04336637  0.        ],
[-0.83771361  0.5461098   0.        ],
[-0.55610773 -0.83111022  0.        ],
[-0.41744202  0.90870356  0.        ],
[-0.03052274  0.99953407  0.        ],
[-0.66563193  0.7462802   0.        ],
[-0.80243137 -0.59674442  0.        ],
[-0.10442286  0.99453299  0.        ],
[-0.78109449  0.62441284  0.        ],
[-0.87073054  0.49176044  0.        ],
[-0.97359311 -0.22829031  0.        ],
[-0.69711532 -0.71695901  0.        ],
[-0.65636254 -0.75444564  0.        ],
[-0.58758821 -0.80916012  0.        ],
[-0.83920451 -0.54381596  0.        ],
[-0.6733048  -0.73936503  0.        ],
[-0.35401725  0.93523889  0.        ],
[-0.08817867  0.99610467  0.        ],
[-0.916193    0.40073731  0.        ],
[-0.38593618  0.92252548  0.        ],
[-0.80422074 -0.59433071  0.        ],
[-0.49661677  0.86796992  0.        ],
[-0.93349474  0.35859108  0.        ],
[-0.18753658  0.98225762  0.        ],
[-0.22106338  0.97525944  0.        ],
[-0.88337616  0.46866466  0.        ],
[-0.78671779  0.61731282  0.        ],
[-0.95773616 -0.28764814  0.        ],
[-0.98594802  0.16705239  0.        ],
[-0.5705426  -0.82126801  0.        ],
[-0.66724825 -0.7448354   0.        ],
[-0.6961023 -0.7179426  0.       ],
[-0.33520885  0.94214385  0.        ],
[-0.19058684  0.98167034  0.        ],
[-0.97748133  0.21102193  0.        ],
[-0.5657589  -0.82457071  0.        ],
[-0.99501476  0.09972779  0.        ],
[-0.93432225  0.35642941  0.        ],
[-0.76720866  0.64139759  0.        ],
[-0.95298643 -0.30301298  0.        ],
[-0.55950405 -0.82882762  0.        ],
[-0.59915097 -0.80063607  0.        ],
[-0.95588981 -0.2937255   0.        ],
[-0.55699098 -0.83051854  0.        ],
[-0.73201977 -0.68128339  0.        ],
[-0.10467504  0.99450648  0.        ],
[-0.6750622   0.73776082  0.        ],
[-0.27461321  0.96155477  0.        ],
[-0.10395013  0.99458251  0.        ],
[-0.79657924 -0.60453413  0.        ],
[-0.81330064 -0.58184368  0.        ],
[-0.6793667  -0.73379894  0.        ],
[-0.82314733  0.56782785  0.        ],
[-0.0818866   0.99664165  0.        ],
[-0.63696749 -0.77089066  0.        ],
[-0.98476195 -0.17390773  0.        ],
[-0.86209496 -0.50674677  0.        ],
[-0.59590215  0.80305705  0.        ],
[-0.9124312   0.40923013  0.        ],
[-0.1439409   0.98958629  0.        ],
[-0.45606134  0.88994835  0.        ],
[-0.14612642  0.98926592  0.        ],
[-0.82107237  0.57082412  0.        ],
[-0.55756424 -0.8301338   0.        ],
[-0.86763744 -0.49719742  0.        ],
[-0.74032643 -0.67224756  0.        ],
[-0.82710249  0.56205113  0.        ],
[-0.71529735  0.69882022  0.        ],
[-0.77424188  0.63288982  0.        ],
[-0.68695777 -0.72669734  0.        ],
[-0.67769188  0.73534598  0.        ],
[-0.57037485 -0.82138452  0.        ],
[-0.65564925 -0.7550656   0.        ],
[-0.46901307  0.88319123  0.        ],
[-0.75466671 -0.65610834  0.        ],
[-0.64380961 -0.76518572  0.        ],
[-0.85885149 -0.51222467  0.        ],
[-0.99264716 -0.12104389  0.        ],
[-0.57933919 -0.81508657  0.        ],
[-0.08652948  0.99624929  0.        ],
[-0.69889929  0.7152201   0.        ],
[-0.99737017  0.07247587  0.        ],
[-0.64095768  0.76757622  0.        ],
[-0.54023557  0.84151383  0.        ],
[-0.34387689  0.93901474  0.        ],
[-0.16218059  0.98676109  0.        ],
[-0.79202266 -0.61049169  0.        ],
[-0.52653514  0.85015337  0.        ],
[-0.55797806 -0.8298557   0.        ],
[-0.65806289 -0.75296297  0.        ],
[-0.8098515  -0.58663493  0.        ],
[-0.75465692  0.6561196   0.        ],
[-0.75721911 -0.65316094  0.        ],
[-0.71648601  0.69760146  0.        ],
[-0.9533763  -0.30178408  0.        ],
[-0.35871618  0.93344668  0.        ],
[-0.89762459  0.44076081  0.        ],
[-0.59129472  0.80645555  0.        ],
[-0.67109599 -0.74137047  0.        ],
[-0.91176165 -0.41071973  0.        ],
[-0.58210797  0.8131115   0.        ],
[-0.93765798  0.34755936  0.        ],
[-0.72041781 -0.69354033  0.        ],
[-0.87431997  0.48534997  0.        ],
[-0.71082972  0.70336413  0.        ],
[-0.91233036 -0.4094549   0.        ],
[-0.99980099  0.01994925  0.        ],
[-0.76549441  0.64344254  0.        ],
[-0.54953572 -0.83547022  0.        ],
[-0.92343481  0.38375532  0.        ],
[-0.56017241  0.82837605  0.        ],
[-0.92089898  0.38980133  0.        ],
[-0.85437379 -0.51965895  0.        ],
[-0.99996879 -0.00790116  0.        ],
[-0.67425018 -0.73850301  0.        ],
[-0.39805222  0.91736276  0.        ],
[-0.61627086 -0.78753427  0.        ],
[-0.85123823 -0.52477945  0.        ],
[-0.96125956  0.2756448   0.        ],
[-0.11544781  0.99331355  0.        ],
[-0.54013406 -0.84157899  0.        ],
[-0.02232365  0.9997508   0.        ],
[-0.62356469  0.78177176  0.        ],
[-0.78453077  0.62008989  0.        ],
[-0.61505195 -0.78848659  0.        ],
[-0.75689901 -0.65353186  0.        ],
[-0.40723199  0.91332476  0.        ],
[-0.57965346 -0.8148631   0.        ],
[-0.80136651  0.59817365  0.        ],
[-0.7927565   0.60953846  0.        ],
[-0.83904961 -0.54405492  0.        ],
[-0.04326819  0.99906349  0.        ],
[-0.05397807  0.99854212  0.        ],
[-0.84796898 -0.53004586  0.        ],
[-0.9940806   0.10864512  0.        ],
[-0.92751531 -0.37378516  0.        ],
[-0.86539138 -0.50109656  0.        ],
[-0.596067  -0.8029347  0.       ],
[-0.76312872  0.64624652  0.        ],
[-0.99860301 -0.05283958  0.        ],
[-0.92069416  0.39028484  0.        ],
[-0.54296869 -0.83975294  0.        ],
[-0.74273476 -0.66958575  0.        ],
[-0.44431126  0.89587248  0.        ],
[-0.70108887  0.71307391  0.        ],
[-0.75621678 -0.65432116  0.        ],
[-0.70428707  0.70991529  0.        ],
[-0.70019452 -0.71395213  0.        ],
[-0.79824608  0.60233147  0.        ],
[-0.99998231 -0.00594784  0.        ],
[-0.59720061  0.80209191  0.        ],
[-0.85623867 -0.51658044  0.        ],
[-0.64300678  0.76586049  0.        ],
[-0.97123086  0.23813989  0.        ],
[-0.99467392 -0.10307178  0.        ],
[-0.26010085  0.96558146  0.        ],
[-0.98290292  0.18412458  0.        ],
[-0.0402834   0.99918829  0.        ],
[-0.8290207  -0.55921792  0.        ],
[-0.82127787  0.5705284   0.        ],
[-0.84568054 -0.53368945  0.        ],
[-0.6575395   0.75342007  0.        ],
[-0.5651798  -0.82496775  0.        ],
[-0.86424997 -0.50306261  0.        ],
[-0.5595977  -0.82876439  0.        ],
[-0.25211593  0.96769704  0.        ],
[-0.89106848  0.45386888  0.        ],
[-0.83839088 -0.54506948  0.        ],
[-0.56769872 -0.82323639  0.        ],
[-0.93456751 -0.35578585  0.        ],
[-0.21345338  0.97695325  0.        ],
[-0.7075243  -0.70668902  0.        ],
[-0.07239902  0.99737575  0.        ],
[-0.97697329 -0.21336163  0.        ],
[-0.83583817 -0.54897591  0.        ],
[-0.99873324  0.05031816  0.        ],
[-0.67822619 -0.73485321  0.        ],
[-0.99998463  0.00554466  0.        ],
[-0.63599025 -0.77169709  0.        ],
[-0.68505893  0.72848765  0.        ],
[-0.5522202  0.8336983  0.       ],
[-0.92480431  0.38044315  0.        ],
[-0.3142345   0.94934539  0.        ],
[-0.96549741 -0.26041265  0.        ],
[-0.32666013  0.94514187  0.        ],
[-0.69205016 -0.72184941  0.        ],
[-0.58206763 -0.81314038  0.        ],
[-0.92738458  0.37410939  0.        ],
[-0.80485209 -0.59347546  0.        ],
[-0.6135341  -0.78966823  0.        ],
[-0.65790981  0.75309673  0.        ],
[-0.80543211 -0.59268804  0.        ],
[-0.99991915 -0.01271569  0.        ],
[-0.63560757 -0.77201231  0.        ],
[-0.5577113  0.830035   0.       ],
[-0.62667359  0.77928185  0.        ],
[-0.82259861 -0.56862248  0.        ],
[-0.97839612  0.20673903  0.        ],
[-0.13598196  0.99071131  0.        ],
[-0.54648613 -0.83746816  0.        ],
[-0.4933436   0.86983452  0.        ],
[-0.98313975 -0.18285579  0.        ],
[-0.84273929 -0.53832192  0.        ],
[-0.67060317  0.74181628  0.        ],
[-0.99884489  0.04805081  0.        ],
[-0.54263236 -0.83997031  0.        ],
[-0.76297834 -0.64642405  0.        ],
[-0.83983122  0.5428476   0.        ],
[-0.96238792 -0.27167904  0.        ],
[-0.4505689   0.89274166  0.        ],
[-0.71102271 -0.70316904  0.        ],
[-0.99603355 -0.08897845  0.        ],
[-0.65892745  0.7522065   0.        ],
[-0.98879909 -0.14925269  0.        ],
[-0.94727352 -0.32042608  0.        ],
[-0.6188066  -0.78554337  0.        ],
[-0.99250593  0.12219646  0.        ],
[-0.14017272  0.99012707  0.        ],
[-0.69707061  0.71700249  0.        ],
[-0.1778271   0.98406175  0.        ],
[-0.74033513 -0.67223797  0.        ],
[-0.37634215  0.92648076  0.        ],
[-0.2265733   0.97399412  0.        ],
[-0.65080421  0.7592456   0.        ],
[-0.65176268 -0.75842297  0.        ],
[-0.21515072  0.97658085  0.        ],
[-0.93324517 -0.35924011  0.        ],
[-0.63777461  0.77022305  0.        ],
[-0.98587501  0.1674827   0.        ],
[-0.40266154  0.91534894  0.        ],
[-0.87244365  0.48871472  0.        ],
[-0.93072224 -0.36572684  0.        ],
[-0.83785364 -0.54589493  0.        ],
[-0.61438478 -0.78900656  0.        ],
[-0.20465823  0.97883349  0.        ],
[-0.83552069 -0.54945898  0.        ],
[-0.86192661  0.50703306  0.        ],
[-0.15371586  0.98811509  0.        ],
[-0.11188737  0.9937209   0.        ],
[-0.57297272 -0.81957444  0.        ],
[-0.8798745   0.47520613  0.        ],
[-0.93308156 -0.35966485  0.        ],
[-0.94076994  0.33904559  0.        ],
[-0.97739121  0.21143894  0.        ],
[-0.99309552  0.11730848  0.        ],
[-0.80896953  0.58785057  0.        ],
[-0.70086535 -0.7132936   0.        ],
[-0.99998256  0.00590654  0.        ],
[-0.63386027  0.77344758  0.        ],
[-0.66693114  0.74511935  0.        ],
[-0.97242499  0.23321588  0.        ],
[-0.55535791  0.83161144  0.        ],
[-0.99025646 -0.13925567  0.        ],
[-0.54082355 -0.84113607  0.        ],
[-0.84844734 -0.52927981  0.        ],
[-0.25561779  0.96677792  0.        ],
[-0.63481564  0.77266364  0.        ],
[-0.55702862 -0.83049329  0.        ],
[-0.75521043 -0.65548242  0.        ],
[-0.56778572 -0.82317639  0.        ],
[-0.85361043  0.52091193  0.        ],
[-0.23019349  0.97314488  0.        ],
[-0.98008146 -0.19859592  0.        ],
[-0.97937563 -0.20204794  0.        ],
[-0.67269631 -0.7399187   0.        ],
[-0.70454992  0.70965443  0.        ],
[-0.99896315  0.04552616  0.        ],
[-0.59956677  0.80032474  0.        ],
[-0.98695701  0.16098404  0.        ],
[-0.56705776 -0.82367803  0.        ],
[-0.86746165 -0.49750405  0.        ],
[-0.55197048 -0.83386365  0.        ],
[-0.99611698  0.0880396   0.        ],
[-0.97161989 -0.23654763  0.        ],
[-0.94156293  0.33683711  0.        ],
[-0.13147056  0.99132008  0.        ],
[-0.21683809  0.97620758  0.        ],
[-0.58354144  0.81208336  0.        ],
[-0.57776957 -0.81619993  0.        ],
[-0.57205759  0.82021345  0.        ],
[-0.57145671 -0.82063221  0.        ],
[-0.14436327  0.98952476  0.        ],
[-0.81406691  0.5807711   0.        ],
[-0.94009031 -0.34092553  0.        ],
[-0.27570902  0.96124115  0.        ],
[-0.37431789  0.92730045  0.        ],
[-0.85633191  0.51642584  0.        ],
[-0.71698564 -0.69708794  0.        ],
[-0.99755515  0.06988366  0.        ],
[-0.96128613 -0.27555215  0.        ],
[-0.58869541 -0.80835494  0.        ],
[-0.99862842  0.05235721  0.        ],
[-0.47208054  0.88155542  0.        ],
[-0.78352928  0.62135486  0.        ],
[-0.73861078  0.67413212  0.        ],
[-0.38686461  0.92213653  0.        ],
[-0.59440144  0.80416847  0.        ],
[-0.99545471  0.09523613  0.        ],
[-0.84002335 -0.54255024  0.        ],
[-0.98718472 -0.1595817   0.        ],
[-0.74809241  0.66359457  0.        ],
[-0.83869   -0.5446091  0.       ],
[-0.66929831  0.74299379  0.        ],
[-0.48479591  0.87462731  0.        ],
[-0.54525237 -0.83827195  0.        ],
[-0.65817494 -0.75286503  0.        ],
[-0.63940884  0.76886692  0.        ],
[-0.5612617  -0.82763839  0.        ],
[-0.85015835 -0.52652709  0.        ],
[-0.86609912  0.4998723   0.        ],
[-0.48242109  0.87593943  0.        ],
[-0.64813845  0.76152252  0.        ],
[-0.57810213 -0.81596441  0.        ],
[-0.82542775 -0.56450777  0.        ],
[-0.86118803  0.50828651  0.        ],
[-0.39036804  0.92065889  0.        ],
[-0.9783087  -0.20715231  0.        ],
[-0.62469533 -0.78086858  0.        ],
[-0.70298627 -0.71120342  0.        ],
[-0.83705295 -0.54712189  0.        ],
[-0.08780016  0.99613811  0.        ],
[-0.90584791  0.42360306  0.        ],
[-0.62829764 -0.77797306  0.        ],
[-0.57226376 -0.82006962  0.        ],
[-0.55390063 -0.83258278  0.        ],
[-0.49144236  0.8709101   0.        ],
[-0.5238478   0.85181188  0.        ],
[-0.00188919  0.99999822  0.        ],
[-0.77555269 -0.63128285  0.        ],
[-0.97121685  0.23819702  0.        ],
[-0.85492853  0.51874581  0.        ],
[-0.70321716  0.71097513  0.        ],
[-0.6869357 -0.7267182  0.       ],
[-0.6087928   0.79332927  0.        ],
[-0.13547313  0.99078102  0.        ],
[-0.26004604  0.96559622  0.        ],
[-0.88294142 -0.46948318  0.        ],
[-0.77056635  0.63735979  0.        ],
[-0.56808158 -0.82297225  0.        ],
[-0.84080221 -0.54134245  0.        ],
[-0.05605096  0.99842791  0.        ],
[-0.9996621   0.02599405  0.        ],
[-0.30936756  0.95094254  0.        ],
[-0.78764991  0.61612305  0.        ],
[-0.94103428 -0.33831124  0.        ],
[-0.98359674  0.18038141  0.        ],
[-0.86337474  0.50456324  0.        ],
[-0.80578056 -0.59221423  0.        ],
[-0.7408291  -0.67169357  0.        ],
[-0.54958221 -0.83543964  0.        ],
[-0.74991652 -0.66153247  0.        ],
[-0.65870211 -0.75240384  0.        ],
[-0.55936777 -0.8289196   0.        ],
[-0.82918455 -0.55897494  0.        ],
[-0.57626393 -0.81726366  0.        ],
[-0.69476243 -0.71923929  0.        ],
[-0.54772145 -0.83666075  0.        ],
[-0.8841147   0.46726994  0.        ],
[-0.57577338 -0.81760933  0.        ],
[-0.55804199 -0.82981271  0.        ],
[-0.57544164 -0.81784285  0.        ],
[-0.60420653  0.79682776  0.        ],
[-0.5385255  -0.84260921  0.        ],
[-0.16211281  0.98677223  0.        ],
[-0.38561624  0.92265926  0.        ],
[-0.39552396  0.91845566  0.        ],
[-0.98453565 -0.17518436  0.        ],
[-0.65681364  0.75405294  0.        ],
[-0.86115697 -0.50833912  0.        ],
[-0.93130812  0.36423232  0.        ],
[-0.70169435  0.71247809  0.        ],
[-0.81829557 -0.57479768  0.        ],
[-0.8941434   0.44778072  0.        ],
[-0.57197716 -0.82026954  0.        ],
[-0.83455038 -0.55093163  0.        ],
[-0.8230901 -0.5679108  0.       ],
[-0.9932835  -0.11570607  0.        ],
[-0.60868676 -0.79341063  0.        ],
[-0.77170775 -0.63597732  0.        ],
[-0.84956049 -0.52749121  0.        ],
[-0.86863619  0.49545047  0.        ],
[-0.29591188  0.95521524  0.        ],
[-0.74916901 -0.66237889  0.        ],
[-0.95663644  0.29128459  0.        ],
[-0.9932448   0.11603778  0.        ],
[-0.99855681 -0.05370572  0.        ],
[-0.70916758 -0.70503996  0.        ],
[-0.8500459  -0.52670861  0.        ],
[-0.6370193  -0.77084785  0.        ],
[-0.50223699  0.86473002  0.        ],
[-0.57106174 -0.82090711  0.        ],
[-0.99541001 -0.09570216  0.        ],
[-0.98504068  0.17232196  0.        ],
[-0.95739233  0.28879045  0.        ],
[-0.82771484 -0.56114895  0.        ],
[-0.86010606  0.51011524  0.        ],
[-0.13438913  0.99092864  0.        ],
[-0.21865707  0.97580176  0.        ],
[-0.96136327 -0.27528288  0.        ],
[-0.99993233  0.01163336  0.        ],
[-0.93698703  0.34936416  0.        ],
[-0.54113291 -0.84093708  0.        ],
[-0.70984297  0.70435997  0.        ],
[-0.70891521 -0.70529372  0.        ],
[-0.36116574  0.93250164  0.        ],
[-0.8863633  -0.46299039  0.        ],
[-0.04513316  0.99898098  0.        ],
[-0.57297353 -0.81957387  0.        ],
[-0.94058854  0.33954851  0.        ],
[-0.16093775  0.98696456  0.        ],
[-0.77704923  0.62943983  0.        ],
[-0.99962473  0.02739329  0.        ],
[-0.77797442 -0.62829595  0.        ],
[-0.60613536  0.79536151  0.        ],
[-0.83803678  0.54561374  0.        ],
[-0.75957975  0.65041418  0.        ],
[-0.81271551 -0.5826607   0.        ],
[-0.78471668 -0.6198546   0.        ],
[-0.71341897  0.70073774  0.        ],
[-0.83238972  0.55419072  0.        ],
[-0.27635776  0.96105483  0.        ],
[-0.7471546   0.66465028  0.        ],
[-0.99010248  0.14034629  0.        ],
[-0.83559894 -0.54933998  0.        ],
[-0.7801527  -0.62558914  0.        ],
[-0.03701775  0.99931461  0.        ],
[-0.80776909 -0.58949903  0.        ],
[-0.26701805  0.96369153  0.        ],
[-0.92842878  0.37151044  0.        ],
[-0.47618226  0.87934661  0.        ],
[-0.99000659  0.14102111  0.        ],
[-0.69073042  0.72311236  0.        ],
[-0.69068318 -0.72315748  0.        ],
[-0.99933133  0.03656351  0.        ],
[-0.54951393 -0.83548455  0.        ],
[-0.84422987 -0.53598127  0.        ],
[-0.97550275 -0.21998723  0.        ],
[-0.80223265  0.59701154  0.        ],
[-0.86685259 -0.49856452  0.        ],
[-0.81387111  0.58104546  0.        ],
[-0.78727241  0.61660535  0.        ],
[-0.54810984 -0.83640636  0.        ],
[-0.95021979  0.31158042  0.        ],
[-0.78336165 -0.62156619  0.        ],
[-0.67398051  0.73874912  0.        ],
[-0.99313404  0.11698198  0.        ],
[-0.38139576  0.92441185  0.        ],
[-0.98616922  0.1657416   0.        ],
[-0.21787003  0.97597779  0.        ],
[-0.69387571  0.72009478  0.        ],
[-0.9783983  -0.20672873  0.        ],
[-0.69355225 -0.72040633  0.        ],
[-0.98059381  0.19605045  0.        ],
[-0.83978199  0.54292375  0.        ],
[-0.44377766  0.89613692  0.        ],
[-0.93481487 -0.35513541  0.        ],
[-0.60723855  0.79451957  0.        ],
[-0.44663956  0.89471398  0.        ],
[-0.37954996  0.92517124  0.        ],
[-0.44990247  0.89307769  0.        ],
[-0.44587507  0.8950952   0.        ],
[-0.21595316  0.97640372  0.        ],
[-0.46101581  0.88739192  0.        ],
[-0.55206389 -0.83380181  0.        ],
[-0.75343472 -0.65752271  0.        ],
[-0.99970579 -0.02425546  0.        ],
[-0.41735897  0.90874171  0.        ],
[-0.89181553 -0.45239922  0.        ],
[-0.97447527  0.22449487  0.        ],
[-0.99879814 -0.04901295  0.        ],
[-0.14440812  0.98951821  0.        ],
[-0.64426029 -0.7648063   0.        ],
[-0.14234647  0.98981689  0.        ],
[-0.99852328 -0.05432544  0.        ],
[-0.35647158  0.93430617  0.        ],
[-0.99999516 -0.00311038  0.        ],
[-0.9236148  -0.38332193  0.        ],
[-0.19882749  0.9800345   0.        ],
[-0.57399075 -0.81886178  0.        ],
[-0.71554517  0.69856647  0.        ],
[-0.58077142 -0.81406668  0.        ],
[-0.66231591  0.74922469  0.        ],
[-0.46442887  0.88561043  0.        ],
[-0.46268864  0.88652085  0.        ],
[-0.7468791   0.66495986  0.        ],
[-0.87874485  0.47729182  0.        ],
[-0.73046533 -0.68294978  0.        ],
[-0.54854331 -0.83612214  0.        ],
[-0.17870404  0.98390287  0.        ],
[-0.34275223  0.93942584  0.        ],
[-0.40031129  0.91637922  0.        ],
[-0.57913828 -0.81522932  0.        ],
[-0.5480471  -0.83644747  0.        ],
[-0.49285631  0.87011071  0.        ],
[-0.78450809  0.62011858  0.        ],
[-0.80429751 -0.59422682  0.        ],
[-0.99959926 -0.02830747  0.        ],
[-0.47708001  0.87885986  0.        ],
[-0.69330569 -0.72064361  0.        ],
[-0.5506244  -0.83475312  0.        ],
[-0.77835207  0.62782804  0.        ],
[-0.21334572  0.97697677  0.        ],
[-0.56453422  0.82540966  0.        ],
[-0.19683484  0.98043666  0.        ],
[-0.9999661   0.00823354  0.        ],
[-0.99907361  0.04303399  0.        ],
[-0.68233193 -0.7310425   0.        ],
[-0.78400916  0.62074926  0.        ],
[-0.04185274  0.99912379  0.        ],
[-0.58236571 -0.81292692  0.        ],
[-0.54720242 -0.83700031  0.        ],
[-0.98397769  0.17829162  0.        ],
[-0.85372525  0.52072373  0.        ],
[-0.81236258 -0.58315267  0.        ],
[-0.9946143   0.10364552  0.        ],
[-0.99596849 -0.0897038   0.        ],
[-0.10153854  0.99483161  0.        ],
[-0.7008657  -0.71329325  0.        ],
[-0.48726217  0.87325574  0.        ],
[-0.27460112  0.96155823  0.        ],
[-0.57756568 -0.81634422  0.        ],
[-0.86433647 -0.50291398  0.        ],
[-0.98947622  0.1446956   0.        ],
[-0.51863598  0.85499516  0.        ],
[-0.29425419  0.95572719  0.        ],
[-0.5571352 -0.8304218  0.       ],
[-0.42941607  0.90310677  0.        ],
[-0.70782409 -0.70638875  0.        ],
[-0.63247096  0.77458407  0.        ],
[-0.71955682 -0.69443357  0.        ],
[-0.97684728  0.21393781  0.        ],
[-0.9889432 -0.1482948  0.       ],
[-0.8903574   0.45526224  0.        ],
[-0.9992518 -0.0386762  0.       ],
[-0.77340897  0.63390738  0.        ],
[-0.85788509 -0.51384158  0.        ],
[-0.9234167  -0.38379891  0.        ],
[-0.38155116  0.92434772  0.        ],
[-0.62192506 -0.78307676  0.        ],
[-0.0165191   0.99986355  0.        ],
[-0.91107888 -0.41223207  0.        ],
[-0.57194955 -0.8202888   0.        ],
[-0.63363135 -0.77363513  0.        ],
[-0.75057105 -0.66078975  0.        ],
[-0.55236319 -0.83360356  0.        ],
[-0.41407843  0.91024121  0.        ],
[-0.99688647 -0.07885026  0.        ],
[-0.94730377  0.32033664  0.        ],
[-0.06575335  0.99783591  0.        ],
[-0.81617021 -0.57781156  0.        ],
[-0.72796288  0.68561654  0.        ],
[-0.84553902  0.53391363  0.        ],
[-0.73359113  0.67959109  0.        ],
[-0.54374693 -0.83924923  0.        ],
[-0.71906868 -0.69493902  0.        ],
[-0.77030662 -0.63767367  0.        ],
[-0.53847834 -0.84263935  0.        ],
[-0.5432699  -0.83955811  0.        ],
[-0.68335416 -0.73008704  0.        ],
[-0.99666438  0.08160958  0.        ],
[-0.83693761 -0.54729831  0.        ],
[-0.90515256  0.42508686  0.        ],
[-0.59861643  0.80103581  0.        ],
[-0.97206636  0.23470617  0.        ],
[-0.99860666 -0.05277055  0.        ],
[-0.6468823  -0.76258985  0.        ],
[-0.99973282 -0.0231149   0.        ],
[-0.99240862 -0.12298425  0.        ],
[-0.63545583 -0.77213722  0.        ],
[-0.69296092 -0.72097515  0.        ],
[-0.94980903  0.31283031  0.        ],
[-0.98064797 -0.19577937  0.        ],
[-0.00766029  0.99997066  0.        ],
[-0.74709121  0.66472154  0.        ],
[-0.7179727  -0.69607126  0.        ],
[-0.57567944 -0.81767548  0.        ],
[-0.5939932  -0.80447006  0.        ],
[-0.26822835  0.96335536  0.        ],
[-0.59438467  0.80418087  0.        ],
[-0.61948637 -0.78500741  0.        ],
[-0.68172768  0.73160602  0.        ],
[-0.99514264  0.09844352  0.        ],
[-0.88387325  0.46772649  0.        ],
[-0.99935762 -0.03583768  0.        ],
[-0.56353527  0.826092    0.        ],
[-0.56455898  0.82539273  0.        ],
[-0.74925238 -0.66228459  0.        ],
[-0.61080695  0.79177956  0.        ],
[-0.79170035  0.61090962  0.        ],
[-0.8010168  -0.59864186  0.        ],
[-0.85372032 -0.5207318   0.        ],
[-0.44826191  0.89390227  0.        ],
[-0.88457245 -0.46640282  0.        ],
[-0.55803596 -0.82981677  0.        ],
[-0.92746348 -0.37391375  0.        ],
[-0.65802651  0.75299477  0.        ],
[-0.53643625  0.84394085  0.        ],
[-0.73339858 -0.67979888  0.        ],
[-0.39383871  0.91917956  0.        ],
[-0.99994235 -0.01073744  0.        ],
[-0.60471985  0.79643826  0.        ],
[-0.17515568  0.98454075  0.        ],
[-0.64715617 -0.76235745  0.        ],
[-0.99719271 -0.07487787  0.        ],
[-0.88498536  0.46561885  0.        ],
[-0.79416022 -0.60770844  0.        ],
[-0.82345645 -0.56737948  0.        ],
[-0.98306143 -0.18327635  0.        ],
[-0.97964972 -0.2007148   0.        ],
[-0.245682    0.96935048  0.        ],
[-0.14182325  0.989892    0.        ],
[-0.55298906 -0.83318852  0.        ],
[-0.89348062 -0.44910176  0.        ],
[-0.92887116  0.37040298  0.        ],
[-0.37691737  0.92624689  0.        ],
[-0.99999735 -0.00230424  0.        ],
[-0.55020093 -0.8350323   0.        ],
[-0.66424844 -0.74751188  0.        ],
[-0.71583802 -0.69826637  0.        ],
[-0.73037659 -0.68304468  0.        ],
[-0.53953152 -0.8419654   0.        ],
[-0.85969693 -0.51080444  0.        ],
[-0.83191957 -0.55489624  0.        ],
[-0.21928656  0.9756605   0.        ],
[-0.98654857 -0.1634684   0.        ],
[-0.07034821  0.9975225   0.        ],
[-0.23624456  0.97169363  0.        ],
[-0.07366537  0.99728302  0.        ],
[-0.6989024  -0.71521706  0.        ],
[-0.97353129  0.22855376  0.        ],
[-0.04624732  0.99893002  0.        ],
[-0.67109857 -0.74136814  0.        ],
[-0.55748622 -0.83018619  0.        ],
[-0.67344124 -0.73924075  0.        ],
[-0.6274277   0.77867483  0.        ],
[-0.83516116 -0.5500053   0.        ],
[-0.85828872  0.5131671   0.        ],
[-0.6727536   0.73986661  0.        ],
[-0.30473352  0.95243765  0.        ],
[-0.78075765 -0.62483397  0.        ],
[-0.74608251  0.66585351  0.        ],
[-0.99967772  0.02538616  0.        ],
[-0.67605592 -0.73685032  0.        ],
[-0.61719987 -0.7868064   0.        ],
[-0.80328802  0.59559076  0.        ],
[-0.97766861 -0.21015253  0.        ],
[-0.99945839  0.03290778  0.        ],
[-0.94230156 -0.33476524  0.        ],
[-0.54464276 -0.83866815  0.        ],
[-0.64651455 -0.76290166  0.        ],
[-0.92541218 -0.37896213  0.        ],
[-0.9506303 -0.3103257  0.       ],
[-0.31126481  0.95032322  0.        ],
[-0.61811742  0.78608578  0.        ],
[-0.8196434  -0.57287406  0.        ],
[-0.67376203 -0.73894839  0.        ],
[-0.63673072  0.77108624  0.        ],
[ -9.99999998e-01  -6.85435377e-05   0.00000000e+00],
[-0.08852723  0.99607376  0.        ],
[-0.73292592 -0.68030846  0.        ],
[-0.9994605   0.03284386  0.        ],
[-0.67810392  0.73496603  0.        ],
[-0.88556993  0.46450609  0.        ],
[-0.61290778  0.79015445  0.        ],
[-0.85919578 -0.51164696  0.        ],
[-0.59229101  0.80572412  0.        ],
[-0.73904925  0.6736514   0.        ],
[-0.65549653  0.75519818  0.        ],
[-0.68414851 -0.72934273  0.        ],
[-0.37612113  0.9265705   0.        ],
[-0.82127453  0.57053321  0.        ],
[-0.80377244 -0.59493686  0.        ],
[-0.84797387 -0.53003804  0.        ],
[-0.56596287 -0.82443073  0.        ],
[-0.43947221  0.89825619  0.        ],
[-0.37696953  0.92622566  0.        ],
[-0.83558188 -0.54936592  0.        ],
[-0.61783307 -0.78630929  0.        ],
[-0.99847563  0.05519437  0.        ],
[-0.93648603 -0.35070487  0.        ],
[-0.99998747  0.00500631  0.        ],
[-0.74683265 -0.66501203  0.        ],
[-0.70698793 -0.70722561  0.        ],
[-0.57798806 -0.81604522  0.        ],
[-0.65602088 -0.75474274  0.        ],
[-0.54987757 -0.83524527  0.        ],
[-0.69310438 -0.72083723  0.        ],
[-0.96980653 -0.24387559  0.        ],
[-0.43206701  0.9018415   0.        ],
[-0.74658206  0.66529334  0.        ],
[-0.40657994  0.91361521  0.        ],
[-0.93512412 -0.3543203   0.        ],
[-0.63366568 -0.77360701  0.        ],
[-0.7444348  -0.66769516  0.        ],
[-0.56365119 -0.82601292  0.        ],
[-0.95218147 -0.30553304  0.        ],
