[  5.9323535   12.23822807   0.06576967],
[  2.99609498  11.86847237   0.2032037 ],
[ 9.10014347  3.12747483  0.23520077],
[  7.71116036  11.81472459   0.28432561],
[ 9.51609085  5.39380409  0.2851121 ],
[ 9.44055764  8.57355932  0.56672704],
[  6.26199195  11.16453011   0.57061109],
[ 8.81471656  4.39746059  0.68210752],
[ 9.61258538  3.69560464  0.83900052],
[  6.98705594  11.85634845   1.04769289],
[ 8.5844733   6.43364029  1.19409039],
[ 7.24058019  9.05735748  1.33495226],
[  5.11035034  13.35555196   1.68196597],
[  3.40698903  11.77925921   1.78089099],
[  3.00615267  12.14892008   1.86139796],
[ 10.12436795   4.26027628   1.89000156],
[  3.59226896  11.73730609   1.93772426],
[ 9.53628754  2.41312463  1.97692381],
[ 8.52249197  5.08550239  1.99675584],
[ 8.64957546  4.81927686  1.99925288],
[  5.41948098  11.66004595   2.02319451],
[  8.49652366  11.04321199   2.26276855],
[  5.80797991  10.65101323   2.44038709],
[  6.95943701  12.43229102   2.45827898],
[ 8.98860241  3.02452863  2.54494914],
[  7.1156962   11.58425326   2.55403386],
[ 9.176759    6.66603474  2.56531312],
[ 9.85995024  5.7401242   2.58401916],
[  6.76388682  10.7031447    2.8433528 ],
[  7.81569419  10.33689668   2.86358073],
[ 9.41552734  6.11627656  3.35216126],
[ 7.95750693  9.94070967  3.41597463],
[  3.32960344  14.19751242   3.5025102 ],
[  6.27068873  11.16843516   3.52671716],
[ 9.36227369  8.34255919  3.63438325],
[ 8.2735987   9.93461087  3.74151154],
[  5.35311639  11.97469863   3.87520521],
[ 10.06398756   6.68443477   3.89884796],
[  5.07141753  13.8661432    3.94628372],
[ 8.35900624  6.79546224  4.00044973],
[  6.09572468  10.83670448   4.07729295],
[  8.76666424  10.20739386   4.17683075],
[  5.65823832  12.66302334   4.21904128],
[ 9.26710452  6.7220719   4.33530128],
[ 7.89256388  8.07031325  4.44282221],
[ 9.56165159  6.82303384  4.55680705],
[ 7.99544807  9.51171447  4.55690153],
[ 8.81941897  6.68266929  4.67879176],
[ 9.44571868  4.04555446  4.75895656],
[ 9.91795988  5.25799301  4.78846166],
[ 7.2449163   9.59164347  4.98504884],
[  6.12216991  11.59165391   5.17898412],
[ 8.88962251  7.78478869  5.26736085],
[ 9.84000368  5.84550611  5.34414278],
[ 8.5376411   7.19753623  5.37109772],
[ 8.06640939  7.25118668  5.53156874],
[  5.13775487  13.72036923   5.58632043],
[  2.71014055  13.5068679    5.59877127],
[  6.67223767  12.52236481   5.64058394],
[  5.67388444  12.51113302   5.7337124 ],
[  5.9404653   10.54267974   5.74533118],
[ 9.67006917  4.67373566  5.89692286],
[ 9.83391137  4.60555237  6.14086971],
[ 7.26484125  9.19081838  6.15109211],
[ 7.04458871  9.78933424  6.21829797],
[ 6.55819632  9.526453    6.22080196],
[  3.79808295  13.19552823   6.52532749],
[  7.27321936  10.99772269   6.59922028],
[ 9.05138491  3.58214591  6.71454579],
[ 9.32900018  2.67201573  6.92454295],
[  5.85921998  11.18307381   6.92623423],
[  3.72478265  11.81613488   6.9328964 ],
[ 9.64843014  8.40671876  7.06704076],
[  6.00343868  12.15041898   7.0845853 ],
[  5.91925217  10.46952961   7.15935993],
[ 10.30424538   4.95067613   7.26872804],
[  4.82803994  13.55974152   7.30470528],
[ 9.94285285  4.25140822  7.42311679],
[  6.5904454   12.36653518   7.58847737],
[ 8.97511292  4.09595367  7.72655172],
[ 7.11466516  9.70195073  7.79837473],
[  3.0502352   14.238993     7.80099422],
[  5.12846247  12.10850549   8.02407085],
[  8.33602756  10.18843228   8.14077909],
[  3.71191261  11.49441906   8.201729  ],
[  7.23546762  11.48508602   8.39918337],
[  4.16451487  13.18102609   8.58619025],
[ 7.23635533  9.43652703  8.786449  ],
[  2.87094851  13.94012332   8.94367952],
[ 8.34127926  7.59105504  9.09756592],
[  4.17368109  12.92936006   9.15410087],
[ 9.18449736  7.1956066   9.25442839],
[ 9.54916666  5.80260439  9.26236052],
[ 8.44484027  6.5057886   9.46561785],
[  3.887325    11.4724128    9.68219382],
[  6.22355899  12.5163398    9.78437855],
[  4.99064866  11.30635925  10.04468278],
[  8.50388999  11.08346978  10.23642024],
[  4.31206981  12.10160195  10.32841928],
[  6.69465139  12.58411446  10.40163066],
[  9.10308509   9.09734359  10.40612293],
[  8.74469113   4.11942174  10.42428484],
[  9.2787222    6.84576399  10.46020814],
[  7.80546254  12.02244928  10.47699532],
[  9.72197414   5.06835224  10.50758876],
[  9.20333701   5.22660323  10.52371236],
[  2.81179575  12.59356899  10.60101128],
[  7.56981617  11.52859974  10.61027983],
[  2.82517102  14.07057046  10.75425755],
[  2.98265528  12.93048232  10.79377289],
[  6.07278844  10.1976242   10.86608621],
[  6.48796288  11.51156759  10.97017378],
[  7.60031849   9.29465869  11.03565668],
[  7.91303642   9.61140686  11.0595014 ],
[  8.23843489   4.66970249  11.05959031],
[  4.79766113  13.96271723  11.15598321],
[  5.27687378  11.03638638  11.31364436],
[  8.83004597   8.12151855  11.42179916],
[  6.42956243  13.17135802  11.53641206],
[  9.16814457   5.363715    11.55898978],
[  8.29790654   4.19308441  11.60451571],
[  7.73988079   7.53930498  11.65213434],
[  9.13579697   4.47757754  11.75838722],
[  8.30160773   5.19769874  11.78678164],
[  9.79433808   3.03555878  11.82664046],
[  5.47361993  12.04950898  11.92637202],
[  8.39491637   4.25021444  11.92997623],
[  8.77318503   3.8115503   12.04845238],
[  4.96803134  13.56117591  12.13759304],
[  6.21315111  13.03454748  12.19184433],
[  8.76187741   8.64404696  12.19740295],
[  4.41815617  11.02147049  12.55396854],
[  9.44382923   3.2354611   12.61409858],
[  4.12923571  11.4311671   12.78660227],
[  4.7924485   11.16939851  12.80826027],
[  3.62817645  12.19469082  12.88118449],
[  9.31889583   6.75719389  13.12279681],
[  4.94706422  12.59712887  13.23674589],
[  3.48909167  12.95654909  13.37176603],
[  3.98602822  11.97319703  13.39523903],
[  9.37387498   3.64495598  13.40037239],
[  2.55331027  11.5911168   13.52427301],
[  4.01677259  13.82101613  13.68604526],
[  4.01050788  13.91933597  13.70117744],
[ 10.16999115   5.94074019  13.73013838],
[  9.49435489   5.77547534  13.74411892],
[  4.44924872  10.97279743  13.79359548],
[  2.91500846  13.78270959  13.84556664],
[  5.2980419   12.8624618   14.03668814],
[  7.31965246  10.83716287  14.06066414],
[  8.12079601  11.37849574  14.12194737],
[  8.22592956   7.84388405  14.13297241],
[  4.87861382  13.54916207  14.16893625],
[  7.17581302   8.87271789  14.22070723],
[ 10.10608998   4.09510685  14.34507854],
[  4.33487916  11.71513338  14.57613266],
[  9.15367797   6.08946836  14.80311708],
[  5.29220716  12.44138749  15.22727132],
[  9.94977215   6.57685845  15.22855782],
[  6.303811    12.2304734   15.26909043],
[  8.2532419    5.26500158  15.68963713],
[  7.33572976   8.44901416  15.7832812 ],
[  6.64125051  11.60026616  15.80386728],
[  6.82933621  12.25900188  15.84091441],
[  3.81195899  13.66375743  15.86284367],
[  5.05274212  10.91073264  15.95393825],
[  4.64369338  11.52529341  15.96751496],
[  9.50398889   7.63216152  15.98824518],
[  8.81786242  10.36233879  16.03959602],
[  7.29913494  11.9276378   16.14517065],
[  9.18905306   9.96770256  16.18020526],
[  6.81330354  11.691252    16.237846  ],
[  5.6672491   10.54034486  16.24276076],
[  9.89009553   4.60781716  16.46137696],
[  9.14082904   7.77717291  16.56151767],
[  4.57359256  12.92692991  16.67704368],
[  5.25906174  13.64857137  16.75202002],
[  7.17659532  12.65196385  16.86954414],
[  8.45891381   3.93345285  16.89466284],
[  7.26951892  11.56993118  16.95390853],
[  9.70184587   6.3649559   16.957393  ],
[  8.50277702   5.95484463  16.97677719],
[  6.85911162  11.87959751  16.98714863],
[  3.83386336  12.09035907  17.15133683],
[  8.45665465   7.18090878  17.21469466],
[  3.29375877  11.58698138  17.45575693],
[  3.65067894  12.83068062  17.63150575],
[  3.7025379   13.85253295  17.64497374],
[  5.25384895  12.76170034  17.81701377],
[ 10.24292082   5.38728125  17.88700119],
[  3.96222613  13.63752005  17.96796425],
[  6.01273722  11.87508742  18.01015269],
[  9.02690774  10.23645692  18.02154021],
[  8.77523609   4.50301856  18.08260838],
[  7.38632661   9.22981549  18.10127225],
[  3.66013589  11.30076091  18.13810084],
[  4.80220526  11.81157636  18.19951411],
[  5.53485032  10.84851398  18.20232558],
[  8.4672996    6.67483101  18.23458109],
[  7.91039991  10.84011385  18.31005095],
[  8.09440765   6.29936266  18.41422027],
[  9.242896     3.5274225   18.48729846],
[  9.06371913   6.03777467  18.50714994],
[  7.90308327   6.53136258  18.51309275],
[  3.38426225  11.71597789  18.65405266],
[  2.79866     12.31737217  18.77168642],
[  7.14534103   9.18112792  18.79209904],
[  9.52984991   6.39958949  18.98573908],
[  8.69889918   9.93202159  19.03403914],
[  8.1353207    5.8622403   19.11654267],
[  5.05250732  10.80256176  19.1394879 ],
[  3.36396716  12.61872486  19.1898476 ],
[  3.26400573  13.40235104  19.21773988],
[  3.68321951  12.97337732  19.23487633],
[  8.5483073    7.43351825  19.24207452],
[  5.4706497   11.32711585  19.41662519],
[  8.68861323   4.85116897  19.63147771],
[  7.62504417   9.46034082  19.6337144 ],
[  4.54655922  13.63779867  19.7745495 ],
[  7.38269768   9.36074615  19.85110552],
[  8.69257938   3.78573014  19.95062256],
[  6.6233299   12.92930652  20.08388969],
[  8.01660041   8.45930658  20.11887693],
[  6.01145538  10.92857128  20.29237927],
[  8.61492456   7.18752831  20.34360567],
[  8.99543328   4.10109857  20.40988946],
[  6.92853924  10.22502439  20.4687472 ],
[  6.21312797  11.71203145  20.70691669],
[  4.70767956  12.54420561  20.79272463],
[  7.78321401  12.19089584  20.84102044],
[ 10.10673478   4.36528057  20.95620001],
[  5.30299055  11.56899614  20.95760568],
[  6.65386037  12.60437077  21.2538764 ],
[  9.75581522   2.51861085  21.26867803],
[  9.23772773   6.59793713  21.41303501],
[  9.60519233   3.14292696  21.4685532 ],
[  8.17027891  10.54082912  21.47592812],
[  9.06111253   4.39257192  21.60402026],
[  5.58799567  11.81876905  21.65196058],
[  7.57778555  11.62986111  21.75856138],
[  9.68088343   5.07908137  21.81123188],
[  5.97679073  10.97222605  21.82944142],
[  8.85586633   5.28018467  21.88071376],
[  8.75299562   8.14637265  21.92419864],
[  7.48776683  10.13504152  22.03774879],
[  6.09398622  12.61419108  22.0883659 ],
[  7.38687068  10.45180972  22.35695029],
[  7.41795633  10.59165756  22.66222527],
[  3.54624253  14.30591321  22.66725094],
[  6.49018084  12.05811298  22.67950494],
[  7.08478508   9.85089418  22.96171628],
[  3.13771734  12.75082619  23.07907687],
[  9.64213025   5.11234165  23.23774749],
[  6.3624512   13.34261332  23.32476715],
[  9.14942476   7.49767225  23.38478854],
[  3.37391678  11.50302033  23.47789077],
[  5.37187079  10.63960854  23.54993764],
[  7.38534934   8.15414525  23.55075484],
[  9.45211352   3.75429825  23.58377593],
[  6.83266454  11.5295685   23.6915387 ],
[  5.91719576  10.67851252  23.88676796],
[  3.84925967  12.95864457  23.93841565],
[  7.33215223  10.40994904  23.95404014],
[  9.197413     6.02034056  24.00194997],
[  4.81752968  13.83466778  24.01332861],
[  5.37889212  12.58872252  24.1076198 ],
[  6.8386236   10.37862638  24.29143843],
[  4.03215125  13.56674369  24.37471792],
[  9.81519891   3.59295559  24.42154755],
[  6.12163216  11.69962483  24.42257609],
[ 10.04891904   4.43626885  24.53650566],
[  3.50978554  14.04404564  24.57677179],
[  7.64887241   9.69929922  24.99086169],
[  3.57129332  12.93800052  25.144574  ],
[  7.14009812  10.02188049  25.27831371],
[  8.22554897   7.59345811  25.2784677 ],
[  5.9811183   11.31606382  25.35225957],
[  8.76506223   6.90988268  25.44647753],
[  3.11279253  11.9819798   25.81853791],
[  8.72681693   8.76530191  25.98912308],
[  9.37289294   4.77799701  26.06472118],
[  8.0628578   10.44442116  26.14247471],
[  3.78053574  12.45874982  26.16449237],
[  2.53059764  11.75131484  26.260741  ],
[  9.69446637   8.11614119  26.44866201],
[  6.61649544  12.72548986  26.56196246],
[  6.85318092  10.07681659  26.56892146],
[  9.81426234   2.7136042   26.63562711],
[  5.81818495  11.67238931  26.70970781],
[  7.53635466  12.17394877  26.76486004],
[  8.64356453   5.84668181  26.9328533 ],
[ 10.00253079   4.28119306  27.01761603],
[  5.65862721  10.22218731  27.18993638],
[  8.50819559   3.84755307  27.19612569],
[  7.01381178   9.56496245  27.28001791],
[  4.4373455   13.09720347  27.54475321],
[  4.54366845  12.36589923  27.71656556],
[  6.44146198  10.75900823  27.8097492 ],
[  8.67095188   3.25393156  27.9293669 ],
[  8.73554492  10.36371378  27.98128166],
[  5.7435783   11.18920978  28.36162558],
[  9.06905599   5.07175393  28.41688099],
[  8.33167155   6.47719935  28.43467763],
[ 10.00032789   5.8607776   28.45129757],
[  3.96933713  13.94374031  28.45463953],
[  4.7008743   11.96287041  28.5148306 ],
[  8.55299752   3.4556761   28.6176526 ],
[  2.5659293   12.37828523  28.63335375],
[  4.16389468  14.12203062  28.68557316],
[  7.27242759   9.68333861  28.78230506],
[  7.44976742  11.34624788  28.82909473],
[  4.64415557  11.21284467  28.86671635],
[  4.35109556  12.56166447  29.16988483],
[  9.68141582   5.09889241  29.39484767],
[  5.72423676  11.2527456   29.50325361],
[  7.03881011   9.65670372  29.8893876 ],
[  4.76205896  12.70288457  29.91711304],
[  4.62261077  13.30111074  30.19064278],
[  2.96083097  13.09609114  30.22734756],
[  9.69529123   4.91172449  30.25137668],
[  4.94498596  10.9704433   30.29628649],
[  9.55235428   7.64782802  30.30123105],
[  9.09020937   5.58274414  30.38179627],
[  3.44078727  12.58724168  30.50053225],
[  8.43758722   8.32753109  30.53036502],
[  8.99283988   3.82723593  30.64518989],
[  6.60426007   9.55704678  30.98118819],
[ 10.21528558   5.18876425  31.02041867],
[  9.79473637   3.58195933  31.04137892],
[  6.39496824  10.78811601  31.0979332 ],
[  9.24930551   5.19284279  31.26288404],
[  9.35396797   4.3597945   31.26507485],
[  9.27583256   5.54150832  31.40909127],
[  8.51932822   3.29509447  31.46605854],
[  9.62737303   6.85944393  31.58514338],
[  5.12238547  13.34534306  31.7302678 ],
[  8.76128921   5.95396113  32.19854126],
[  8.31708973  11.49849281  32.39324198],
[  5.69850825  12.39318451  32.41746996],
[  9.32114995   5.22686277  32.44758574],
[  5.92765607  12.25976072  32.61650623],
[  3.26372198  12.05441378  32.65308745],
[  8.67190555   6.6748198   32.68969667],
[  9.81235166   6.4882486   32.69046697],
[  4.2173531   12.10670038  32.73687301],
[  9.12821278   5.90466336  32.75162688],
[  9.56406039   7.56686892  32.75329481],
[  8.77833035   7.66501979  32.88091437],
[  9.8663987    3.72222447  32.88758832],
[  9.61069023   5.85555959  32.90163382],
[  5.39229596  12.31439175  32.97268879],
[  7.15162529   9.95739472  33.19961646],
[  9.35630887   3.77388972  33.48014992],
[  7.62008126   7.79868643  33.55089081],
[  5.06884963  12.60084056  33.68163565],
[  8.8617395    6.59323955  33.72301133],
[  7.36717294  12.51952403  33.74721783],
[  6.46017509   9.85913122  33.75189298],
[  9.09334563   3.26866414  33.78976506],
[  9.14671349   9.10793862  33.81505114],
[  8.24783495   8.85773781  33.9778138 ],
[  8.86859161  10.62249272  33.9794273 ],
[  5.69506533  12.23036139  34.10161824],
[  7.51234218  10.26425619  34.11274756],
[  8.68259588   3.97822711  34.16939802],
[  5.11185644  13.22340174  34.2290074 ],
[  9.24642856   4.83159813  34.41594487],
[  8.03242621   6.29404363  34.56837691],
[  8.55772756   5.3987459   34.65316343],
[  7.92079629   8.20025362  34.74487474],
[  4.39090691  12.1364719   34.75685459],
[  3.14323639  11.92478405  34.78427391],
[  7.3511842    9.78622421  34.90009229],
[ 10.01643714   4.78708128  34.92453791],
[  4.19175322  12.80983987  34.95003902],
[  8.09850128   6.78969161  34.99636238],
[  6.25219285  11.00615337  35.02446286],
[  9.79803807   6.75396541  35.07434175],
[  8.39065243  10.54477317  35.38851848],
[  3.40259225  12.96659024  35.78542981],
[  5.7784011   13.33293362  35.92963469],
[  9.0516102    3.25242133  35.93777242],
[  5.16401179  11.22527789  35.95445607],
[  4.14816762  11.10757059  36.07690397],
[  2.8080391   13.75951114  36.09638061],
[  6.87996451  12.07988666  36.39581319],
[  5.99558     13.33710376  36.50657325],
[  4.97125895  13.29588022  36.51799182],
[  9.52316785   7.44920886  36.52715928],
[  8.21485291   5.47949157  36.70864514],
[  8.46805469  10.97462392  36.72766264],
[  6.8803495   10.34514358  37.06678657],
[  9.08545289   5.97564082  37.36210075],
[  8.53850597   7.49838162  37.44882861],
[  8.82677938   4.64810596  37.51335626],
[  4.90679872  11.94952568  37.59213429],
[  4.30241336  14.20671061  37.6621037 ],
[  7.64165477   8.35668637  37.76902893],
[  9.57058248   4.36495429  37.8115578 ],
[  8.53106448   7.01664615  37.96882012],
[  5.39244811  12.45137785  38.22401881],
[  4.64900446  13.10448692  38.254647  ],
[  3.06827374  14.7156252   38.25490362],
[  8.5734159    8.29428211  38.30981808],
[  9.34891007   4.71008764  38.40470431],
[  7.980766     6.71503686  38.41704708],
[  9.54301373   3.08934187  38.6418763 ],
[  4.13629183  11.99676013  38.7364847 ],
[  6.76949696   9.36719323  38.74251404],
[  9.77688335   3.59760525  38.74914843],
[  2.86226966  11.59238793  38.81970662],
[  3.20717237  12.59000534  38.82983741],
[  4.66507715  11.69660609  38.87040057],
[  9.32643614   4.42914802  39.05561755],
[  7.31227447   9.21631385  39.1000163 ],
[  6.53192671  10.3522491   39.19233479],
[  9.39414083   9.47734941  39.203789  ],
[  5.00771724  11.78006935  39.33388928],
[  8.97313086  10.19627947  39.37047255],
[  7.87997433  11.60367852  39.5932265 ],
[  5.36031212  12.02683629  39.70637952],
[  4.72282566  11.05737754  39.71973192],
[  3.97871072  12.55651875  39.76853627],
[ 10.12727291   4.76151787  39.79648645],
[  4.01906761  11.29925726  39.8894429 ],
[  4.77141075  13.6068925   39.94810257],
[  8.28686774   4.28414101  39.98216151],
[  9.79036194   6.27593392  39.99258033],
[  8.44618866   5.14300536  39.99958607],
[  9.04255768   9.74541696  40.11964824],
[  8.218366     8.01500048  40.28961862],
[  6.30106591  12.15770349  40.52807239],
[  6.44226518  11.38743548  40.7655959 ],
[  7.47819284  12.23270244  40.8847636 ],
[  8.92942404   9.57404711  40.89924436],
[  9.23791003   4.65196966  41.04899117],
[  9.29271027   2.69413476  41.13450121],
[  3.28797945  12.56938193  41.47719371],
[  6.43825133  10.91361585  41.50264295],
[  7.30534489  10.06817104  41.66438933],
[  8.66578609   4.41739247  41.78617002],
[  2.53253725  11.90969522  41.94277963],
[  9.19953617   5.52159524  42.26299682],
[  8.57392201   4.14173497  42.26809389],
[  7.47556467  12.24960081  42.37912666],
[  9.03324971   3.76296378  42.3909029 ],
[  9.48081279   3.51106771  42.81919713],
[  9.74806809   6.70127003  42.84499809],
[  6.85817296  12.91208194  42.85586893],
[ 10.20749865   4.96114506  42.9367742 ],
[  8.36296555   4.93650254  43.16564543],
[  7.19656749  11.16230785  43.18501345],
[  8.62047357   3.45231452  43.25781574],
[  5.20387876  13.65202338  43.32514841],
[  9.50304654   3.71738561  43.4279155 ],
[  9.78215585   4.45290371  43.51182704],
[  7.56810413   9.39501632  43.54179958],
[  7.36154387   8.11645219  43.62107919],
[  8.46444312   4.11552346  43.73757565],
[  9.4022906    3.89241817  43.89787576],
[  8.99988971   6.7872072   44.31655602],
[  2.62808043  12.97778915  44.42582592],
[  2.88811497  14.5960991   44.52988453],
[  2.94635472  14.68361054  44.57994832],
[  8.58231844   7.14787496  44.63817833],
[  9.50587039   7.4990209   45.03162644],
[  6.40577687  10.40417044  45.06433145],
[  3.2266544   13.92733884  45.17446462],
[  9.30725296   9.70466121  45.26123109],
[  9.59219322   6.35911692  45.29792244],
[  4.11155531  12.03028602  45.30754234],
[  7.92922724  11.95487054  45.34341519],
[  4.19229569  13.51642374  45.34517836],
[  8.31844002   5.93626311  45.55642958],
[  8.70794023   3.19431602  45.5797959 ],
[  9.28256461   8.11690465  45.71019987],
[  8.50469407   6.08028024  45.82264637],
[  4.61774462  14.01876149  45.83343652],
[  8.29106258   8.38322737  45.86544142],
[  8.35783432   5.42179676  45.94471219],
[  9.90309075   3.35427453  45.990608  ],
[  9.2395255    3.36180129  46.31216   ],
[  7.39832388  11.65143337  46.55434333],
[  8.57101772  10.40746067  46.8386873 ],
[  4.58918022  13.76773222  47.2523151 ],
[  4.46620001  13.29452634  47.27894606],
[  7.98409397   9.68322562  47.3887899 ],
[  9.24935694   6.65988419  47.72011376],
[  8.05109706   9.45894259  48.08692198],
[ 10.01767398   4.74562177  48.4089317 ],
[  8.8320147    7.52842659  48.44391143],
[  7.84047605  11.23707476  48.44648349],
[  8.62215262   6.61459533  48.50822751],
[  3.02403157  11.68394186  48.7037877 ],
[  8.7121407    7.00876156  48.78806284],
[  8.57733368   6.58218778  48.87496772],
[  8.86034499  10.41719887  48.91556418],
[  4.87122747  12.67377592  49.0126343 ],
[  8.79692835   3.69256878  49.03417502],
[  8.44636494   4.7704753   49.16969379],
[  9.25908308   7.50861263  49.20875444],
[  8.24148953   7.9754508   49.27364905],
[  9.9401819    3.72475826  49.41602211],
[  9.26269206   6.9610071   49.83515889],
[  9.00517928   5.68484097  49.84127271],
[ 10.04249567   4.7515688   49.84919487],
[  7.8478439    7.41876911  49.88016828],
[  5.06279962  13.89401987  50.03281345],
[  8.67017254   9.77759752  50.07941674],
[  8.44466785   3.54986903  50.14241985],
[  8.18209789   7.55354813  50.17026231],
[  8.67314142  10.19604377  50.23059888],
[  4.74326147  13.89768937  50.32421145],
[  5.82106741  10.85278812  50.51530551],
[  7.91933565   7.96268309  50.51821111],
[  8.44527044   4.88751523  50.65911576],
[  4.1685642   13.42592342  50.74554411],
[  7.00965869  10.71628925  50.78335646],
[  5.80652322  11.27720994  50.80739598],
[  4.18023716  12.16975214  50.84549857],
[  9.84659188   7.67723434  51.01809949],
[  8.83831021   8.42029831  51.04594482],
[  5.26982303  11.14870281  51.06675148],
[  7.89836934   9.42906165  51.07253357],
[  3.10657683  11.9714376   51.09938437],
[  8.07386607   7.47464958  51.17492182],
[  7.8299541   10.8644163   51.21595349],
[  6.90579542  10.34313537  51.21831487],
[  4.52961496  11.96410468  51.27519018],
[  9.1160703    5.28495346  51.55526759],
[  8.27305303   4.00840328  51.62441461],
[  7.29768476  10.16224289  51.80424015],
[  8.39725592   5.23826871  51.85899118],
[  5.10433473  11.61614764  51.91780652],
[  9.33373907   4.20395525  51.98525531],
[  7.71855128   7.45642513  52.14858135],
[  6.52751868  12.0615935   52.31098909],
[  3.07038263  13.36297609  52.45192731],
[  5.11677406  12.48013182  52.50388416],
[  9.75005352   4.43651385  52.56592668],
[  5.51856885  11.19090058  52.6480653 ],
[  6.08149824  11.63569413  52.72417357],
[  8.83924755   3.81182453  52.75737532],
[  4.72093872  11.15711118  52.95420785],
[  8.21091159   5.7106077   52.98859581],
[  8.50393319   4.25686607  52.99627653],
[  9.22754122   7.5981902   53.150362  ],
[  4.53416728  13.47694406  53.18697448],
[  6.01503287  10.08595211  53.1882903 ],
[  4.13069234  12.17581815  53.32557455],
[  5.98726388  10.38380206  53.82465896],
[  7.7802082   10.84993578  54.28691095],
[  8.50654466  11.14631962  54.33086287],
[  8.69468924   3.41293491  54.5235577 ],
[  7.67703988  11.58364024  54.65445278],
[  5.75025507  12.27974028  54.66416999],
[  3.11910893  12.52769096  54.6679265 ],
[  8.21490641  10.58489669  54.73704399],
[  6.48301837  11.41792285  54.93780097],
[  9.93284481   4.84172024  54.96150956],
[  8.84573089   8.98781804  54.96409367],
[  9.04783889   6.68612811  55.14939769],
[  9.85042235   6.50115423  55.44278905],
[  7.52239783  10.21928313  55.50986277],
[  7.3387645   11.64137266  55.57599578],
[  4.32373796  13.38668645  55.9921429 ],
[  3.30056851  14.08839881  56.11022953],
[  7.29759324   9.40484927  56.12772989],
[  6.73530908  11.13855713  56.24673952],
[  9.68629512   4.26407553  56.25471534],
[  3.04662183  11.81603013  56.45313895],
[  9.00745368   7.16251892  56.52937231],
[  5.05765224  12.37199308  56.59753819],
[  2.66558406  12.17897383  56.72160438],
[  3.70043887  11.6361559   56.78359279],
[  8.28994094   4.14441821  57.32319618],
[  7.392478     8.78399068  57.4468387 ],
[  9.79112549   6.23071196  57.46094377],
[  6.61066726   9.77246484  57.50578166],
[  4.84847411  13.06261364  57.59710942],
[  8.08377972  10.05412376  57.60938955],
[  7.985861    10.64248127  57.96154399],
[  7.35434654   8.2029367   58.33437374],
[  7.61799103  11.47767619  58.36002179],
[  5.57261546  13.66996464  58.38670091],
[  8.25032932   7.59020515  58.39255377],
[  8.42677555   9.66129861  58.58315826],
[  8.86508536   3.14199186  58.72315588],
[  2.93797935  14.36802526  58.86392327],
[  7.66510268   9.69356629  58.91892359],
[  8.92025922  10.54301897  59.11889575],
[  8.73747179   4.01916987  59.13532014],
[  5.95191403  10.23757199  59.22443083],
[  8.54462244   7.3124388   59.45028778],
[  5.3909663   13.80088832  59.52824092],
[  3.685476    11.81842121  59.60105533],
[  8.6843045    5.1761589   59.73853134],
[  9.01242633   5.94315613  59.78156658],
[  7.88288675   8.64345562  59.92141884],
[ 10.36249688   4.5808335   60.052227  ],
[  8.92030286   5.79307656  60.05795827],
[  7.60105231  11.57574141  60.07557669],
[  4.59795573  12.22086258  60.0970005 ],
[  2.94533077  11.98886674  60.14716832],
[  8.27573163   5.98217484  60.14967097],
[ 10.15568563   4.51981201  60.24478815],
[  7.81692937  11.22257168  60.42481173],
[  9.08388939   4.94499804  60.53216692],
[  5.14165964  10.77486602  60.5739446 ],
[ 10.0841652    5.01675788  60.58997137],
[  5.7583678   11.29088205  60.60401497],
[ 10.23688934   5.3776291   60.73658878],
[  8.04728829   8.71335408  60.87575399],
[  9.58749234   5.01510801  60.92252867],
[  5.65762153  12.20171036  60.92501983],
[  8.26277262  11.32559121  61.13114786],
[  9.55801327   4.05828299  61.15869663],
[  6.43573292  10.4534454   61.28774257],
[  4.8402553   11.38015132  61.51519363],
[  8.27383628   5.03051265  61.55832167],
[  8.66249191   8.91260985  61.75857754],
[  9.45976709   5.49775651  62.11879861],
[  7.72105826   8.87716601  62.24134599],
[  5.31989553  13.64629534  62.33518968],
[  8.43851509   5.1501073   62.33767594],
[  8.68757251   8.88303154  62.36519355],
[  9.5549881    5.14873262  62.49708592],
[  8.3230351    5.62493097  62.56862472],
[  7.5793074    9.74120723  62.6580799 ],
[  9.711616     5.88792329  62.71005112],
[  7.69385374  10.34989811  62.88256856],
[  5.6887533   11.23557514  62.94166828],
[  9.31966138   5.13061113  63.02876827],
[  8.58466865  10.84679631  63.03502604],
[  8.61689395   5.98685526  63.05569944],
[  5.01075442  10.79410512  63.11304301],
[  5.67419449  13.55260278  63.25868302],
[  8.27149728   7.97442446  63.3188902 ],
[  8.32088997   4.66630452  63.49712393],
[  9.7095619    6.85742589  63.5862064 ],
[  8.97541139   6.4925278   63.59129086],
[  4.04520755  13.25159527  63.65596306],
[  3.64029752  12.86516115  63.77390117],
[  9.76493707   4.40526927  63.89997382],
[  8.89049098   6.02659353  63.99005587],
[  3.11462897  12.39446797  64.02386358],
[  7.5426291    8.12047246  64.02875807],
[ 10.21030056   4.933241    64.08110879],
[  8.86364962   9.82919036  64.15314875],
[  6.6309459   11.4060383   64.20367242],
[  7.94134149   9.2899396   64.34351376],
[  7.43514265  10.38598641  64.43669064],
[  9.61952532   8.19704889  64.47822523],
[  3.6942784   14.38470818  64.61433479],
[  3.55105603  12.49896394  64.68088372],
[  7.55494832  10.50697933  64.7272066 ],
[  7.87440327  11.11556745  64.73584133],
[  6.62451369  12.1800066   64.80333577],
[  9.56658617   3.66264646  64.81785414],
[  8.04006225   6.18282529  64.83773685],
[  9.36478772   3.48561223  64.93344143],
[  8.56980851   3.90038531  64.93706541],
[  9.1635806    8.41016418  65.02041895],
[  7.10562875  12.54284563  65.17046582],
[  9.75441531   4.78850625  65.17638167],
[  4.65862619  10.86083113  65.26173747],
[  7.29234074   9.60823064  65.27026456],
[  8.74732853   7.52744964  65.31015978],
[  8.10724718   5.70753603  65.49227126],
[  7.31058303  10.11309854  65.58873036],
[  8.68608462  11.04103851  65.6691231 ],
[  4.58782873  13.60094131  65.79508045],
[  3.49599609  13.88540351  65.80337204],
[  6.39623762  10.4918325   65.84665087],
[  8.15256367  10.54042173  65.90183909],
[  9.40673237   8.45683523  66.27151229],
[  8.96995922   7.34397202  66.300366  ],
[  3.88147303  11.67574711  66.30284929],
[  5.14330857  11.23502479  66.40052819],
[  8.29723566   4.99349717  66.67789853],
[  2.90833498  13.23919394  66.92851096],
[  2.92693746  13.29098468  66.93912979],
[  8.51211695   4.56314975  66.96581995],
[  8.69267488   4.69472272  67.13487915],
[  2.91082963  13.54628871  67.18943735],
[  9.15347602   4.87505835  67.23300816],
[  8.79239363  10.61248595  67.33583431],
[  9.05471809   5.05267028  67.71085269],
[  5.25573626  13.69406605  67.72316002],
[  4.16358644  11.61034574  67.828084  ],
[  6.2774716   10.44286173  67.88785393],
[  6.58277335  12.82007294  68.0104055 ],
[  7.59858418   8.66115207  68.0730171 ],
[  6.88934634  12.09664048  68.47173069],
[  7.42833042   7.98940163  68.56719154],
[ 10.13390959   6.49296808  68.69871477],
[  8.48803945   7.31827334  68.83271625],
[  9.12594232   4.30726665  68.93755415],
[  9.67159983   8.09103259  69.02691396],
[  4.28062454  13.81353787  69.15169404],
[  8.82259571   5.73159503  69.18488687],
[ 10.03395694   5.10774926  69.24475656],
[  8.56135415   3.59468993  69.44637685],
[  4.21322063  12.02425592  69.51897602],
[  3.38140227  13.34080655  69.57601507],
[  8.8717031    3.5790904   69.67234953],
[  5.67963047  12.19226158  69.72573461],
[  5.56755392  12.23848536  69.89371972],
[  6.81707565  10.95177571  69.98161523],
[  7.80568154   9.65318752  70.01676808],
[  5.02187698  12.63759662  70.05493666],
[ 10.30785161   5.01629768  70.10895531],
[  9.5456064    3.41975523  70.1206533 ],
[  9.66218969   6.81734979  70.15085539],
[  7.79029263   6.90199896  70.24534541],
[  9.4154589    6.10860541  70.44369347],
[  5.09122516  12.25251022  70.45019121],
[  2.95404805  14.08090829  70.45544462],
[  4.73332948  11.48980355  70.47406542],
[  7.29343238  10.15827961  70.48727981],
[  2.91436699  14.23355714  70.52697064],
[  7.91083352   9.8302864   70.56769985],
[  8.8757143    5.25023277  70.61733632],
[  4.93555843  13.43292993  70.72559619],
[  5.61341478  10.72165757  70.75236367],
[  8.26667909   5.81782456  70.8118109 ],
[  4.08373507  11.56972777  70.8199891 ],
[  9.09183988   4.19598783  70.89703471],
[  9.24907151   4.44958893  71.04950195],
[  5.96077029  10.30450133  71.16699613],
[  5.82549004  11.09883905  71.34851999],
[  7.85889297   8.27330415  71.3889132 ],
[  8.78777819   6.03374753  71.52273494],
[  4.64176887  13.50582813  71.57457614],
[  2.62560965  11.8165913   71.88619741],
[  8.22940357  10.33262202  72.0544925 ],
[  8.73483178   3.53791595  72.3939775 ],
[  5.13673903  10.71736381  72.53709698],
[  6.46088184  12.8534057   72.74308524],
[  9.14655263   6.4469957   72.76147395],
[  4.35744586  12.41655551  72.78871866],
[  7.22897118  12.18746749  72.82662833],
[  6.65316126  12.20021295  73.09261246],
[  3.48226505  11.73538804  73.16211366],
[  8.73933513   6.77868433  73.23713461],
[  2.60930398  11.95108959  73.2401607 ],
[  7.65644278   7.26095452  73.36277203],
[  9.0093209    4.02911596  73.51369699],
[  8.88017068   4.22137125  73.72603784],
[  8.7345118    3.29522216  73.80763702],
[  6.61108497  11.8764931   74.08112322],
[  2.93823444  12.09425425  74.18030981],
[  9.02734949   3.29007749  74.53146973],
[  9.5546754    6.09411391  74.60966621],
[  5.96547163  11.51201085  74.6266266 ],
[  8.27568196   8.67776793  74.72710141],
[  3.924245    12.90042939  74.99893722],
[  5.82123836  10.25289568  75.07806602],
[  9.26927458   7.62927719  75.13335848],
[  2.78997633  12.8524947   75.52538456],
[  8.75782189   6.05453318  75.58786719],
[  8.52791949   4.93858114  75.60125198],
[  5.23357865  13.22639984  75.69143874],
[  9.58768614   3.85549061  75.69774238],
[  3.24466239  14.6783304   75.85746937],
[  9.92773606   3.59619863  75.8866609 ],
[  8.30709697   6.51387693  75.94358708],
[  7.88019837   9.38389521  76.01474029],
[  9.52344007   2.93343382  76.04705128],
[  5.28509379  13.0010993   76.11762099],
[  9.10218255   4.468091    76.23334309],
[  8.40712746   4.28993105  76.24915453],
[  8.77864247   5.14847994  76.25196583],
[  3.99922646  11.4240581   76.3498245 ],
[  6.11421764  12.89020812  76.41826306],
[  4.28684702  12.33731516  76.45169673],
[  3.46156581  13.74103717  76.5263314 ],
[  6.61935848  12.60326603  76.59619824],
[  2.49065362  12.04417439  76.65564183],
[  4.79734336  13.39609356  76.7329669 ],
[  5.09928485  10.95919645  76.96577541],
[  7.92739131  10.22114795  77.10076467],
[  8.29693336   9.87593516  77.12820991],
[  5.92540101  11.70462589  77.3477731 ],
[  5.94685985  12.08834884  77.35922584],
[  4.10176287  13.70971583  77.54331573],
[  4.16560331  12.22711362  77.63997159],
[  8.09185705   6.34380883  77.68730642],
[  9.07532174   3.59500834  77.93381996],
[  9.23861584   4.65149876  77.98350825],
[  6.75929096  11.16355034  78.01443402],
[  9.2513402    6.22714224  78.23795662],
[  8.59392136   6.57744216  78.32099876],
[  3.54126919  11.49139544  78.45164068],
[  9.15976586   3.98130368  78.45794641],
[  3.09639109  13.66555017  78.5158918 ],
[  6.98996738   9.73938041  78.51887635],
[  7.59551107  10.9905283   78.55585269],
[  8.14104056  11.68171422  78.68299846],
[  8.55568827  10.14478009  78.88490025],
[  7.25632554   9.30573622  79.00108204],
[  9.43881919   7.62839695  79.02838487],
[  6.2465817   11.8074971   79.03189088],
[  4.91635075  12.96784834  79.05493004],
[  7.73651031   8.32696339  79.16867684],
[  8.66062267   3.35465796  79.17459355],
[  8.70967055  10.97417925  79.28598394],
[  6.08450308  11.17002949  79.44393087],
[  5.66587894  11.30065226  79.5714244 ],
[  2.75360143  12.23777826  79.60807394],
[  3.99224729  11.74622083  79.61636067],
[  4.76156523  13.34575372  79.62771768],
[  2.55328093  12.28425818  79.67682972],
[  9.29515829   4.3492865   79.83459653],
[  8.22972703   7.17568617  79.8385994 ],
[  3.19296757  13.57227731  79.86166032],
[  7.82503545   8.43686006  79.8759417 ],
[  5.43901741  11.1987263   79.95192996],
[ 10.15446886   4.84211603  79.96413285],
[  7.04710804  11.27132603  80.2657023 ],
[  2.83984633  12.56704127  80.45732629],
[  8.04227066  11.33410534  80.68463596],
[  9.05577114   5.38084049  80.69836447],
[  3.18655208  11.45046809  81.01174373],
[  9.05885476   5.5369414   81.04833663],
[  5.68261808  12.8310462   81.14429025],
[  5.42282084  10.88644083  81.3348346 ],
[  7.18144347   9.61678238  81.40175747],
[  9.21279454   5.41544205  81.51136554],
[  6.98167933  11.33548055  81.55681933],
[  5.85719576  10.6294919   81.57987951],
[  2.81073923  12.63460568  81.58744206],
[  8.44401163   8.93061219  81.61079996],
[  4.95976305  13.41202829  81.61972255],
[  6.31271305  10.42739696  81.73040265],
[  3.36855874  13.2634481   81.83651896],
[  8.51652395   7.99004169  81.8559885 ],
[  4.23334676  11.69082263  81.94183636],
[  9.6760557    7.9611025   82.36069899],
[  9.57793168   6.35229456  82.37791156],
[  4.37347551  12.33645076  82.56991287],
[  5.56085452  10.38462385  82.80620233],
[  8.52262958   6.84074089  82.84622488],
[  5.04693694  13.39216244  82.96353682],
[  9.89196509   6.92950163  82.98260474],
[  5.08007081  10.65541417  83.15732817],
[  7.3592677    9.98514198  83.36848008],
[  6.68919071  11.89276993  83.5960515 ],
[  5.42720381  11.68217315  83.60448021],
[  9.50910558   3.69648077  83.74223029],
[  9.13168448   3.99406191  83.86320519],
[  5.87560552  10.47904996  83.88313376],
[  7.84659329  10.51429029  83.94673769],
[  8.03117715   7.31798771  84.15222792],
[  8.9424571    4.73593646  84.1680756 ],
[  5.55834149  11.25082768  84.17924742],
[  6.797623     9.9063566   84.53350326],
[  9.37770322   2.98482358  84.53747865],
[  8.03425134   6.23123606  84.62073848],
[  5.60707705  11.37314066  84.64490388],
[  9.16367904   4.14690845  84.66335046],
[  7.30723865   8.68577098  84.74873918],
[  7.74338112   7.09713804  84.88314746],
[  4.8467516   12.73056752  84.92652485],
[  7.90905567  10.6549883   84.98273729],
[  8.7826049    6.82799408  84.99757362],
[  3.381014    12.7419916   85.00644259],
[  6.73321947   9.46917077  85.05926493],
[  9.09480044   5.65805603  85.31615435],
[  7.55514061   8.3485451   85.35180971],
[  9.65648406   2.74516395  85.38383249],
[  8.14055948  10.14393984  85.40160031],
[  7.73677215   7.47346153  85.4401494 ],
[  4.77765332  11.0167281   85.49543614],
[  5.99722654  10.84818187  85.56824159],
[  9.58575571   5.33474797  85.70518935],
[  9.22947575   6.75674844  85.74560766],
[  3.91967278  12.68214951  85.74883777],
[  9.2476811    2.98537624  85.85080447],
[  7.8599626   11.17259427  85.94469326],
[  6.4979474   12.69931017  86.08798981],
[  7.72546315   9.42063794  86.11196823],
[  2.74957     13.81999742  86.15830167],
[  6.80664407  10.98697267  86.21305713],
[  3.16106857  14.18760351  86.33275775],
[  8.82244385   9.74532436  86.40311286],
[  9.36600645   9.64226512  86.54828279],
[  7.58715599   7.83343435  86.62354338],
[  9.00761108   3.00520336  86.68034183],
[  8.82315812  10.43606898  86.72842372],
[  8.84978575   9.03522261  86.74442689],
[  3.69514565  14.29576289  86.9148781 ],
[  8.76360157  10.58193705  87.00387256],
[  6.96496829  12.78919523  87.01204622],
[  8.45029692  10.15170395  87.09223017],
[  6.87019243   9.53347275  87.41533236],
[  9.41179199   5.08725164  87.44049912],
[  4.78024284  13.99604805  87.44842923],
[  8.65449803   8.42362329  87.50891982],
[  5.28512561  11.90752852  87.70688446],
[  5.96326873   9.99955833  87.74680491],
[  8.22130185   4.84869887  87.82659455],
[  5.25788361  10.5475555   87.90227152],
[  4.56136867  14.00749202  88.00366768],
[  6.00668011  12.29338533  88.04855142],
[  4.55528484  12.10189873  88.38749841],
[  3.84195445  13.48635161  88.54693741],
[  8.33949674   4.34209734  88.82399638],
[  8.31085965  11.02848983  88.87907359],
[  8.90345548   4.1460654   89.05303619],
[  6.37159153  11.07508807  89.26251899],
[  4.09952001  13.79072769  89.27965218],
[  6.47732553  10.88065984  89.42158763],
[  6.67467363  10.31467415  89.43758264],
[  8.09484834   7.3298962   89.47448573],
[  4.07621204  11.47359191  89.60766997],
[  5.0711515   14.0208403   89.66117968],
[  7.23450709  11.13172108  89.75298073],
[  8.61235047   5.13978214  89.84312889],
[  5.27055424  12.59568913  89.89101907],
[  8.84099697   6.45190318  90.14387777],
[  4.40577824  14.2287244   90.39530077],
[  6.34345721  10.839047    90.53618319],
[  7.09118583   9.01671865  90.58519743],
[  3.05045585  12.82476093  90.73037094],
[  8.80976009   9.54934018  90.76832809],
[  6.72765617   9.6889904   91.04083148],
[  8.55436753   6.55846907  91.25843042],
[  8.36253093   5.02360068  91.35548047],
[  5.60271625  12.12462704  91.44911443],
[  5.86394008  11.99623905  91.51481959],
[  5.95750903  13.55763538  91.53419668],
[  8.20348453   8.15300829  91.54987284],
[  2.93082663  14.64077705  91.56860289],
[  9.56409161   4.4118883   91.61370552],
[  5.36870663  10.74032421  91.70720879],
[  4.34091819  14.12341744  91.71776761],
[  7.85058392   6.65709636  91.77241444],
[  4.93665716  12.69508552  91.77597627],
[  6.03570138  12.95174728  92.11864849],
[  3.23377513  11.73372751  92.15036113],
[  8.77023143   6.04826967  92.20656439],
[  2.78098507  12.97584245  92.40470014],
[  8.61688207   4.18586443  92.52881168],
[  2.66535054  12.31167367  92.64587157],
[  8.47522704   4.02286413  92.89143074],
[  8.18866237   5.32505829  92.95744692],
[  8.26891643   4.77623422  92.97602214],
[  6.96430216  10.4311307   92.98924453],
[  8.37344228   5.70896562  93.23543743],
[  3.08514355  14.72862009  93.35695147],
[  8.63391908  10.75144393  93.46863998],
[  4.04494697  11.42492394  93.51860083],
[  4.66944823  13.26643096  93.83196975],
[  5.38140513  12.32221647  93.86426002],
[  4.03672909  12.8393751   93.96019208],
[  3.46391018  12.581525    94.08217701],
[  6.63908403  10.95673178  94.33198199],
[  4.67989866  12.42788477  94.74238903],
[  8.06364112  11.66672982  94.80158731],
[  4.31763155  13.30805803  95.02277786],
[  3.80202672  14.40044196  95.02873999],
[  6.87020692  10.71372714  95.0752033 ],
[  8.40509769  11.39721869  95.07723868],
[  5.24537119  10.61847696  95.81568144],
[  6.78030278  10.58412065  95.83813465],
[  5.2376199   13.05127228  95.84552768],
[  9.1165692    5.10881606  95.85628566],
[  7.22692115   8.5119398   95.85913467],
[  9.30401909   2.7151888   95.86180975],
[  9.23681151   9.85457366  96.12900003],
[  8.88494148   5.62463875  96.18385325],
[  6.84757153  11.27362692  96.20371775],
[  5.28139112  13.49162454  96.48443562],
[  8.55575015   4.21244008  96.72909325],
[ 10.18317558   4.67556337  96.81577223],
[  9.02913845   5.61001184  96.93757952],
[  7.74903538   8.01371409  97.0169717 ],
[  8.9247062    3.53931252  97.03594837],
[  5.91014356  10.87893692  97.04607354],
[  7.89486242   7.22531379  97.20049297],
[  8.46379823   6.28355533  97.69172205],
[  7.55124936   8.44440931  97.83617893],
[  9.56916483   5.08186417  97.89458193],
[  7.85082134   8.02057902  97.9549971 ],
[  7.70054689   9.63616311  98.57280876],
[  5.58154533  12.95434548  98.61096956],
[  9.39429495   9.01453811  98.71095183],
[  9.53459328   6.8454246   98.7572627 ],
[  9.79107783   4.52537117  99.04213079],
[  7.36273438  11.90667797  99.1018926 ],
[  4.97660713  13.52456153  99.32005645],
[  3.15118457  13.28979622  99.39350213],
[  8.40371599   4.02071269  99.50140299],
[  7.7450669    8.16665018  99.6533427 ],
[  5.46577359  11.54672512  99.69023901],
[  7.30451838   8.32624503  99.76947437],
[  9.81960311   2.75074869  99.78091033],
[  4.81935039  13.54366846  99.86421967],
[  8.19176891   5.85649696  99.89831615],
