[ 4.10112197  8.43258536  0.06576967],
[ 2.36367247  8.96363275  0.2032037 ],
[ 6.91632719  4.62550922  0.23520077],
[ 4.86498108  7.92334595  0.28432561],
[ 6.35562639  5.46656042  0.2851121 ],
[ 5.79643904  6.61068287  0.56672704],
[ 4.48930542  8.17379639  0.57061109],
[ 6.62805704  5.05791445  0.68210752],
[ 6.72969602  4.90545597  0.83900052],
[ 4.61134718  8.09243521  1.04769289],
[ 6.10030298  5.84954552  1.19409039],
[ 5.48722421  7.50851719  1.33495226],
[ 3.35915677  8.75633729  1.68196597],
[ 2.64035623  8.93596438  1.78089099],
[ 2.33179341  8.96682066  1.86139796],
[ 6.57536624  5.13695064  1.89000156],
[ 2.76494974  8.92350503  1.93772426],
[ 6.99509811  4.50735283  1.97692381],
[ 6.44652942  5.33020587  1.99675584],
[ 6.51687432  5.22468852  1.99925288],
[ 3.98916246  8.50433501  2.02319451],
[ 5.2569745   7.662017    2.26276855],
[ 4.41918774  8.22054151  2.44038709],
[ 4.46929218  8.18713854  2.45827898],
[ 6.95840311  4.56239533  2.54494914],
[ 4.72700897  8.01532736  2.55403386],
[ 6.0808529   5.87872065  2.56531312],
[ 6.28685695  5.56971457  2.58401916],
[ 4.81734324  7.95510451  2.8433528 ],
[ 5.25578592  7.66280939  2.86358073],
[ 6.20415458  5.69376813  3.35216126],
[ 5.41039135  7.5597391   3.41597463],
[ 2.27536582  8.97246342  3.5025102 ],
[ 4.49205817  8.17196122  3.52671716],
[ 5.82246529  6.53260412  3.63438325],
[ 5.49769985  7.50153344  3.74151154],
[ 3.85747126  8.5570115   3.87520521],
[ 6.11751583  5.82372626  3.89884796],
[ 3.22245016  8.81101994  3.94628372],
[ 5.99837235  6.00488296  4.00044973],
[ 4.50193892  8.16537405  4.07729295],
[ 5.51931705  7.44204884  4.17683075],
[ 3.85982157  8.55607137  4.21904128],
[ 6.07409989  5.88885017  4.33530128],
[ 5.73986424  6.78040729  4.44282221],
[ 6.06945947  5.89581079  4.55680705],
[ 5.52501814  7.42494559  4.55690153],
[ 6.0567919   5.91481216  4.67879176],
[ 6.66577466  5.001338    4.75895656],
[ 6.38022039  5.42966941  4.78846166],
[ 5.30340566  7.63106289  4.98504884],
[ 4.32444366  8.28370423  5.17898412],
[ 5.87015421  6.38953737  5.26736085],
[ 6.2663786   5.6004321   5.34414278],
[ 5.94007687  6.17976938  5.37109772],
[ 5.89720693  6.3083792   5.53156874],
[ 3.29342632  8.78262947  5.58632043],
[ 2.00943035  8.99905697  5.59877127],
[ 4.34147844  8.2723477   5.64058394],
[ 3.90977795  8.53608882  5.7337124 ],
[ 4.51137621  8.15908253  5.74533118],
[ 6.50549968  5.24175048  5.89692286],
[ 6.51429319  5.22856022  6.14086971],
[ 5.44656881  7.53562079  6.15109211],
[ 5.17328455  7.7178103   6.21829797],
[ 5.07977226  7.78015183  6.22080196],
[ 2.64534321  8.93546568  6.52532749],
[ 4.91729765  7.88846824  6.59922028],
[ 6.8162679   4.77559814  6.71454579],
[ 6.97753573  4.5336964   6.92454295],
[ 4.30582325  8.29611783  6.92623423],
[ 2.83290307  8.91670969  6.9328964 ],
[ 5.83344452  6.49966644  7.06704076],
[ 4.14966852  8.40022099  7.0845853 ],
[ 4.52205364  8.15196424  7.15935993],
[ 6.4327335   5.35089975  7.26872804],
[ 3.14320916  8.84271634  7.30470528],
[ 6.58687856  5.11968215  7.42311679],
[ 4.34291021  8.27139319  7.58847737],
[ 6.69510938  4.95733593  7.72655172],
[ 5.22459323  7.68360451  7.79837473],
[ 2.12749733  8.98725027  7.80099422],
[ 3.67822506  8.62870998  8.02407085],
[ 5.44017701  7.539882    8.14077909],
[ 2.88829815  8.91117018  8.201729  ],
[ 4.79102401  7.97265066  8.39918337],
[ 2.84341975  8.91565802  8.58619025],
[ 5.35193048  7.59871301  8.786449  ],
[ 2.05972157  8.99402784  8.94367952],
[ 5.86021479  6.41935562  9.09756592],
[ 2.89060359  8.91093964  9.15410087],
[ 5.97915747  6.06252758  9.25442839],
[ 6.27105679  5.59341482  9.26236052],
[ 6.0745182   5.88822271  9.46561785],
[ 3.00558162  8.89776735  9.68219382],
[ 4.16563483  8.38957678  9.78437855],
[  3.81067015   8.57573194  10.04468278],
[  5.24907188   7.66728541  10.23642024],
[  3.14645443   8.84141823  10.32841928],
[  4.33711119   8.27525921  10.40163066],
[  5.69869778   6.90390666  10.40612293],
[  6.71300504   4.93049244  10.42428484],
[  6.04962082   5.92556877  10.46020814],
[  4.84846963   7.93435358  10.47699532],
[  6.42089969   5.36865046  10.50758876],
[  6.39532413   5.4070138   10.52371236],
[  2.15827289   8.98417271  10.60101128],
[  4.88565658   7.90956228  10.61027983],
[  2.02403215   8.99759679  10.75425755],
[  2.22239533   8.97776047  10.79377289],
[  4.67390057   8.05073295  10.86608621],
[  4.49766043   8.16822638  10.97017378],
[  5.5067141    7.4798577   11.03565668],
[  5.5         7.5        11.0595014],
[  6.59461103   5.10808346  11.05959031],
[  3.03986749   8.884053    11.15598321],
[  4.06268012   8.45821325  11.31364436],
[  5.81479784   6.55560647  11.42179916],
[  4.11966987   8.42022009  11.53641206],
[  6.36432368   5.45351448  11.55898978],
[  6.74761661   4.87857508  11.60451571],
[  5.81770077   6.54689768  11.65213434],
[  6.58236725   5.12644912  11.75838722],
[  6.42085944   5.36871083  11.78678164],
[  6.84507615   4.73238577  11.82664046],
[  3.91266517   8.53493393  11.92637202],
[  6.71582181   4.92626729  11.92997623],
[  6.79443039   4.80835442  12.04845238],
[  3.22735488   8.80905805  12.13759304],
[  4.06079457   8.45947029  12.19184433],
[  5.73219728   6.80340816  12.19740295],
[  3.49841482   8.70063407  12.55396854],
[  6.84544726   4.73182911  12.61409858],
[  3.18637218   8.82545113  12.78660227],
[  3.71610892   8.61355643  12.80826027],
[  2.70603712   8.92939629  12.88118449],
[  6.06973885   5.89539172  13.12279681],
[  3.43844078   8.72462369  13.23674589],
[  2.50891717   8.94910828  13.37176603],
[  2.96135772   8.90386423  13.39523903],
[  6.76400442   4.85399338  13.40037239],
[  2.10591502   8.9894085   13.52427301],
[  2.67037645   8.93296235  13.68604526],
[  2.65366106   8.93463389  13.70117744],
[  6.2532993    5.62005106  13.73013838],
[  6.2759348    5.58609779  13.74411892],
[  3.53398532   8.68640587  13.79359548],
[  2.09769132   8.99023087  13.84556664],
[  3.59041742   8.66383303  14.03668814],
[  4.97206309   7.85195794  14.06066414],
[  5.07831269   7.78112488  14.12194737],
[  5.80883502   6.57349494  14.13297241],
[  3.17610065   8.82955974  14.16893625],
[  5.51589443   7.45231671  14.22070723],
[  6.61027262   5.08459107  14.34507854],
[  3.25674155   8.79730338  14.57613266],
[  6.20249381   5.69625929  14.80311708],
[  3.69379409   8.62248236  15.22727132],
[  6.13252982   5.80120526  15.22855782],
[  4.25771398   8.32819068  15.26909043],
[  6.40205032   5.39692452  15.68963713],
[  5.61101756   7.16694732  15.7832812 ],
[  4.53828346   8.14114436  15.80386728],
[  4.45847879   8.19434748  15.84091441],
[  2.58702631   8.94129737  15.86284367],
[  3.97069282   8.51172287  15.95393825],
[  3.51592618   8.69362953  15.96751496],
[  5.93199846   6.20400463  15.98824518],
[  5.50515872   7.48452383  16.03959602],
[  4.71017988   8.02654675  16.14517065],
[  5.59319056   7.22042832  16.18020526],
[  4.58427819   8.11048121  16.237846  ],
[  4.38166028   8.24555982  16.24276076],
[  6.51142607   5.23286089  16.46137696],
[  5.88842769   6.33471693  16.56151767],
[  3.1252422    8.84990312  16.67704368],
[  3.38106637   8.74757345  16.75202002],
[  4.50116327   8.16589116  16.86954414],
[  6.80558372   4.79162441  16.89466284],
[  4.78305069   7.97796621  16.95390853],
[  6.1634204    5.75486939  16.957393  ],
[  6.21465639   5.67801541  16.97677719],
[  4.55686276   8.12875816  16.98714863],
[  2.84769949   8.91523005  17.15133683],
[  5.9375103    6.1874691   17.21469466],
[  2.60039453   8.93996055  17.45575693],
[  2.61795864   8.93820414  17.63150575],
[  2.5059864    8.94940136  17.64497374],
[  3.58844547   8.66462181  17.81701377],
[  6.35377035   5.46934447  17.88700119],
[  2.66831508   8.93316849  17.96796425],
[  4.21291133   8.35805911  18.01015269],
[  5.54329148   7.37012555  18.02154021],
[  6.60134925   5.09797613  18.08260838],
[  5.47167653   7.51888231  18.10127225],
[  2.89485782   8.91051422  18.13810084],
[  3.54533554   8.68186578  18.19951411],
[  4.23614647   8.34256902  18.20232558],
[  6.03513646   5.9472953   18.23458109],
[  5.14974316   7.73350456  18.31005095],
[  6.10545035   5.84182447  18.41422027],
[  6.80537681   4.79193479  18.48729846],
[  6.21130636   5.68304046  18.50714994],
[  6.0281627    5.95775595  18.51309275],
[  2.6367339    8.93632661  18.65405266],
[  2.18128618   8.98187138  18.77168642],
[  5.41053223   7.55964518  18.79209904],
[  6.15067728   5.77398408  18.98573908],
[  5.5478511    7.35644669  19.03403914],
[  6.22823194   5.65765208  19.11654267],
[  4.0030989    8.49793406  19.1394879 ],
[  2.48408849   8.95159115  19.1898476 ],
[  2.32752896   8.9672471   19.21773988],
[  2.61500721   8.93849928  19.23487633],
[  5.90165157   6.29504528  19.24207452],
[  4.08999724   8.44000184  19.41662519],
[  6.5051196    5.2423206   19.63147771],
[  5.46592246   7.52271836  19.6337144 ],
[  2.96374961   8.90362504  19.7745495 ],
[  5.42493572   7.55004285  19.85110552],
[  6.81293649   4.78059527  19.95062256],
[  4.23998194   8.34001204  20.08388969],
[  5.68874137   6.9337759   20.11887693],
[  4.43957828   8.20694781  20.29237927],
[  5.94676158   6.15971526  20.34360567],
[  6.69176902   4.96234647  20.40988946],
[  5.00405218   7.83063188  20.4687472 ],
[  4.33526225   8.27649183  20.70691669],
[  3.29934041   8.78026383  20.79272463],
[  4.80741851   7.961721    20.84102044],
[  6.55435987   5.16846019  20.95620001],
[  3.94046194   8.52381523  20.95760568],
[  4.31729417   8.28847055  21.2538764 ],
[  6.94504812   4.58242782  21.26867803],
[  6.09809064   5.85286404  21.41303501],
[  6.84536844   4.73194734  21.4685532 ],
[  5.29947573   7.63368285  21.47592812],
[  6.60982927   5.08525609  21.60402026],
[  4.0365496    8.4756336   21.65196058],
[  4.86553475   7.92297683  21.75856138],
[  6.41945051   5.37082424  21.81123188],
[  4.41250455   8.22499697  21.82944142],
[  6.38752306   5.41871541  21.88071376],
[  5.80499022   6.58502934  21.92419864],
[  5.21454117   7.69030588  22.03774879],
[  4.09321805   8.43785463  22.0883659 ],
[  5.09419531   7.77053646  22.35695029],
[  5.06659649   7.78893568  22.66222527],
[  2.37343135   8.96265686  22.66725094],
[  4.37070871   8.25286086  22.67950494],
[  5.16804715   7.7213019   22.96171628],
[  2.33414156   8.96658584  23.07907687],
[  6.41322952   5.38015572  23.23774749],
[  4.06247182   8.45835212  23.32476715],
[  5.93089579   6.20731263  23.38478854],
[  2.66751301   8.9332487   23.47789077],
[  4.20855118   8.36096588  23.54993764],
[  5.66926356   6.99220933  23.55075484],
[  6.73163654   4.90254518  23.58377593],
[  4.6317866    8.07880894  23.6915387 ],
[  4.46301454   8.19132364  23.88676796],
[  2.70897337   8.92910266  23.93841565],
[  5.08813431   7.77457713  23.95404014],
[  6.21866514   5.67200229  24.00194997],
[  3.07834481   8.86866207  24.01332861],
[  3.70918123   8.61632751  24.1076198 ],
[  4.92965143   7.88023238  24.29143843],
[  2.71455126   8.92854487  24.37471792],
[  6.73328347   4.90007479  24.42154755],
[  4.299177     8.30054867  24.42257609],
[  6.54202333   5.186965    24.53650566],
[  2.38420529   8.96157947  24.57677179],
[  5.39541722   7.56972185  24.99086169],
[  2.55768425   8.94423158  25.144574  ],
[  5.13531546   7.74312302  25.27831371],
[  5.85056639   6.44830083  25.2784677 ],
[  4.32833098   8.28111268  25.35225957],
[  6.00261482   5.99607778  25.44647753],
[  2.4220288    8.95779712  25.81853791],
[  5.71155591   6.86533227  25.98912308],
[  6.49336591   5.25995113  26.06472118],
[  5.29611413   7.63592392  26.14247471],
[  2.75115817   8.92488418  26.16449237],
[  2.07223858   8.99277614  26.260741  ],
[  5.87566701   6.37299896  26.44866201],
[  4.27812396   8.31458403  26.56196246],
[  5.01978085   7.8201461   26.56892146],
[  6.90261687   4.6460747   26.63562711],
[  4.17256397   8.38495736  26.70970781],
[  4.73611624   8.00925584  26.76486004],
[  6.24559875   5.63160187  26.9328533 ],
[  6.57731336   5.13402995  27.01761603],
[  4.4671083    8.18859447  27.18993638],
[  6.82362723   4.76455915  27.19612569],
[  5.23413534   7.67724311  27.28001791],
[  3.00152022   8.89939191  27.54475321],
[  3.23612802   8.80554879  27.71656556],
[  4.67513828   8.04990781  27.8097492 ],
[  6.96138734   4.55791899  27.9293669 ],
[  5.49109459   7.50593694  27.98128166],
[  4.25110302   8.33259799  28.36162558],
[  6.43432199   5.34851701  28.41688099],
[  6.07429313   5.88856031  28.43467763],
[  6.26558224   5.60162664  28.45129757],
[  2.62969055   8.93703094  28.45463953],
[  3.43903385   8.72438646  28.5148306 ],
[  6.92975772   4.60536342  28.6176526 ],
[  2.0290659    8.99709341  28.63335375],
[  2.70184432   8.92981557  28.68557316],
[  5.28291507   7.64472328  28.78230506],
[  4.89037657   7.90641562  28.82909473],
[  3.60213309   8.65914676  28.86671635],
[  3.06491296   8.87403482  29.16988483],
[  6.41533796   5.37699307  29.39484767],
[  4.22683909   8.34877394  29.50325361],
[  5.21310298   7.69126468  29.8893876 ],
[  3.29618085   8.78152766  29.91711304],
[  3.07335147   8.87065941  30.19064278],
[  2.19164213   8.98083579  30.22734756],
[  6.45393992   5.31909011  30.25137668],
[  3.87893738   8.54842505  30.29628649],
[  5.93252341   6.20242976  30.30123105],
[  6.31433642   5.52849537  30.38179627],
[  2.53349007   8.94665099  30.50053225],
[  5.75052438   6.74842687  30.53036502],
[  6.76254064   4.85618904  30.64518989],
[  5.08750462   7.77499692  30.98118819],
[  6.39031066   5.41453401  31.02041867],
[  6.73730139   4.89404791  31.04137892],
[  4.64701573   8.06865618  31.0979332 ],
[  6.40231748   5.39652378  31.26288404],
[  6.59764616   5.10353077  31.26507485],
[  6.32418897   5.51371655  31.40909127],
[  6.98264422   4.52603367  31.46605854],
[  6.06585724   5.90121414  31.58514338],
[  3.36874446   8.75250221  31.7302678 ],
[  6.22234409   5.66648386  32.19854126],
[  5.10350714   7.76432857  32.39324198],
[  3.95676557   8.51729377  32.41746996],
[  6.39357926   5.40963111  32.44758574],
[  4.09469892   8.43686739  32.61650623],
[  2.50598259   8.94940174  32.65308745],
[  6.0491659    5.92625114  32.68969667],
[  6.14386866   5.78419702  32.69046697],
[  3.08170083   8.86731967  32.73687301],
[  6.24238493   5.6364226   32.75162688],
[  5.94478911   6.16563266  32.75329481],
[  5.88081047   6.35756858  32.88091437],
[  6.70269089   4.94596367  32.88758832],
[  6.26119865   5.60820202  32.90163382],
[  3.78956554   8.58417379  32.97268879],
[  5.15835884   7.72776077  33.19961646],
[  6.73643273   4.8953509   33.48014992],
[  5.75918332   6.72245005  33.55089081],
[  3.51392465   8.69443014  33.68163565],
[  6.07922448   5.88116328  33.72301133],
[  4.59780933   8.10146045  33.74721783],
[  4.93693111   7.87537926  33.75189298],
[  6.88494726   4.6725791   33.78976506],
[  5.70104763   6.89685712  33.81505114],
[  5.65114743   7.0465577   33.9778138 ],
[  5.45388488   7.53074341  33.9794273 ],
[  3.99966019   8.50013592  34.10161824],
[  5.18530498   7.70979668  34.11274756],
[  6.76031541   4.85952688  34.16939802],
[  3.39058725   8.7437651   34.2290074 ],
[  6.48575364   5.27136954  34.41594487],
[  6.10299285   5.84551073  34.56837691],
[  6.36018959   5.45971561  34.65316343],
[  5.72101468   6.83695595  34.74487474],
[  3.19066872   8.82373251  34.75685459],
[  2.44970101   8.9550299   34.78427391],
[  5.2759975    7.649335    34.90009229],
[  6.47041279   5.29438082  34.92453791],
[  2.92132649   8.90786735  34.95003902],
[  5.98322924   6.05031229  34.99636238],
[  4.52616336   8.14922443  35.02446286],
[  6.09381544   5.85927685  35.07434175],
[  5.35656877   7.59562082  35.38851848],
[  2.4587818    8.95412182  35.78542981],
[  3.75967222   8.59613111  35.92963469],
[  6.89498936   4.65751596  35.93777242],
[  3.95033159   8.51986736  35.95445607],
[  3.28369456   8.78652218  36.07690397],
[  2.04154001   8.995846    36.09638061],
[  4.51819454   8.15453697  36.39581319],
[  3.88405404   8.54637838  36.50657325],
[  3.28859635   8.78456146  36.51799182],
[  5.95956199   6.12131403  36.52715928],
[  6.33930572   5.49104142  36.70864514],
[  5.26652387   7.65565075  36.72766264],
[  4.95363805   7.8642413   37.06678657],
[  6.22568124   5.66147814  37.36210075],
[  5.89033143   6.3290057   37.44882861],
[  6.55623197   5.16565204  37.51335626],
[  3.57743192   8.66902723  37.59213429],
[  2.75728634   8.92427137  37.6621037 ],
[  5.66434642   7.00696075  37.76902893],
[  6.58286537   5.12570194  37.8115578 ],
[  5.97026015   6.08921954  37.96882012],
[  3.75333679   8.59866528  38.22401881],
[  3.13295113   8.84681955  38.254647  ],
[  2.09478053   8.99052195  38.25490362],
[  5.76764644   6.69706069  38.30981808],
[  6.51088243   5.23367636  38.40470431],
[  5.9895758    6.03127259  38.41704708],
[  6.86355342   4.70466987  38.6418763 ],
[  3.05283869   8.87886452  38.7364847 ],
[  5.21296099   7.69135934  38.74251404],
[  6.73566455   4.89650318  38.74914843],
[  2.31444578   8.96855542  38.81970662],
[  2.39570544   8.96042946  38.82983741],
[  3.484611     8.7061556   38.87040057],
[  6.58236348   5.12645478  39.05561755],
[  5.45283834   7.53144111  39.1000163 ],
[  4.82368311   7.95087792  39.19233479],
[  5.67396913   6.9780926   39.203789  ],
[  3.68876944   8.62449222  39.33388928],
[  5.54277723   7.37166832  39.37047255],
[  4.95999218   7.86000521  39.5932265 ],
[  3.84760157   8.56095937  39.70637952],
[  3.70062803   8.61974879  39.71973192],
[  2.84773501   8.9152265   39.76853627],
[  6.47227216   5.29159176  39.79648645],
[  3.14209318   8.84316273  39.8894429 ],
[  3.09876208   8.86049517  39.94810257],
[  6.71900535   4.92149198  39.98216151],
[  6.18315944   5.72526085  39.99258033],
[  6.43266236   5.35100646  39.99958607],
[  5.60743401   7.17769796  40.11964824],
[  5.78014847   6.65955458  40.28961862],
[  4.27222922   8.31851385  40.52807239],
[  4.50942955   8.1603803   40.7655959 ],
[  4.70196005   8.03202663  40.8847636 ],
[  5.6189111    7.14326671  40.89924436],
[  6.53119813   5.2032028   41.04899117],
[  6.97888011   4.53167983  41.13450121],
[  2.44628136   8.95537186  41.47719371],
[  4.63112095   8.0792527   41.50264295],
[  5.17615663   7.71589558  41.66438933],
[  6.63542091   5.04686864  41.78617002],
[  2.05616279   8.99438372  41.94277963],
[  6.32848853   5.50726721  42.26299682],
[  6.72665423   4.91001866  42.26809389],
[  4.69711195   8.0352587   42.37912666],
[  6.77395339   4.83906992  42.3909029 ],
[  6.78235378   4.82646934  42.81919713],
[  6.10141996   5.84787006  42.84499809],
[  4.3312425    8.27917166  42.85586893],
[  6.43264624   5.35103064  42.9367742 ],
[  6.49654268   5.25518598  43.16564543],
[  4.85280647   7.93146235  43.18501345],
[  6.91748959   4.62376562  43.25781574],
[  3.34772404   8.76091039  43.32514841],
[  6.7350412    4.89743819  43.4279155 ],
[  6.5511559    5.17326615  43.51182704],
[  5.4707388    7.51950747  43.54179958],
[  5.67313737   6.9805879   43.62107919],
[  6.74882704   4.87675944  43.73757565],
[  6.70484007   4.9427399   43.89787576],
[  6.04515122   5.93227318  44.31655602],
[  2.0095379    8.99904621  44.42582592],
[  2.01383766   8.99861623  44.52988453],
[  2.03631521   8.99636848  44.57994832],
[  5.95129432   6.14611703  44.63817833],
[  5.95136627   6.1459012   45.03162644],
[  4.76097174   7.99268551  45.06433145],
[  2.24992728   8.97500727  45.17446462],
[  5.63741631   7.08775107  45.26123109],
[  6.16085833   5.75871251  45.29792244],
[  3.02814273   8.88874291  45.30754234],
[  4.89789827   7.90140115  45.34341519],
[  2.80449144   8.91955086  45.34517836],
[  6.2136625    5.67950625  45.55642958],
[  6.96958023   4.54562966  45.5797959 ],
[  5.84860388   6.45418837  45.71019987],
[  6.18300482   5.72549278  45.82264637],
[  2.9368653    8.90631347  45.83343652],
[  5.72825723   6.81522832  45.86544142],
[  6.35525201   5.46712199  45.94471219],
[  6.77286362   4.84070457  45.990608  ],
[  6.84349062   4.73476408  46.31216   ],
[  4.80576564   7.96282291  46.55434333],
[  5.43906327   7.54062449  46.8386873 ],
[  2.96334764   8.90366524  47.2523151 ],
[  2.98143522   8.90185648  47.27894606],
[  5.49695285   7.50203143  47.3887899 ],
[  6.08590682   5.87113977  47.72011376],
[  5.5395699    7.38129031  48.08692198],
[  6.47850688   5.28223968  48.4089317 ],
[  5.905909     6.28227299  48.44391143],
[  5.03270449   7.81153034  48.44648349],
[  6.05987907   5.9101814   48.50822751],
[  2.40846282   8.95915372  48.7037877 ],
[  5.98246629   6.05260113  48.78806284],
[  6.0646159    5.90307615  48.87496772],
[  5.50290096   7.49129713  48.91556418],
[  3.3720584    8.75117664  49.0126343 ],
[  6.82304492   4.76543262  49.03417502],
[  6.54484807   5.18272789  49.16969379],
[  5.93582611   6.19252166  49.20875444],
[  5.78865346   6.63403961  49.27364905],
[  6.69643896   4.95534155  49.41602211],
[  6.0254038    5.96189431  49.83515889],
[  6.29021526   5.56467711  49.84127271],
[  6.4766111    5.28508335  49.84919487],
[  5.84922552   6.45232344  49.88016828],
[  3.21137319   8.81545073  50.03281345],
[  5.56531819   7.30404542  50.07941674],
[  6.92451591   4.61322614  50.14241985],
[  5.85379117   6.43862648  50.17026231],
[  5.51042224   7.46873328  50.23059888],
[  3.02077732   8.89168907  50.32421145],
[  4.3717542    8.25216387  50.51530551],
[  5.76072198   6.71783405  50.51821111],
[  6.50744499   5.23883252  50.65911576],
[  2.80634971   8.91936503  50.74554411],
[  4.90018577   7.89987615  50.78335646],
[  4.25887646   8.3274157   50.80739598],
[  3.04198082   8.88320767  50.84549857],
[  5.94465364   6.16603907  51.01809949],
[  5.77126357   6.6862093   51.04594482],
[  4.03295833   8.47802778  51.06675148],
[  5.52511522   7.42465435  51.07253357],
[  2.4196167    8.95803833  51.09938437],
[  5.85849479   6.42451564  51.17492182],
[  5.12053377   7.75297749  51.21595349],
[  4.9631679    7.85788807  51.21831487],
[  3.32531569   8.76987372  51.27519018],
[  6.38300464   5.42549304  51.55526759],
[  6.8127292    4.78090619  51.62441461],
[  5.14640071   7.73573286  51.80424015],
[  6.40674662   5.38988008  51.85899118],
[  3.79745914   8.58101634  51.91780652],
[  6.63695707   5.0445644   51.98525531],
[  5.8308036    6.50758921  52.14858135],
[  4.38486755   8.24342163  52.31098909],
[  2.22492478   8.97750752  52.45192731],
[  3.57426954   8.67029218  52.50388416],
[  6.5564904    5.1652644   52.56592668],
[  4.14460917   8.40359388  52.6480653 ],
[  4.29664713   8.30223525  52.72417357],
[  6.78553686   4.82169471  52.75737532],
[  3.6706616    8.63173536  52.95420785],
[  6.27292106   5.5906184   52.98859581],
[  6.70035215   4.94947178  52.99627653],
[  5.92055698   6.23832907  53.150362  ],
[  2.98461141   8.90153886  53.18697448],
[  4.6810177   8.0459882  53.1882903],
[  3.007246     8.8971016   53.32557455],
[  4.57859468   8.11427021  53.82465896],
[  5.10972878   7.76018081  54.28691095],
[  5.23461399   7.67692401  54.33086287],
[  6.91436347   4.62845479  54.5235577 ],
[  4.90545065   7.89636623  54.65445278],
[  4.01407833   8.49061445  54.66416999],
[  2.35139483   8.96486052  54.6679265 ],
[  5.29977285   7.63348477  54.73704399],
[  4.51874825   8.15416783  54.93780097],
[  6.46191502   5.30712746  54.96150956],
[  5.69081511   6.92755468  54.96409367],
[  6.06956214   5.89565679  55.14939769],
[  6.14282853   5.78575721  55.44278905],
[  5.20112751   7.69924833  55.50986277],
[  4.78930089   7.97379941  55.57599578],
[  2.89267716   8.91073228  55.9921429 ],
[  2.27173867   8.97282613  56.11022953],
[  5.38262405   7.57825063  56.12772989],
[  4.69397224   8.03735184  56.24673952],
[  6.59900853   5.10148721  56.25471534],
[  2.40377844   8.95962216  56.45313895],
[  5.97447876   6.07656372  56.52937231],
[  3.56457192   8.67417123  56.59753819],
[  2.11304306   8.98869569  56.72160438],
[  2.85253553   8.91474645  56.78359279],
[  6.76488963   4.85266556  57.32319618],
[  5.56124114   7.31627658  57.4468387 ],
[  6.19177116   5.71234326  57.46094377],
[  5.02158909   7.81894061  57.50578166],
[  3.26646665   8.79341334  57.59710942],
[  5.41174127   7.55883915  57.60938955],
[  5.22191706   7.68538862  57.96154399],
[  5.65677364   7.02967907  58.33437374],
[  4.91164085   7.89223943  58.36002179],
[  3.55929239   8.67628304  58.38670091],
[  5.85312106   6.44063683  58.39255377],
[  5.55453118   7.33640645  58.58315826],
[  6.95256204   4.57115694  58.72315588],
[  2.05809457   8.99419054  58.86392327],
[  5.40207467   7.56528355  58.91892359],
[  5.48672356   7.50885096  59.11889575],
[  6.74191349   4.88712976  59.13532014],
[  4.60499603   8.09666932  59.22443083],
[  5.92137463   6.2358761   59.45028778],
[  3.42389143   8.73044343  59.52824092],
[  2.80809887   8.91919011  59.60105533],
[  6.41735428   5.37396858  59.73853134],
[  6.23121357   5.65317965  59.78156658],
[  5.64468827   7.06593519  59.92141884],
[  6.49916685   5.25124973  60.052227  ],
[  6.26388757   5.60416864  60.05795827],
[  4.88453676   7.91030883  60.07557669],
[  3.30670954   8.77731618  60.0970005 ],
[  2.3146254    8.96853746  60.14716832],
[  6.19989222   5.70016166  60.14967097],
[  6.51965852   5.22051222  60.24478815],
[  5.02933326   7.81377782  60.42481173],
[  6.46447058   5.30329413  60.53216692],
[  4.05642022   8.46238652  60.5739446 ],
[  6.42445604   5.36331593  60.58997137],
[  4.23350544   8.3443297   60.60401497],
[  6.35555023   5.46667465  60.73658878],
[  5.6518502    7.04444939  60.87575399],
[  6.43478687   5.34781969  60.92252867],
[  3.98462415   8.50615034  60.92501983],
[  5.12886714   7.7474219   61.13114786],
[  6.65418228   5.01872659  61.15869663],
[  4.75955415   7.99363056  61.28774257],
[  3.68856282   8.62457487  61.51519363],
[  6.47221192   5.29168212  61.55832167],
[  5.68443242   6.94670275  61.75857754],
[  6.33380849   5.49928726  62.11879861],
[  5.58822594   7.23532218  62.24134599],
[  3.41737489   8.73305004  62.33518968],
[  6.43086151   5.35370774  62.33767594],
[  5.69103057   6.92690829  62.36519355],
[  6.40703417   5.38944875  62.49708592],
[  6.29843419   5.55234871  62.56862472],
[  5.36124577   7.59250282  62.6580799 ],
[  6.2563013    5.61554804  62.71005112],
[  5.21641671   7.68905553  62.88256856],
[  4.21444328   8.35703781  62.94166828],
[  6.41513228   5.37730158  63.02876827],
[  5.32778128   7.61481248  63.03502604],
[  6.21015839   5.68476242  63.05569944],
[  3.97799714   8.50880114  63.11304301],
[  3.64580486   8.64167806  63.25868302],
[  5.7914775    6.62556749  63.3188902 ],
[  6.58845137   5.11732295  63.49712393],
[  6.07037315   5.89444028  63.5862064 ],
[  6.10753083   5.83870375  63.59129086],
[  2.76902899   8.9230971   63.65596306],
[  2.60698964   8.93930104  63.77390117],
[  6.56276211   5.15585684  63.89997382],
[  6.20891133   5.686633    63.99005587],
[  2.36611153   8.96338885  64.02386358],
[  5.69368608   6.91894177  64.02875807],
[  6.43780015   5.34329978  64.08110879],
[  5.57870552   7.26388345  64.15314875],
[  4.58232649   8.11178234  64.20367242],
[  5.55128632   7.34614104  64.34351376],
[  5.12739628   7.74840248  64.43669064],
[  5.85989639   6.42031084  64.47822523],
[  2.4381549    8.95618451  64.61433479],
[  2.61116847   8.93888315  64.68088372],
[  5.13167006   7.7455533   64.7272066 ],
[  5.07144805   7.7857013   64.73584133],
[  4.3968654    8.23542307  64.80333577],
[  6.74102818   4.88845773  64.81785414],
[  6.13419369   5.79870946  64.83773685],
[  6.80063184   4.79905223  64.93344143],
[  6.79841899   4.80237151  64.93706541],
[  5.79844185   6.60467444  65.02041895],
[  4.49902188   8.16731875  65.17046582],
[  6.47789054   5.28316418  65.17638167],
[  3.71339513   8.61464195  65.26173747],
[  5.31350369   7.62433087  65.27026456],
[  5.90032998   6.29901007  65.31015978],
[  6.27194603   5.59208095  65.49227126],
[  5.16475617   7.72349589  65.58873036],
[  5.30484669   7.63010221  65.6691231 ],
[  2.99040706   8.90095929  65.79508045],
[  2.39529555   8.96047044  65.80337204],
[  4.73213459   8.01191027  65.84665087],
[  5.29479709   7.63680194  65.90183909],
[  5.80988416   6.57034751  66.27151229],
[  5.943673   6.168981  66.300366],
[  2.95808881   8.90419112  66.30284929],
[  3.93363256   8.52654698  66.40052819],
[  6.48247691   5.27628464  66.67789853],
[  2.14670851   8.98532915  66.92851096],
[  2.15198278   8.98480172  66.93912979],
[  6.60503779   5.09244332  66.96581995],
[  6.55147734   5.17278399  67.13487915],
[  2.11771051   8.98822895  67.18943735],
[  6.4788886    5.2816671   67.23300816],
[  5.43844082   7.54103945  67.33583431],
[  6.43929288   5.34106069  67.71085269],
[  3.36886281   8.75245488  67.72316002],
[  3.16527769   8.83388892  67.828084  ],
[  4.69401553   8.03732298  67.88785393],
[  4.24617914   8.33588058  68.0104055 ],
[  5.60824588   7.17526235  68.0730171 ],
[  4.51792878   8.15471415  68.47173069],
[  5.70390601   6.88828198  68.56719154],
[  6.15394128   5.76908807  68.69871477],
[  5.91651446   6.25045661  68.83271625],
[  6.62707951   5.05938074  68.93755415],
[  5.87767159   6.36698522  69.02691396],
[  2.80380949   8.91961905  69.15169404],
[  6.2769824    5.58452641  69.18488687],
[  6.40787034   5.38819449  69.24475656],
[  6.88843996   4.66734007  69.44637685],
[  3.09844932   8.86062027  69.51897602],
[  2.39919476   8.96008052  69.57601507],
[  6.8418168    4.7372748   69.67234953],
[  4.00058856   8.49960763  69.72573461],
[  3.91885083   8.53245967  69.89371972],
[  4.77439209   7.98373861  69.98161523],
[  5.4560903    7.52927313  70.01676808],
[  3.47544745   8.70982102  70.05493666],
[  6.42067293   5.3689906   70.10895531],
[  6.7949968   4.8075048  70.1206533],
[  6.07557878   5.88663183  70.15085539],
[  5.94059673   6.1782098   70.24534541],
[  6.20573023   5.69140466  70.44369347],
[  3.61664507   8.65334197  70.45019121],
[  2.09145604   8.9908544   70.45544462],
[  3.58607897   8.66556841  70.47406542],
[  5.14616128   7.73589248  70.48727981],
[  2.05726083   8.99427392  70.52697064],
[  5.43072515   7.54618323  70.56769985],
[  6.39468254   5.40797619  70.61733632],
[  3.2361416    8.80554336  70.72559619],
[  4.30702402   8.29531732  70.75236367],
[  6.24423999   5.63364001  70.8118109 ],
[  3.1198624    8.85205504  70.8199891 ],
[  6.65841069   5.01238396  70.89703471],
[  6.5821662    5.1267507   71.04950195],
[  4.58934107   8.10710595  71.16699613],
[  4.31117151   8.29255233  71.34851999],
[  5.70241573   6.89275281  71.3889132 ],
[  6.20414002   5.69378997  71.52273494],
[  3.04124329   8.88350269  71.57457614],
[  2.12815577   8.98718442  71.88619741],
[  5.37181243   7.58545838  72.0544925 ],
[  6.87391114   4.6891333   72.3939775 ],
[  4.06796436   8.45469042  72.53709698],
[  4.19260683   8.37159544  72.74308524],
[  6.12543905   5.81184142  72.76147395],
[  3.10238437   8.85904625  72.78871866],
[  4.62333313   8.08444458  72.82662833],
[  4.40359938   8.23093375  73.09261246],
[  2.6957647    8.93042353  73.16211366],
[  6.03007752   5.95488372  73.23713461],
[  2.10205089   8.98979491  73.2401607 ],
[  5.86147248   6.41558256  73.36277203],
[  6.70905174   4.93642239  73.51369699],
[  6.6708447    4.99373295  73.72603784],
[  6.93809066   4.592864    73.80763702],
[  4.46041477   8.19305682  74.08112322],
[  2.29624481   8.97037552  74.18030981],
[  6.88981985   4.66527022  74.53146973],
[  6.2122511    5.68162335  74.60966621],
[  4.27471568   8.31685621  74.6266266 ],
[  5.68130295   6.95609115  74.72710141],
[  2.7594448    8.92405552  74.99893722],
[  4.53785752   8.14142832  75.07806602],
[  5.91849586   6.24451242  75.13335848],
[  2.11763309   8.98823669  75.52538456],
[  6.19826178   5.70260733  75.58786719],
[  6.48788711   5.26816934  75.60125198],
[  3.46335193   8.71465923  75.69143874],
[  6.69709788   4.95435319  75.69774238],
[  2.18574802   8.9814252   75.85746937],
[  6.72317204   4.91524193  75.8866609 ],
[  6.06342622   5.90486067  75.94358708],
[  5.5295855    7.41124349  76.01474029],
[  6.89729412   4.65405883  76.04705128],
[  3.5484781    8.68060876  76.11762099],
[  6.58709323   5.11936015  76.23334309],
[  6.70165779   4.94751331  76.24915453],
[  6.42236655   5.36645017  76.25196583],
[  3.09668168   8.86132733  76.3498245 ],
[  4.04828466   8.46781023  76.41826306],
[  3.07418599   8.8703256   76.45169673],
[  2.39415557   8.96058444  76.5263314 ],
[  4.30427242   8.29715172  76.59619824],
[  2.01457287   8.99854271  76.65564183],
[  3.16018703   8.83592519  76.7329669 ],
[  3.9874419    8.50502324  76.96577541],
[  5.32022186   7.61985209  77.10076467],
[  5.50982748   7.47051755  77.12820991],
[  4.21286596   8.35808936  77.3477731 ],
[  4.1385591    8.40762727  77.35922584],
[  2.72928063   8.92707194  77.54331573],
[  3.0188735    8.8924506   77.63997159],
[  6.09329279   5.86006081  77.68730642],
[  6.81006692   4.78489963  77.93381996],
[  6.5312824    5.2030764   77.98350825],
[  4.69700843   8.03532771  78.01443402],
[  6.17608465   5.73587302  78.23795662],
[  6.06678665   5.89982002  78.32099876],
[  2.77878326   8.92212167  78.45164068],
[  6.70620916   4.94068626  78.45794641],
[  2.20743153   8.97925685  78.5158918 ],
[  5.16998127   7.72001248  78.51887635],
[  5.01978023   7.82014651  78.55585269],
[  5.01543177   7.82304549  78.68299846],
[  5.50381339   7.48855984  78.88490025],
[  5.403254     7.56449733  79.00108204],
[  5.92876166   6.21371503  79.02838487],
[  4.32742454   8.28171698  79.03189088],
[  3.33045991   8.76781604  79.05493004],
[  5.68012811   6.95961566  79.16867684],
[  6.93645545   4.59531682  79.17459355],
[  5.32696107   7.61535929  79.28598394],
[  4.41032902   8.22644732  79.44393087],
[  4.18834727   8.37443516  79.5714244 ],
[  2.16219617   8.98378038  79.60807394],
[  3.01332854   8.89466858  79.61636067],
[  3.14932347   8.84027061  79.62771768],
[  2.03051379   8.99694862  79.67682972],
[  6.60418098   5.09372853  79.83459653],
[  5.92269169   6.23192493  79.8385994 ],
[  2.26967609   8.97303239  79.86166032],
[  5.67172447   6.98482658  79.8759417 ],
[  4.10444677   8.43036882  79.95192996],
[  6.45619716   5.31570426  79.96413285],
[  4.77778779   7.9814748   80.2657023 ],
[  2.17823605   8.9821764   80.45732629],
[  5.06699396   7.7886707   80.68463596],
[  6.36114838   5.45827743  80.69836447],
[  2.55288065   8.94471193  81.01174373],
[  6.32477288   5.51284067  81.04833663],
[  3.83047002   8.56781199  81.14429025],
[  4.17160674   8.38559551  81.3348346 ],
[  5.27426889   7.6504874   81.40175747],
[  6.35232253   5.47151621  81.51136554],
[  4.739647     8.006902    81.55681933],
[  4.44829039   8.20113974  81.57987951],
[  2.15314647   8.98468535  81.58744206],
[  5.66049766   7.01850703  81.61079996],
[  3.25545911   8.79781636  81.61972255],
[  4.71427793   8.02381471  81.73040265],
[  2.40167778   8.95983222  81.83651896],
[  5.80986749   6.57039753  81.8559885 ],
[  3.19334964   8.82266014  81.94183636],
[  5.89578453   6.31264642  82.36069899],
[  6.16170889   5.75743666  82.37791156],
[  3.13160082   8.84735967  82.56991287],
[  4.37210028   8.25193315  82.80620233],
[  6.00003168   5.99995248  82.84622488],
[  3.31260459   8.77495816  82.96353682],
[  6.06606194   5.90090709  82.98260474],
[  4.05349558   8.46433628  83.15732817],
[  5.21802522   7.68798318  83.36848008],
[  4.48755402   8.17496399  83.5960515 ],
[  3.98768549   8.50492581  83.60448021],
[  6.73907322   4.89139017  83.74223029],
[  6.7057668    4.9413498   83.86320519],
[  4.49875176   8.16749883  83.88313376],
[  5.21632409   7.68911727  83.94673769],
[  5.88256662   6.35230013  84.15222792],
[  6.52458118   5.21312823  84.1680756 ],
[  4.14947016   8.40035322  84.17924742],
[  5.05019186   7.79987209  84.53350326],
[  6.90646207   4.64030689  84.53747865],
[  6.12042637   5.81936044  84.62073848],
[  4.14398938   8.40400708  84.64490388],
[  6.6646763    5.00298554  84.66335046],
[  5.56634628   7.30096115  84.74873918],
[  5.89978586   6.30064242  84.88314746],
[  3.34304549   8.7627818   84.92652485],
[  5.19695537   7.70202976  84.98273729],
[  6.02203516   5.96694725  84.99757362],
[  2.47685319   8.95231468  85.00644259],
[  5.1650807    7.72327953  85.05926493],
[  6.29719399   5.55420902  85.31615435],
[  5.65560288   7.03319135  85.35180971],
[  6.91645467   4.62531799  85.38383249],
[  5.40114879   7.56590081  85.40160031],
[  5.82936766   6.51189702  85.4401494 ],
[  3.75028174   8.5998873   85.49543614],
[  4.45428939   8.19714041  85.56824159],
[  6.36756908   5.44864638  85.70518935],
[  6.06496319   5.90255521  85.74560766],
[  2.79284524   8.92071548  85.74883777],
[  6.9251114    4.6123329   85.85080447],
[  5.05362289   7.79758474  85.94469326],
[  4.23767285   8.34155143  86.08798981],
[  5.50404923   7.48785232  86.11196823],
[  2.00438542   8.99956146  86.15830167],
[  4.76216024   7.99189317  86.21305713],
[  2.1896887    8.98103113  86.33275775],
[  5.58553451   7.24339646  86.40311286],
[  5.65056449   7.04830654  86.54828279],
[  5.74950571   6.75148287  86.62354338],
[  6.9595356    4.5606966   86.68034183],
[  5.49238636   7.50507576  86.72842372],
[  5.68457515   6.94627454  86.74442689],
[  2.44881114   8.95511889  86.9148781 ],
[  5.43953626   7.54030916  87.00387256],
[  4.39555621   8.23629586  87.01204622],
[  5.47987796   7.51341469  87.09223017],
[  5.19379103   7.70413932  87.41533236],
[  6.42295219   5.36557171  87.44049912],
[  3.02264525   8.8909419   87.44842923],
[  5.75519848   6.73440455  87.50891982],
[  3.83285031   8.56685988  87.70688446],
[  4.68328904   8.04447397  87.74680491],
[  6.53473927   5.19789109  87.82659455],
[  4.173999     8.38400067  87.90227152],
[  2.91154777   8.90884522  88.00366768],
[  4.12134415   8.4191039   88.04855142],
[  3.30798809   8.77680476  88.38749841],
[  2.62706402   8.9372936   88.54693741],
[  6.69314911   4.96027633  88.82399638],
[  5.21252099   7.69165267  88.87907359],
[  6.68892974   4.96660539  89.05303619],
[  4.55954751   8.12696833  89.26251899],
[  2.71643748   8.92835625  89.27965218],
[  4.65674435   8.06217043  89.42158763],
[  4.88758202   7.90827865  89.43758264],
[  5.88550255   6.34349236  89.47448573],
[  3.1385143    8.84459428  89.60766997],
[  3.1892164    8.82431344  89.66117968],
[  4.87242583   7.91838278  89.75298073],
[  6.42888164   5.35667755  89.84312889],
[  3.64061309   8.64375477  89.89101907],
[  6.10978368   5.83532448  90.14387777],
[  2.80374487   8.91962551  90.39530077],
[  4.61069763   8.09286825  90.53618319],
[  5.45256174   7.53162551  90.58519743],
[  2.27409469   8.97259053  90.73037094],
[  5.61039838   7.16880486  90.76832809],
[  5.09162157   7.77225229  91.04083148],
[  6.06877438   5.89683843  91.25843042],
[  6.47043987   5.2943402   91.35548047],
[  3.97221851   8.51111259  91.44911443],
[  4.12215617   8.41856255  91.51481959],
[  3.80726506   8.57709398  91.53419668],
[  5.75645967   6.73062098  91.54987284],
[  2.03192922   8.99680708  91.56860289],
[  6.5722696    5.1415956   91.61370552],
[  4.18118197   8.37921202  91.70720879],
[  2.78775754   8.92122425  91.71776761],
[  5.99215088   6.02354735  91.77241444],
[  3.40803195   8.73678722  91.77597627],
[  4.00495591   8.49669606  92.11864849],
[  2.53716269   8.94628373  92.15036113],
[  6.20014938   5.69977592  92.20656439],
[  2.09979152   8.99002085  92.40470014],
[  6.70847681   4.93728478  92.52881168],
[  2.09845527   8.99015447  92.64587157],
[  6.77575295   4.83637058  92.89143074],
[  6.38528601   5.42207098  92.95744692],
[  6.55590435   5.16614347  92.97602214],
[  4.95960684   7.86026211  92.98924453],
[  6.27608442   5.58587337  93.23543743],
[  2.10208288   8.98979171  93.35695147],
[  5.36415207   7.59056529  93.46863998],
[  3.12872099   8.8485116   93.51860083],
[  3.10992517   8.85602993  93.83196975],
[  3.78069851   8.58772059  93.86426002],
[  2.83136065   8.91686394  93.96019208],
[  2.54782316   8.94521768  94.08217701],
[  4.70369007   8.03087329  94.33198199],
[  3.30949057   8.77620377  94.74238903],
[  4.99753961   7.83497359  94.80158731],
[  2.90253699   8.9097463   95.02277786],
[  2.48925788   8.95107421  95.02873999],
[  4.85247383   7.93168411  95.0752033 ],
[  5.14964785   7.7335681   95.07723868],
[  4.14925014   8.40049991  95.81568144],
[  4.85394711   7.93070193  95.83813465],
[  3.50754785   8.69698086  95.84552768],
[  6.42435403   5.36346896  95.85628566],
[  5.5855601    7.2433197   95.85913467],
[  6.97278842   4.54081736  95.86180975],
[  5.61197808   7.16406577  96.12900003],
[  6.3033227    5.54501595  96.18385325],
[  4.70324153   8.03117232  96.20371775],
[  3.43005984   8.72797607  96.48443562],
[  6.70772437   4.93841344  96.72909325],
[  6.48704906   5.26942641  96.81577223],
[  6.30773691   5.53839464  96.93757952],
[  5.73478306   6.79565081  97.0169717 ],
[  6.84421621   4.73367569  97.03594837],
[  4.40627641   8.22914906  97.04607354],
[  5.88829378   6.33511866  97.20049297],
[  6.13038061   5.80442909  97.69172205],
[  5.63878619   7.08364144  97.83617893],
[  6.42098238   5.36852644  97.89458193],
[  5.74406704   6.76779888  97.9549971 ],
[  5.43087123   7.54608584  98.57280876],
[  3.73847858   8.60460857  98.61096956],
[  5.73400541   6.79798376  98.71095183],
[  6.06374311   5.90438534  98.7572627 ],
[  6.53435783   5.19846326  99.04213079],
[  4.73831557   8.00778962  99.1018926 ],
[  3.24059344   8.80376263  99.32005645],
[  2.27800241   8.97219976  99.39350213],
[  6.78719471   4.81920794  99.50140299],
[  5.70815521   6.87553436  99.6533427 ],
[  4.03845256   8.47436496  99.69023901],
[  5.62858166   7.11425503  99.76947437],
[  6.89522711   4.65715934  99.78091033],
[  3.14142142   8.84343143  99.86421967],
[  6.23151891   5.65272164  99.89831615],
