[-0.1634083   0.98655853  0.        ],
[-0.22496758  0.97436625  0.        ],
[-0.94885107 -0.315724    0.        ],
[-0.63999182  0.76838172  0.        ],
[-0.40662328  0.91359592  0.        ],
[-0.78620378 -0.61796733  0.        ],
[-0.6719507  -0.74059588  0.        ],
[-0.41431679  0.91013274  0.        ],
[-0.99236523  0.12333387  0.        ],
[-0.8601646  -0.51001654  0.        ],
[-0.63885178  0.76932984  0.        ],
[-0.85075864  0.52555659  0.        ],
[-0.5209688   0.85357572  0.        ],
[-0.47338923  0.88085336  0.        ],
[-0.56518373  0.82496506  0.        ],
[-0.72490738  0.68884635  0.        ],
[-0.97556864 -0.21969484  0.        ],
[-0.29066282  0.95682555  0.        ],
[-0.87426639  0.48544648  0.        ],
[-0.64067921  0.76780867  0.        ],
[-0.67205732 -0.74049912  0.        ],
[-0.99836812  0.05710603  0.        ],
[-0.79472209 -0.60697347  0.        ],
[-0.47602652  0.87943093  0.        ],
[-0.98942953  0.14501447  0.        ],
[-0.82301597 -0.56801823  0.        ],
[-0.64105442  0.76749543  0.        ],
[-0.9661563   0.25795739  0.        ],
[-0.86364627 -0.50409832  0.        ],
[-0.77222174 -0.63535312  0.        ],
[-0.32693354  0.94504733  0.        ],
[-0.94400321  0.32993628  0.        ],
[-0.7163427  -0.69774862  0.        ],
[-0.59100638 -0.80666688  0.        ],
[-0.99406736 -0.10876615  0.        ],
[-0.60457448  0.79654862  0.        ],
[-0.83185485 -0.55499326  0.        ],
[-0.5385553  -0.84259017  0.        ],
[-0.41985588  0.90759079  0.        ],
[-0.81779813  0.57550519  0.        ],
[-0.84686192  0.53181283  0.        ],
[-0.84344034 -0.53722284  0.        ],
[-0.84053507  0.54175714  0.        ],
[-0.65158014  0.75857981  0.        ],
[-0.30690889  0.9517389   0.        ],
[-0.86378913 -0.50385349  0.        ],
[-0.9542075  -0.29914552  0.        ],
[-0.83341288  0.55265086  0.        ],
[-0.65696824  0.75391826  0.        ],
[-0.65821647 -0.75282872  0.        ],
[-0.94196193 -0.33571972  0.        ],
[-0.70027915 -0.71386912  0.        ],
[-0.21600221  0.97639287  0.        ],
[-0.78818698  0.61543585  0.        ],
[-0.93368961 -0.3580834   0.        ],
[-0.27645417  0.9610271   0.        ],
[-0.60723326 -0.79452361  0.        ],
[-0.9979435  0.0640997  0.       ],
[-0.78094732 -0.6245969   0.        ],
[-0.92607238  0.37734592  0.        ],
[-0.95372881 -0.30066818  0.        ],
[-0.93748365  0.34802932  0.        ],
[-0.92814259  0.37222484  0.        ],
[-0.72810296 -0.68546778  0.        ],
[-0.97278456 -0.23171147  0.        ],
[-0.99975487  0.02214057  0.        ],
[-0.98709894 -0.16011149  0.        ],
[-0.01976838  0.99980459  0.        ],
[-0.55938779 -0.82890609  0.        ],
[-0.82714406 -0.56198994  0.        ],
[-0.85612879 -0.51676251  0.        ],
[-0.30615797  0.95198072  0.        ],
[-0.55067528 -0.83471955  0.        ],
[-0.67392509  0.73879968  0.        ],
[-0.80898698 -0.58782657  0.        ],
[-0.19444208  0.980914    0.        ],
[-0.72656155 -0.68710138  0.        ],
[-0.80317404  0.59574445  0.        ],
[-0.93437297 -0.35629643  0.        ],
[-0.95580564  0.29399928  0.        ],
[-0.72631474 -0.68736227  0.        ],
[-0.99440771  0.10560919  0.        ],
[-0.56129602  0.82761512  0.        ],
[-0.75212344 -0.65902225  0.        ],
[-0.87772479  0.4791651   0.        ],
[-0.58922052 -0.80797226  0.        ],
[-0.517885    0.85545025  0.        ],
[-0.91749952  0.39773689  0.        ],
[-0.82247864 -0.568796    0.        ],
[-0.16919755  0.98558216  0.        ],
[-0.82450864  0.56584937  0.        ],
[-0.73202098 -0.68128209  0.        ],
[-0.10132672  0.9948532   0.        ],
[-0.60916067  0.79304683  0.        ],
[-0.99996668 -0.00816348  0.        ],
[-0.57335676 -0.81930582  0.        ],
[-0.71543489  0.69867941  0.        ],
[-0.95172826 -0.3069419   0.        ],
[-0.9990192   0.04427902  0.        ],
[-0.54362399 -0.83932887  0.        ],
[-0.98642993 -0.16418279  0.        ],
[-0.85045061 -0.52605491  0.        ],
[-0.01917156  0.99981621  0.        ],
[-0.99860726 -0.0527592   0.        ],
[-0.57044004 -0.82133925  0.        ],
[-0.47348334  0.88080277  0.        ],
[-0.57163979  0.82050469  0.        ],
[-0.99688075 -0.07892253  0.        ],
[-0.69284033  0.72109103  0.        ],
[-0.79219096  0.61027328  0.        ],
[-0.8542468  -0.51986767  0.        ],
[-0.99727022  0.07383838  0.        ],
[-0.64071367 -0.76777991  0.        ],
[-0.59510975  0.80364444  0.        ],
[-0.94270343 -0.33363191  0.        ],
[-0.57480032  0.81829371  0.        ],
[-0.69780497  0.71628781  0.        ],
[-0.89610064 -0.44385093  0.        ],
[-0.70617288  0.70803945  0.        ],
[-0.00701449  0.9999754   0.        ],
[-0.8348488  -0.55047932  0.        ],
[-0.84343464 -0.53723181  0.        ],
[-0.49871307  0.86676714  0.        ],
[-0.58882102 -0.80826345  0.        ],
[-0.77365036 -0.63361276  0.        ],
[-0.71257274  0.70159824  0.        ],
[-0.56078869  0.82795896  0.        ],
[-0.93525954 -0.35396269  0.        ],
[-0.63056977 -0.77613257  0.        ],
[-0.83021465  0.55744384  0.        ],
[-0.74559561 -0.66639867  0.        ],
[-0.84853749 -0.52913527  0.        ],
[-0.5723586  -0.82000343  0.        ],
[-0.30499699  0.95235332  0.        ],
[-0.42999195  0.90283272  0.        ],
[-0.99920909 -0.03976425  0.        ],
[-0.77731261 -0.62911455  0.        ],
[-0.92019206  0.3914672   0.        ],
[-0.98738571 -0.15833336  0.        ],
[-0.022684    0.99974268  0.        ],
[-0.92646435 -0.37638254  0.        ],
[-0.91736851  0.39803896  0.        ],
[-0.56347168  0.82613538  0.        ],
[-0.09004779  0.99593745  0.        ],
[-0.08442394  0.99642993  0.        ],
[-0.4041188   0.91470651  0.        ],
[-0.90515239  0.42508723  0.        ],
[-0.90470271  0.42604344  0.        ],
[-0.89920624  0.43752501  0.        ],
[-0.54190185  0.84044178  0.        ],
[-0.05517951  0.99847645  0.        ],
[-0.49169164  0.87076939  0.        ],
[-0.4152263   0.90971815  0.        ],
[-0.75525284  0.65543356  0.        ],
[-0.8241035  -0.56643925  0.        ],
[-0.99876143 -0.04975539  0.        ],
[-0.54236735  0.84014145  0.        ],
[-0.97534762 -0.22067401  0.        ],
[-0.79367115 -0.60834703  0.        ],
[-0.78227964 -0.62292741  0.        ],
[-0.6344336   0.77297736  0.        ],
[-0.99758482 -0.06945879  0.        ],
[-0.80272377 -0.59635103  0.        ],
[-0.97472284  0.22341753  0.        ],
[-0.83237956  0.55420598  0.        ],
[-0.81372026 -0.58125669  0.        ],
[-0.94603011  0.32407876  0.        ],
[-0.64990975 -0.76001139  0.        ],
[-0.56676544 -0.8238792   0.        ],
[-0.36472595  0.93111491  0.        ],
[-0.88682094  0.46211322  0.        ],
[-0.77347267 -0.63382965  0.        ],
[-0.97726442  0.2120242   0.        ],
[-0.63938822  0.76888407  0.        ],
[-0.8793229  -0.47622603  0.        ],
[-0.59888534  0.80083478  0.        ],
[-0.1737973   0.98478145  0.        ],
[-0.9493388  -0.31425441  0.        ],
[-0.14493642  0.98944097  0.        ],
[-0.91839677 -0.39566069  0.        ],
[-0.37306893  0.92780363  0.        ],
[-0.01142095  0.99993478  0.        ],
[-0.69114087 -0.72272007  0.        ],
[-0.62236017 -0.782731    0.        ],
[-0.43720828  0.89936028  0.        ],
[-0.9039407   0.42765783  0.        ],
[-0.7018686  -0.71230644  0.        ],
[-0.85177195 -0.52391272  0.        ],
[-0.90602077  0.42323322  0.        ],
[-0.23360606  0.97233133  0.        ],
[-0.98030783  0.19747546  0.        ],
[-0.56237756 -0.82688057  0.        ],
[-0.36175064  0.93227489  0.        ],
[-0.85145306 -0.52443082  0.        ],
[-0.64194469  0.76675095  0.        ],
[-0.63153171  0.77535005  0.        ],
[-0.86294323 -0.50530089  0.        ],
[-0.48667697  0.87358201  0.        ],
[-0.91307376 -0.40779444  0.        ],
[-0.98998079  0.1412021   0.        ],
[-0.64009444  0.76829624  0.        ],
[-0.92491903  0.38016416  0.        ],
[-0.99579959 -0.09155973  0.        ],
[-0.71739783  0.69666373  0.        ],
[-0.72054852 -0.69340452  0.        ],
[-0.96163455 -0.27433373  0.        ],
[-0.77363263 -0.6336344   0.        ],
[-0.60209614  0.7984236   0.        ],
[-0.15769092  0.98748852  0.        ],
[-0.62471987  0.78084895  0.        ],
[-0.85311556 -0.521722    0.        ],
[-0.50009114  0.86597277  0.        ],
[-0.86990417 -0.49322078  0.        ],
[-0.99966625 -0.02583396  0.        ],
[-0.67711891 -0.73587362  0.        ],
[-0.30621013  0.95196395  0.        ],
[-0.93171406 -0.36319267  0.        ],
[-0.61016252  0.79227628  0.        ],
[-0.99614925 -0.08767368  0.        ],
[-0.13450314  0.99091317  0.        ],
[-0.74216057 -0.67022212  0.        ],
[-0.85613038 -0.51675987  0.        ],
[-0.77612909 -0.63057405  0.        ],
[-0.72344811  0.69037876  0.        ],
[-0.57678502 -0.81689598  0.        ],
[-0.85423998 -0.51987889  0.        ],
[-0.98194211 -0.18918162  0.        ],
[-0.24832439  0.96867693  0.        ],
[-0.61047782 -0.79203336  0.        ],
[-0.97217943 -0.23423741  0.        ],
[-0.8469077  -0.53173992  0.        ],
[-0.49960976  0.86625059  0.        ],
[-0.97424737 -0.22548183  0.        ],
[-0.85761951  0.51428472  0.        ],
[-0.44093125  0.89754088  0.        ],
[-0.75181384  0.65937543  0.        ],
[-0.8270445  -0.56213645  0.        ],
[-0.9905497  -0.13715426  0.        ],
[-0.71403917  0.70010575  0.        ],
[-0.58025367 -0.8144358   0.        ],
[-0.76703931 -0.64160011  0.        ],
[-0.74388191  0.66831108  0.        ],
[-0.70710678  0.70710678  0.        ],
[-0.24305717  0.97001196  0.        ],
[-0.6606803 -0.7506674  0.       ],
[-0.99675776  0.08046091  0.        ],
[-0.66077017 -0.75058829  0.        ],
[-0.62172794 -0.78323328  0.        ],
[-0.9270948  -0.37482694  0.        ],
[-0.82454576 -0.56579527  0.        ],
[-0.62352255 -0.78180536  0.        ],
[-0.99147772 -0.13027639  0.        ],
[-0.63710475  0.77077723  0.        ],
[-0.91437822 -0.40486104  0.        ],
[-0.99607284  0.08853752  0.        ],
[-0.03793193  0.99928033  0.        ],
[-0.84002074 -0.54255429  0.        ],
[-0.57045983  0.8213255   0.        ],
[-0.73954742 -0.67310446  0.        ],
[-0.83311037 -0.55310678  0.        ],
[-0.61666242 -0.7872277   0.        ],
[-0.97018346 -0.24237172  0.        ],
[-0.93956578 -0.34236843  0.        ],
[-0.45874973  0.88856552  0.        ],
[-0.56966528 -0.8218768   0.        ],
[-0.58221354 -0.81303591  0.        ],
[-0.36573611  0.93071859  0.        ],
[-0.99225511  0.12421675  0.        ],
[-0.98855051 -0.15089035  0.        ],
[-0.5814536  -0.81357956  0.        ],
[-0.28310511  0.95908889  0.        ],
[-0.86586793 -0.50027265  0.        ],
[-0.97012391  0.24260999  0.        ],
[-0.45310968  0.89145478  0.        ],
[-0.80414819  0.59442888  0.        ],
[-0.968616    0.24856197  0.        ],
[-0.70041838 -0.71373251  0.        ],
[-0.49011838  0.87165588  0.        ],
[-0.5796066  -0.81489643  0.        ],
[-0.5392542  -0.84214304  0.        ],
[-0.96263469  0.27080335  0.        ],
[-0.66060778 -0.75073122  0.        ],
[-0.38169656  0.92428769  0.        ],
[-0.5693166  -0.82211837  0.        ],
[-0.23082441  0.97299542  0.        ],
[-0.9067149  0.4217441  0.       ],
[-0.79354641 -0.60850973  0.        ],
[-0.99884895  0.04796633  0.        ],
[-0.99693135  0.07828079  0.        ],
[-0.03652621  0.9993327   0.        ],
[-0.75820001 -0.65202204  0.        ],
[-0.62372035  0.78164757  0.        ],
[-0.71650938  0.69757746  0.        ],
[-0.65389469 -0.75658558  0.        ],
[-0.55048695  0.83484377  0.        ],
[-0.60176685 -0.79867181  0.        ],
[-0.57673897 -0.81692849  0.        ],
[-0.99869335  0.05110375  0.        ],
[-0.59462536 -0.80400291  0.        ],
[-0.99058415  0.1369052   0.        ],
[-0.93704764  0.34920155  0.        ],
[-0.99875765  0.04983124  0.        ],
[-0.99718241 -0.07501494  0.        ],
[-0.99625404 -0.08647483  0.        ],
[-0.06545852  0.99785529  0.        ],
[-0.99940569  0.03447119  0.        ],
[-0.66115266 -0.7502514   0.        ],
[-0.67870777 -0.73440845  0.        ],
[-0.61726223  0.78675748  0.        ],
[-0.64631529 -0.76307047  0.        ],
[-0.84053367  0.54175932  0.        ],
[-0.26292612  0.96481597  0.        ],
[-0.55294971 -0.83321463  0.        ],
[-0.77452987  0.63253734  0.        ],
[-0.93942536  0.34275353  0.        ],
[-0.91347962 -0.40688447  0.        ],
[-0.98385546  0.17896488  0.        ],
[-0.99535524  0.09627016  0.        ],
[-0.62337477  0.78192321  0.        ],
[-0.98710018  0.16010382  0.        ],
[-0.86475606 -0.50219215  0.        ],
[-0.9321379 -0.3621035  0.       ],
[-0.80826695 -0.58881622  0.        ],
[-0.42810088  0.90373096  0.        ],
[-0.99977984  0.02098287  0.        ],
[-0.53572638 -0.84439164  0.        ],
[-0.80232945 -0.59688144  0.        ],
[-0.5775166  -0.81637894  0.        ],
[-0.21781224  0.97599069  0.        ],
[-0.53490667 -0.84491115  0.        ],
[-0.76342092 -0.6459013   0.        ],
[-0.81727656 -0.57624563  0.        ],
[-0.3202793   0.94732316  0.        ],
[-0.92442429 -0.38136561  0.        ],
[-0.98756417 -0.15721643  0.        ],
[-0.38142335  0.92440047  0.        ],
[-0.65479986 -0.75580232  0.        ],
[-0.54793461  0.83652117  0.        ],
[-0.98449332  0.17542205  0.        ],
[-0.6634735   0.74819979  0.        ],
[-0.57819304 -0.8159      0.        ],
[-0.73665082  0.67627329  0.        ],
[-0.56400431 -0.82577185  0.        ],
[-0.58915734  0.80801834  0.        ],
[-0.99819315  0.06008695  0.        ],
[-0.13828366  0.99039266  0.        ],
[-0.52064502  0.85377325  0.        ],
[-0.56021756 -0.82834551  0.        ],
[-0.35456082  0.93503295  0.        ],
[-0.63656577 -0.77122242  0.        ],
[-0.51058094  0.85982969  0.        ],
[-0.02924906  0.99957215  0.        ],
[-0.65409849  0.75640939  0.        ],
[-0.81439584  0.58030976  0.        ],
[-0.71229893  0.70187623  0.        ],
[-0.40346883  0.91499339  0.        ],
[-0.99981856 -0.01904878  0.        ],
[-0.99608186 -0.08843602  0.        ],
[-0.85724935 -0.51490149  0.        ],
[-0.7432807   0.66897968  0.        ],
[-0.80982746 -0.58666812  0.        ],
[-0.99346803 -0.11411079  0.        ],
[-0.4157748  0.9094676  0.       ],
[-0.53654852 -0.84386947  0.        ],
[-0.54669014 -0.83733499  0.        ],
[-0.68451045 -0.72900304  0.        ],
[-0.43554727  0.90016586  0.        ],
[-0.99093382  0.13435094  0.        ],
[-0.73938549 -0.67328233  0.        ],
[-0.86853743 -0.49562357  0.        ],
[-0.29045259  0.95688938  0.        ],
[-0.76067314 -0.6491351   0.        ],
[-0.40222067  0.91554275  0.        ],
[-0.93706645 -0.34915107  0.        ],
[-0.64474254 -0.7643998   0.        ],
[-0.68949711 -0.72428844  0.        ],
[-0.56435321  0.82553343  0.        ],
[-0.82478413  0.56544774  0.        ],
[-0.09141537  0.99581285  0.        ],
[-0.4045483   0.91451663  0.        ],
[-0.75833896 -0.65186043  0.        ],
[-0.77628191 -0.63038591  0.        ],
[-0.99929996  0.03741113  0.        ],
[-0.57825289  0.81585758  0.        ],
[-0.90200474  0.43172614  0.        ],
[-0.77899779 -0.62702667  0.        ],
[-0.7860098  -0.61821403  0.        ],
[-0.08532735  0.99635297  0.        ],
[-0.7970889  -0.60386197  0.        ],
[-0.88893153  0.45804009  0.        ],
[-0.69688607 -0.71718185  0.        ],
[-0.57024771 -0.82147279  0.        ],
[-0.99370173 -0.11205745  0.        ],
[-0.57300392 -0.81955262  0.        ],
[-0.95977785  0.28076054  0.        ],
[-0.36250651  0.93198124  0.        ],
[-0.77931712  0.62662974  0.        ],
[-0.8608647  -0.50883392  0.        ],
[-0.70338661  0.71080748  0.        ],
[-0.58189172 -0.81326627  0.        ],
[-0.70492465 -0.7092822   0.        ],
[-0.64898597  0.76080038  0.        ],
[-0.61028179  0.79218441  0.        ],
[-0.76825047  0.64014937  0.        ],
[-0.44312795  0.89645837  0.        ],
[-0.93057908 -0.36609095  0.        ],
[-0.86789663 -0.49674485  0.        ],
[-0.99157671  0.12952073  0.        ],
[-0.84309425 -0.53776582  0.        ],
[-0.6218011 -0.7831752  0.       ],
[-0.37826724  0.92569644  0.        ],
[-0.99157166 -0.12955945  0.        ],
[-0.50777486  0.86148981  0.        ],
[-0.50513029  0.8630431   0.        ],
[-0.4836052   0.87528625  0.        ],
[-0.93514398  0.35426789  0.        ],
[-0.69686902  0.71719841  0.        ],
[-0.70843168  0.70577939  0.        ],
[-0.6918008 -0.7220884  0.       ],
[-0.98634995  0.16466264  0.        ],
[-0.50193488  0.86490541  0.        ],
[-0.65416328  0.75635336  0.        ],
[-0.99775535  0.06696466  0.        ],
[-0.53929628 -0.8421161   0.        ],
[-0.54340747 -0.83946907  0.        ],
[-0.70316579 -0.71102593  0.        ],
[-0.64520531  0.76400924  0.        ],
[-0.54517682 -0.83832108  0.        ],
[-0.62753309 -0.77858989  0.        ],
[-0.72029231 -0.69367067  0.        ],
[-0.99989689 -0.01436024  0.        ],
[-0.99558815 -0.09383089  0.        ],
[-0.99609376 -0.08830185  0.        ],
[-0.7128091 -0.7013581  0.       ],
[-0.63415597 -0.77320515  0.        ],
[-0.89753785 -0.44093741  0.        ],
[-0.3144685   0.94926791  0.        ],
[-0.57255727 -0.81986473  0.        ],
[-0.07526507  0.99716356  0.        ],
[-0.30751378  0.95154363  0.        ],
[-0.98380161 -0.1792607   0.        ],
[-0.82998268  0.55778917  0.        ],
[-0.56069562 -0.82802199  0.        ],
[-0.87024994 -0.49261044  0.        ],
[-0.57859073 -0.81561803  0.        ],
[-0.62625513  0.77961818  0.        ],
[-0.85254756 -0.52264966  0.        ],
[-0.99776597 -0.06680616  0.        ],
[-0.19351671  0.98109698  0.        ],
[-0.99547863  0.09498581  0.        ],
[-0.83767904 -0.54616281  0.        ],
[-0.32335235  0.94627864  0.        ],
[-0.74347757 -0.66876087  0.        ],
[-0.6077862   0.79410071  0.        ],
[-0.96553714 -0.26026531  0.        ],
[-0.15642336  0.9876901   0.        ],
[-0.85702726 -0.51527108  0.        ],
[-0.19447843  0.9809068   0.        ],
[-0.99915869  0.04101115  0.        ],
[-0.99904414  0.04371267  0.        ],
[-0.7594014 -0.6506224  0.       ],
[-0.6514677  -0.75867637  0.        ],
[-0.99598187  0.08955515  0.        ],
[-0.7393373   0.67333525  0.        ],
[-0.76668137  0.64202778  0.        ],
[-0.21013586  0.97767219  0.        ],
[-0.73005024 -0.68339348  0.        ],
[-0.99291143 -0.1188566   0.        ],
[-0.57599511 -0.81745314  0.        ],
[-0.99961712 -0.02766967  0.        ],
[-0.5610064  -0.82781147  0.        ],
[-0.61172429 -0.79107104  0.        ],
[-0.37187963  0.92828096  0.        ],
[-0.54127512 -0.84084556  0.        ],
[-0.1056009   0.99440859  0.        ],
[-0.61654632 -0.78731863  0.        ],
[-0.01480903  0.99989034  0.        ],
[-0.35311494  0.93557995  0.        ],
[-0.77871114  0.62738263  0.        ],
[-0.97319684 -0.22997373  0.        ],
[-0.57738653 -0.81647094  0.        ],
[-0.66929385 -0.7429978   0.        ],
[-0.99845303  0.05560165  0.        ],
[-0.65537659 -0.75530227  0.        ],
[-0.25584182  0.96671866  0.        ],
[-0.51597215  0.85660536  0.        ],
[-0.93159902  0.36348765  0.        ],
[-0.80177036 -0.59763224  0.        ],
[-0.35873739  0.93343853  0.        ],
[-0.72909011 -0.68441771  0.        ],
[-0.66518886 -0.74667515  0.        ],
[-0.96429683 -0.26482377  0.        ],
[-0.73311812 -0.68010134  0.        ],
[-0.42142103  0.9068651   0.        ],
[-0.88739779  0.46100452  0.        ],
[-0.82326578 -0.56765611  0.        ],
[-0.58040488 -0.81432805  0.        ],
[-0.60866768  0.79342527  0.        ],
[-0.79531759 -0.60619298  0.        ],
[-0.54836108 -0.83624167  0.        ],
[-0.97480914  0.22304069  0.        ],
[-0.9982247  -0.05956053  0.        ],
[-0.67415317 -0.73859157  0.        ],
[-0.80392727  0.59472762  0.        ],
[-0.84433572 -0.53581451  0.        ],
[-0.10044926  0.99494218  0.        ],
[-0.99110726 -0.13306539  0.        ],
[-0.73220539 -0.68108389  0.        ],
[-0.99800044  0.0632069   0.        ],
[-0.935881    0.35231627  0.        ],
[-0.78325816 -0.6216966   0.        ],
[-0.98842129  0.15173446  0.        ],
[-0.45148419  0.89227912  0.        ],
[-0.54241682 -0.84010951  0.        ],
[-0.1870004   0.98235984  0.        ],
[-0.99813426  0.06105729  0.        ],
[-0.9577617   0.28756309  0.        ],
[-0.97544837 -0.22022824  0.        ],
[-0.66884251  0.74340413  0.        ],
[-0.99482974  0.10155681  0.        ],
[-0.5777473  -0.81621569  0.        ],
[-0.7756594   0.63115172  0.        ],
[-0.48255095  0.8758679   0.        ],
[-0.66221206 -0.74931648  0.        ],
[-0.87484108  0.48441005  0.        ],
[-0.90638452 -0.42245367  0.        ],
[-0.26200416  0.96506674  0.        ],
[-0.79471255 -0.60698597  0.        ],
[-0.30196218  0.95331991  0.        ],
[-0.69235679  0.72155532  0.        ],
[-0.75386134 -0.65703355  0.        ],
[-0.61889855  0.78547093  0.        ],
[-0.7764025  -0.63023739  0.        ],
[-0.37729663  0.92609246  0.        ],
[-0.37438848  0.92727195  0.        ],
[-0.58333763 -0.81222977  0.        ],
[-0.44839198  0.89383703  0.        ],
[-0.77947786  0.62642978  0.        ],
[-0.83434095  0.55124874  0.        ],
[-0.68890929  0.72484757  0.        ],
[-0.92627042  0.37685953  0.        ],
[-0.68224267 -0.73112581  0.        ],
[-0.69631611 -0.71773524  0.        ],
[-0.64746444 -0.76209566  0.        ],
[-0.92148527  0.38841331  0.        ],
[-0.63715007 -0.77073977  0.        ],
[-0.96098792  0.27659033  0.        ],
[-0.84542452 -0.53409492  0.        ],
[-0.86123446 -0.50820783  0.        ],
[-0.84619264  0.53287711  0.        ],
[-0.74951099  0.6619919   0.        ],
[-0.9978313   0.06582323  0.        ],
[-0.70758688 -0.70662636  0.        ],
[-0.63002916 -0.77657148  0.        ],
[-0.68784079  0.72586159  0.        ],
[-0.81232787  0.58320103  0.        ],
[-0.86835795  0.49593797  0.        ],
[-0.27310993  0.96198283  0.        ],
[-0.705559    0.70865118  0.        ],
[-0.63460266  0.77283857  0.        ],
[-0.94986767  0.31265223  0.        ],
[-0.6467409   0.76270978  0.        ],
[-0.01152128  0.99993363  0.        ],
[-0.99840553 -0.05644811  0.        ],
[-0.04891561  0.99880292  0.        ],
[-0.76868036  0.63963311  0.        ],
[-0.98797891  0.15458873  0.        ],
[-0.63806384 -0.76998346  0.        ],
[-0.03243348  0.9994739   0.        ],
[-0.67030034 -0.74208992  0.        ],
[-0.743735    0.66847457  0.        ],
[-0.99653182  0.08321261  0.        ],
[-0.57690804 -0.81680911  0.        ],
[-0.94128087 -0.33762454  0.        ],
[-0.12546964  0.99209746  0.        ],
[-0.99525134 -0.09733844  0.        ],
[-0.6076858   0.79417754  0.        ],
[-0.55775939 -0.83000269  0.        ],
[-0.31091275  0.95043846  0.        ],
[-0.99506974  0.09917772  0.        ],
[-0.26282951  0.96484229  0.        ],
[-0.89365906  0.44874658  0.        ],
[-0.59899964 -0.8007493   0.        ],
[-0.79701445  0.60396023  0.        ],
[-0.92345858  0.38369812  0.        ],
[-0.44353182  0.89625862  0.        ],
[-0.81815946  0.57499138  0.        ],
[-0.09553296  0.99542627  0.        ],
[-0.16321601  0.98659036  0.        ],
[-0.84765389 -0.53054961  0.        ],
[-0.98922513  0.14640235  0.        ],
[-0.67623641  0.73668468  0.        ],
[-0.9126389   0.40876673  0.        ],
[-0.17106176  0.98526031  0.        ],
[-0.99482602  0.10159324  0.        ],
[-0.65295363 -0.75739789  0.        ],
[-0.90382689 -0.4278983   0.        ],
[-0.7432848  -0.66897511  0.        ],
[-0.53989082 -0.84173506  0.        ],
[-0.70614604  0.70806622  0.        ],
[-0.51328056  0.85822087  0.        ],
[-0.99716706 -0.07521877  0.        ],
[-0.59383752  0.80458498  0.        ],
[-0.20973922  0.97775736  0.        ],
[-0.6900492  -0.72376246  0.        ],
[-0.93675889  0.34997539  0.        ],
[-0.99931258 -0.0370725   0.        ],
[-0.99774216  0.06716085  0.        ],
[-0.84294784  0.53799529  0.        ],
[-0.99872192 -0.0505423   0.        ],
[-0.78249773  0.62265344  0.        ],
[-0.50287768  0.86435759  0.        ],
[-0.97786341  0.20924422  0.        ],
[-0.76364247 -0.64563936  0.        ],
[-0.28819928  0.95757046  0.        ],
[-0.81093682 -0.58513373  0.        ],
[-0.55430327  0.83231478  0.        ],
[-0.66714432  0.74492849  0.        ],
[-0.92120203  0.3890846   0.        ],
[-0.86572947  0.50051222  0.        ],
[-0.36374924  0.93149691  0.        ],
[-0.71407803 -0.70006612  0.        ],
[-0.55160407 -0.83410608  0.        ],
[-0.74204071 -0.67035482  0.        ],
[-0.38923316  0.92113927  0.        ],
[-0.15217353  0.98835379  0.        ],
[-0.57503883 -0.81812612  0.        ],
[-0.17289797  0.98493974  0.        ],
[-0.77073817 -0.63715201  0.        ],
[-0.61799222  0.78618421  0.        ],
[-0.99943706  0.03354947  0.        ],
[-0.06993249  0.99755173  0.        ],
[-0.72869732  0.6848359   0.        ],
[-0.2565652   0.96652692  0.        ],
[-0.94359775 -0.33109407  0.        ],
[-0.86241663 -0.50619913  0.        ],
[-0.5522649  -0.83366869  0.        ],
[-0.99264228  0.12108391  0.        ],
[-0.99611285 -0.08808629  0.        ],
[-0.99905464 -0.04347223  0.        ],
[-0.02127296  0.99977371  0.        ],
[-0.99424014 -0.10717529  0.        ],
[-0.18544552  0.98265455  0.        ],
[-0.65931875 -0.75186354  0.        ],
[-0.99233728 -0.12355858  0.        ],
[-0.15196444  0.98838596  0.        ],
[-0.82719429  0.56191601  0.        ],
[-0.99998359  0.00572961  0.        ],
[-0.65908246 -0.75207068  0.        ],
[-0.75600667 -0.65456391  0.        ],
[-0.96705112 -0.25458227  0.        ],
[-0.364466   0.9312167  0.       ],
[-0.99823082  0.0594578   0.        ],
[-0.33413285  0.94252599  0.        ],
[-0.86836595 -0.49592396  0.        ],
[-0.91756293  0.39759058  0.        ],
[-0.13856897  0.99035279  0.        ],
[-0.99692311 -0.07838567  0.        ],
[-0.89951312  0.43689374  0.        ],
[-0.10078519  0.99490821  0.        ],
[-0.83553532 -0.54943674  0.        ],
[-0.78654229 -0.61753641  0.        ],
[-0.71323467  0.70092532  0.        ],
[-0.60919417 -0.7930211   0.        ],
[-0.99988273  0.01531433  0.        ],
[-0.99996828  0.00796488  0.        ],
[-0.86020059  0.50995583  0.        ],
[-0.61837449  0.78588357  0.        ],
[-0.97840733 -0.20668598  0.        ],
[-0.76335087  0.6459841   0.        ],
[-0.69970363  0.71443323  0.        ],
[-0.80603327  0.59187023  0.        ],
[-0.99915457 -0.04111133  0.        ],
[-0.20070379  0.97965197  0.        ],
[-0.62873547  0.77761926  0.        ],
[-0.89047432 -0.45503351  0.        ],
[-0.8354097  -0.54962772  0.        ],
[-0.55157459 -0.83412557  0.        ],
[-0.39220023  0.91987987  0.        ],
[-0.57033896 -0.82140944  0.        ],
[-0.0336053   0.99943518  0.        ],
[-0.95370498  0.30074377  0.        ],
[-0.52815439  0.84914836  0.        ],
[-0.66690022 -0.74514703  0.        ],
[-0.72017596 -0.69379146  0.        ],
[-0.95303508 -0.30285994  0.        ],
[-0.99774371 -0.06713777  0.        ],
[-0.27977163  0.96006658  0.        ],
[-0.71849571  0.69553139  0.        ],
[-0.94329057  0.33196822  0.        ],
[-0.80468765 -0.5936984   0.        ],
[-0.37841994  0.92563402  0.        ],
[-0.55686588 -0.83060243  0.        ],
[-0.76436817 -0.64478004  0.        ],
[-0.83154298 -0.55546042  0.        ],
[-0.79940484  0.60079273  0.        ],
[-0.95100185  0.3091852   0.        ],
[-0.97466801  0.2236566   0.        ],
[-0.28830124  0.95753976  0.        ],
[-0.96805022 -0.25075639  0.        ],
[-0.86555303 -0.50081729  0.        ],
[-0.66879112 -0.74345036  0.        ],
[-0.44863446  0.89371535  0.        ],
[-0.68005185 -0.73316402  0.        ],
[-0.99961119 -0.02788307  0.        ],
[-0.52722636  0.84972488  0.        ],
[-0.72591662  0.68778272  0.        ],
[-0.56857101 -0.82263419  0.        ],
[-0.95477123  0.29734138  0.        ],
[-0.24934798  0.96841395  0.        ],
[-0.57214998  0.82014901  0.        ],
[-0.53964911  0.84189004  0.        ],
[-0.38096237  0.92459054  0.        ],
[-0.54226821 -0.84020544  0.        ],
[-0.99848665 -0.05499467  0.        ],
[-0.82737691 -0.56164708  0.        ],
[-0.63806271  0.7699844   0.        ],
[-0.14990028  0.98870112  0.        ],
[-0.80387201  0.59480231  0.        ],
[-0.84417204 -0.53607236  0.        ],
[-0.97912366  0.2032655   0.        ],
[-0.57376705 -0.81901854  0.        ],
[-0.64183421  0.76684343  0.        ],
[-0.9803667 -0.197183   0.       ],
[-0.10771202  0.99418214  0.        ],
[-0.57272056 -0.81975067  0.        ],
[-0.49730075  0.86757822  0.        ],
[-0.99830992  0.05811458  0.        ],
[-0.28704155  0.95791813  0.        ],
[-0.91979159 -0.39240722  0.        ],
[-0.16044027  0.98704555  0.        ],
[-0.85536129 -0.51803191  0.        ],
[-0.56793164 -0.82307573  0.        ],
[-0.99440751 -0.1056111   0.        ],
[-0.95935458 -0.28220346  0.        ],
[-0.4899347   0.87175913  0.        ],
[-0.91155868 -0.41117001  0.        ],
[-0.6711585   0.74131388  0.        ],
[-0.97328023 -0.22962055  0.        ],
[-0.98869652 -0.14993063  0.        ],
[-0.89909181  0.43776012  0.        ],
[-0.83891632 -0.54426043  0.        ],
[-0.19630847  0.98054219  0.        ],
[-0.68390542  0.72957068  0.        ],
[-0.71106622 -0.70312505  0.        ],
[-0.99621659 -0.08690521  0.        ],
[-0.87638491  0.48161136  0.        ],
[-0.96155673 -0.27460635  0.        ],
[-0.84053684 -0.5417544   0.        ],
[-0.91292154  0.40813511  0.        ],
[-0.55956815 -0.82878434  0.        ],
[-0.90946033  0.41579071  0.        ],
[-0.85449205 -0.51946447  0.        ],
[-0.97242164 -0.23322985  0.        ],
[-0.99749617  0.07072053  0.        ],
[-0.73655481 -0.67637786  0.        ],
[-0.10276584  0.99470558  0.        ],
[-0.18135855  0.98341704  0.        ],
[-0.61069989 -0.79186214  0.        ],
[-0.69450176  0.71949101  0.        ],
[-0.99809675 -0.06166742  0.        ],
[-0.43615514  0.89987149  0.        ],
[-0.70414254  0.71005865  0.        ],
[-0.66640881 -0.74558655  0.        ],
[-0.85911774 -0.51177799  0.        ],
[-0.62855913 -0.7777618   0.        ],
[-0.6566112   0.75422923  0.        ],
[-0.94102985  0.33832355  0.        ],
[-0.81535801 -0.5789571   0.        ],
[-0.69885862  0.71525983  0.        ],
[-0.90572711  0.4238613   0.        ],
[-0.27989471  0.9600307   0.        ],
[-0.42045983  0.90731115  0.        ],
[-0.65594448 -0.75480914  0.        ],
[-0.58041366 -0.81432179  0.        ],
[-0.99913165 -0.04166458  0.        ],
[-0.81085539 -0.58524655  0.        ],
[-0.78404628  0.62070237  0.        ],
[-0.32704448  0.94500895  0.        ],
[-0.91165333 -0.4109601   0.        ],
[-0.83270737 -0.55371332  0.        ],
[-0.72538926 -0.68833888  0.        ],
[-0.24911648  0.96847353  0.        ],
[-0.93318618  0.35939332  0.        ],
[-0.14815211  0.98896459  0.        ],
[-0.84704833  0.53151588  0.        ],
[-0.35493104  0.93489248  0.        ],
[-0.23152246  0.97282956  0.        ],
[-0.98794698  0.15479265  0.        ],
[-0.8701831  -0.49272849  0.        ],
[-0.67031289 -0.74207859  0.        ],
[-0.80415791  0.59441572  0.        ],
[-0.89574367  0.44457089  0.        ],
[-0.99198751  0.12633597  0.        ],
[-0.80406472 -0.59454178  0.        ],
[-0.55220268 -0.8337099   0.        ],
[-0.33065844  0.9437505   0.        ],
[-0.75630544 -0.65421868  0.        ],
[-0.66286814  0.74873615  0.        ],
[-0.80419546 -0.59436493  0.        ],
[-0.40679447  0.91351971  0.        ],
[-0.96465967  0.26349899  0.        ],
[-0.95328835 -0.30206177  0.        ],
[-0.86502829 -0.50172309  0.        ],
[-0.84068432 -0.5415255   0.        ],
[-0.89748888  0.44103708  0.        ],
[-0.71362158 -0.7005314   0.        ],
[-0.92844948 -0.37145871  0.        ],
[-0.59734717 -0.80198277  0.        ],
[-0.80888496 -0.58796694  0.        ],
[-0.97020178  0.24229837  0.        ],
[-0.96903161  0.24693673  0.        ],
[-0.81335989  0.58176086  0.        ],
[-0.7707112   0.63718462  0.        ],
[-0.87952059  0.47586083  0.        ],
[-0.94873244 -0.31608029  0.        ],
[-0.95683482  0.29063228  0.        ],
[-0.17318204  0.98488983  0.        ],
[-0.99786165  0.06536156  0.        ],
[-0.78439613 -0.6202602   0.        ],
[-0.95959463  0.2813861   0.        ],
[-0.88251661 -0.47028123  0.        ],
[-0.7836405  -0.62121459  0.        ],
[-0.70028944  0.71385902  0.        ],
[-0.68783283 -0.72586913  0.        ],
[-0.27134492  0.96248217  0.        ],
[-0.2654239   0.96413181  0.        ],
[-0.98612181 -0.1660234   0.        ],
[-0.87194894  0.48959683  0.        ],
[-0.54102054 -0.84100938  0.        ],
[-0.82877883  0.55957632  0.        ],
[-0.77579658 -0.63098309  0.        ],
[-0.56317246 -0.82633939  0.        ],
[-0.96976335 -0.24404721  0.        ],
[-0.15120789  0.98850198  0.        ],
[-0.41725234  0.90879067  0.        ],
[-0.57952435 -0.81495492  0.        ],
[-0.4955675   0.86856943  0.        ],
[-0.42006464  0.90749418  0.        ],
[-0.35454441  0.93503918  0.        ],
[-0.00774922  0.99996997  0.        ],
[-0.96979136  0.24393588  0.        ],
[-0.59819551 -0.8013502   0.        ],
[-0.58566482  0.81055334  0.        ],
[-0.86370822 -0.50399217  0.        ],
[-0.99840426 -0.05647066  0.        ],
[-0.13394621  0.9909886   0.        ],
[-0.86118524  0.50829124  0.        ],
[-0.77707971 -0.6294022   0.        ],
[-0.86736021  0.49768088  0.        ],
[-0.77839812  0.62777096  0.        ],
[-0.85422404  0.51990507  0.        ],
[-0.12087473  0.99266777  0.        ],
[-0.71392482  0.70022236  0.        ],
[-0.62941922 -0.77706592  0.        ],
[-0.5962824  -0.80277475  0.        ],
[-0.84657362 -0.53227165  0.        ],
[-0.63637279 -0.77138166  0.        ],
[-0.05212082  0.99864079  0.        ],
[-0.81344945 -0.58163561  0.        ],
[-0.78654895 -0.61752793  0.        ],
[-0.77097837 -0.63686133  0.        ],
[-0.56259571  0.82673216  0.        ],
[-0.371808    0.92830965  0.        ],
[-0.59317878  0.80507076  0.        ],
[-0.67035354  0.74204186  0.        ],
[-0.744016   0.6681618  0.       ],
[-0.51890775  0.85483024  0.        ],
[-0.65371792 -0.75673832  0.        ],
[-0.35390368  0.93528187  0.        ],
[-0.98426324 -0.17670843  0.        ],
[-0.73562658 -0.67738729  0.        ],
[-0.99249209  0.1223088   0.        ],
[-0.82863203 -0.55979368  0.        ],
[-0.63987588 -0.76847828  0.        ],
[-0.99998875  0.00474369  0.        ],
[-0.99346989 -0.11409456  0.        ],
[-0.93069985  0.36578381  0.        ],
[-0.92763691 -0.37348328  0.        ],
[-0.95713163  0.28965331  0.        ],
[-0.99957415  0.02918067  0.        ],
[-0.42254119  0.90634372  0.        ],
[-0.07936761  0.99684542  0.        ],
[-0.26881817  0.96319094  0.        ],
[-0.08276898  0.99656876  0.        ],
[-0.53523465 -0.84470342  0.        ],
[-0.90936454 -0.41600016  0.        ],
[-0.74205263 -0.67034163  0.        ],
[-0.49484622  0.86898056  0.        ],
[-0.85323447  0.5215275   0.        ],
[-0.65356506 -0.75687034  0.        ],
[-0.91119984 -0.41196461  0.        ],
[-0.14948468  0.98876404  0.        ],
[-0.88865518  0.45857603  0.        ],
[-0.1475879   0.98904894  0.        ],
[-0.61025156  0.7922077   0.        ],
[-0.74940053  0.66211694  0.        ],
[-0.24006136  0.97075772  0.        ],
[-0.77026408 -0.63772505  0.        ],
[-0.6527623   0.75756279  0.        ],
[-0.99790602  0.0646805   0.        ],
[-0.97038792 -0.24155181  0.        ],
[-0.44463299  0.89571285  0.        ],
[-0.99475049 -0.10233016  0.        ],
[-0.30173755  0.95339103  0.        ],
[-0.70877681  0.7054328   0.        ],
[-0.99958759  0.02871672  0.        ],
[-0.67328865 -0.73937974  0.        ],
[-0.80799516  0.58918912  0.        ],
[-0.33517755  0.94215498  0.        ],
[-0.45324934  0.89138378  0.        ],
[-0.00111366  0.99999938  0.        ],
[-0.57964668  0.81486792  0.        ],
[-0.90451432  0.42644324  0.        ],
[-0.83139201  0.55568635  0.        ],
[-0.8639242  -0.50362186  0.        ],
[-0.14548418  0.98936058  0.        ],
[-0.38696253  0.92209544  0.        ],
[-0.96058077 -0.27800103  0.        ],
[-0.71065111 -0.70354459  0.        ],
[-0.99849139  0.05490843  0.        ],
[-0.85294524 -0.5220004   0.        ],
[-0.78496371 -0.61954175  0.        ],
[-0.99989032  0.01481057  0.        ],
[-0.94914216  0.31484785  0.        ],
[-0.18852094  0.98206917  0.        ],
[-0.77123061  0.63655585  0.        ],
[-0.28344427  0.95898871  0.        ],
[-0.68084635 -0.73242628  0.        ],
[-0.85416602 -0.5200004   0.        ],
[-0.84052297  0.54177591  0.        ],
[-0.55602029 -0.83116872  0.        ],
[-0.65972266 -0.75150916  0.        ],
[-0.73744919 -0.67540262  0.        ],
[-0.97582563 -0.21855053  0.        ],
[-0.59552322  0.8033381   0.        ],
[-0.56983749  0.82175741  0.        ],
[-0.73290241  0.68033379  0.        ],
[-0.9965692   0.08276372  0.        ],
[-0.63428546  0.77309893  0.        ],
[-0.06827727  0.99766638  0.        ],
[-0.74526493 -0.66676847  0.        ],
[-0.99930063 -0.03739324  0.        ],
[-0.54361392 -0.8393354   0.        ],
[-0.83719817 -0.54689965  0.        ],
[-0.48881229  0.87238899  0.        ],
[-0.44363983  0.89620517  0.        ],
[-0.90296793 -0.42970795  0.        ],
[-0.71361718 -0.70053588  0.        ],
[-0.4786288   0.87801735  0.        ],
[-0.88774033  0.46034456  0.        ],
[-0.66041508 -0.75090074  0.        ],
[-0.97714193  0.21258796  0.        ],
[-0.65750196 -0.75345284  0.        ],
[-0.64322458 -0.76567757  0.        ],
[-0.55598715 -0.83119089  0.        ],
[-0.73435231 -0.67876851  0.        ],
[-0.55705561 -0.83047519  0.        ],
[-0.99683982 -0.07943788  0.        ],
[-0.54098295 -0.84103356  0.        ],
[-0.82906282 -0.55915547  0.        ],
[-0.99475961  0.10224152  0.        ],
[-0.61811483 -0.78608781  0.        ],
[-0.64858656 -0.7611409   0.        ],
[-0.69394969  0.72002349  0.        ],
[-0.84002977  0.54254031  0.        ],
[-0.56781187 -0.82315835  0.        ],
[-0.40082437  0.91615491  0.        ],
[-0.10335416  0.99464462  0.        ],
[-0.99662065 -0.08214178  0.        ],
[-0.99626975  0.08629363  0.        ],
[-0.77727627 -0.62915944  0.        ],
[-0.99838124  0.05687613  0.        ],
[-0.40907862  0.91249914  0.        ],
[-0.682461    0.73092201  0.        ],
[-0.09644247  0.99533856  0.        ],
[-0.66980261 -0.7425392   0.        ],
[-0.82061309  0.57148416  0.        ],
[-0.31411918  0.94938356  0.        ],
[-0.82420595 -0.56629017  0.        ],
[-0.99033635  0.13868641  0.        ],
[-0.33724245  0.94141783  0.        ],
[-0.72630963 -0.68736768  0.        ],
[-0.77804752  0.62820543  0.        ],
[-0.59239592 -0.80564699  0.        ],
[-0.70111814 -0.71304513  0.        ],
[-0.63429695  0.77308951  0.        ],
[-0.46453388  0.88555535  0.        ],
[-0.69576529 -0.71826921  0.        ],
[-0.87587413 -0.48253964  0.        ],
[-0.99601782 -0.08915442  0.        ],
[-0.55095974  0.83453183  0.        ],
[-0.91665807 -0.39967234  0.        ],
[-0.56819068 -0.82289693  0.        ],
[-0.17739076  0.9841405   0.        ],
[-0.86867534 -0.49538182  0.        ],
[-0.99067466 -0.13624874  0.        ],
[-0.99912191 -0.04189751  0.        ],
[-0.94426914  0.3291744   0.        ],
[-0.97362751  0.22814353  0.        ],
