[ 0.91262951  0.4087877   0.        ],
[-0.91767624 -0.39732897  0.        ],
[-0.76351458 -0.64579059  0.        ],
[ 0.00430349 -0.99999074  0.        ],
[ 0.99986401 -0.01649129  0.        ],
[ 0.94912327 -0.31490479  0.        ],
[-0.57249805 -0.81990608  0.        ],
[-0.98479606 -0.17371445  0.        ],
[-0.98162904  0.19079945  0.        ],
[ 0.98401534 -0.17808369  0.        ],
[-0.18923788 -0.98193127  0.        ],
[-0.87692781  0.48062211  0.        ],
[ 0.99893663  0.04610444  0.        ],
[-0.92467503  0.38075725  0.        ],
[-0.8193908   0.57323531  0.        ],
[-0.49887044 -0.86667657  0.        ],
[-0.86682229 -0.4986172   0.        ],
[ 0.88627683  0.4631559   0.        ],
[ 0.99999509 -0.00313365  0.        ],
[ 0.51407024 -0.85774809  0.        ],
[-0.998349    0.05743925  0.        ],
[ 0.98201664 -0.18879436  0.        ],
[-0.45261459 -0.89170625  0.        ],
[-0.9929482 -0.118549   0.       ],
[ 0.78927622 -0.61403831  0.        ],
[ 0.86068733  0.5091339   0.        ],
[ -9.99999983e-01   1.82920564e-04   0.00000000e+00],
[ 0.8572251   0.51494186  0.        ],
[ 0.78641984 -0.61769234  0.        ],
[ -5.80304304e-04  -9.99999832e-01   0.00000000e+00],
[-0.09118784 -0.99583371  0.        ],
[-0.32993143 -0.9440049   0.        ],
[ 0.62217835 -0.78287553  0.        ],
[-0.8937674   0.44853076  0.        ],
[ 0.8761678 -0.4820062  0.       ],
[ 0.69642746 -0.7176272   0.        ],
[-0.995477    0.09500289  0.        ],
[-0.7116096  -0.70257511  0.        ],
[-0.78048816 -0.62517056  0.        ],
[-0.58833756 -0.80861543  0.        ],
[ 0.79706666  0.60389133  0.        ],
[ 0.05113801 -0.9986916   0.        ],
[ 0.54812446 -0.83639678  0.        ],
[ 0.99700392  0.07735107  0.        ],
[ 0.70486394 -0.70934253  0.        ],
[-0.97248699 -0.23295718  0.        ],
[-0.99597654 -0.0896144   0.        ],
[-0.81030835  0.58600373  0.        ],
[-0.80471274 -0.59366439  0.        ],
[ 0.40733919 -0.91327695  0.        ],
[ 0.95647112 -0.29182698  0.        ],
[-0.31651282 -0.94858823  0.        ],
[-0.06187913 -0.99808365  0.        ],
[ 0.12816631 -0.99175269  0.        ],
[-0.86525989  0.50132357  0.        ],
[-0.78642329  0.61768796  0.        ],
[-0.75255958 -0.65852417  0.        ],
[-0.99883183  0.0483215   0.        ],
[-0.90921497 -0.41632696  0.        ],
[ 0.82994169 -0.55785015  0.        ],
[ 0.81084541  0.58526039  0.        ],
[-0.77358876  0.63368796  0.        ],
[ 0.6248208   0.78076819  0.        ],
[-0.60433677 -0.79672898  0.        ],
[ 0.9060465  -0.42317815  0.        ],
[ 0.28795546 -0.9576438   0.        ],
[-0.99305091  0.1176856   0.        ],
[-0.53505016 -0.84482029  0.        ],
[-0.98244183 -0.18656915  0.        ],
[ 0.69796554 -0.71613134  0.        ],
[-0.59623326 -0.80281125  0.        ],
[-0.95331672  0.30197223  0.        ],
[-0.99193672  0.12673413  0.        ],
[-0.81289049 -0.58241657  0.        ],
[ 0.67107854 -0.74138627  0.        ],
[-0.99637175 -0.08510782  0.        ],
[-0.67996404 -0.73324546  0.        ],
[-0.93448252 -0.35600901  0.        ],
[-0.43273107 -0.90152306  0.        ],
[ 0.94412861 -0.32957725  0.        ],
[ 0.42391545 -0.90570177  0.        ],
[-0.87432274 -0.48534498  0.        ],
[-0.88851531  0.45884698  0.        ],
[-0.88457415  0.46639959  0.        ],
[-0.89348057  0.44910185  0.        ],
[ 0.28974528 -0.95710379  0.        ],
[-0.95972532 -0.28094005  0.        ],
[ 0.88197514 -0.47129592  0.        ],
[ 0.94884858  0.31573149  0.        ],
[ 0.78476392  0.61979479  0.        ],
[-0.55588087 -0.83126197  0.        ],
[-0.16230094 -0.98674131  0.        ],
[-0.77031199 -0.63766719  0.        ],
[-0.90028647 -0.43529791  0.        ],
[-0.76573449  0.64315682  0.        ],
[-0.61489878 -0.78860604  0.        ],
[ 0.17617696 -0.98435851  0.        ],
[ 0.87320075 -0.4873607   0.        ],
[ 0.97615011  0.21709666  0.        ],
[ 0.96012239 -0.27958002  0.        ],
