[-0.90483713 -0.42575787  0.        ],
[-0.05738188 -0.9983523   0.        ],
[  4.64921054e-17   1.00000000e+00   0.00000000e+00],
[-0.48479443 -0.87462813  0.        ],
[-0.07659932 -0.99706196  0.        ],
[-0.99161196  0.12925061  0.        ],
[-0.91859351 -0.3952037   0.        ],
[ 0.  1.  0.],
[ 0.  1.  0.],
[-0.05994569 -0.99820164  0.        ],
[-0.99597673  0.08961228  0.        ],
[ 0.  1.  0.],
[ -4.59008688e-17   1.00000000e+00   0.00000000e+00],
[ -7.54678306e-04  -9.99999715e-01   0.00000000e+00],
[ 0.  1.  0.],
[-0.0653975   0.99785929  0.        ],
[  1.16760760e-17   1.00000000e+00   0.00000000e+00],
[-0.0861831  -0.99627932  0.        ],
[-0.95632454  0.292307    0.        ],
[-0.40207478 -0.91560683  0.        ],
[-0.96940049 -0.2454846   0.        ],
[ -9.11194807e-17   1.00000000e+00   0.00000000e+00],
[-0.97039386  0.24152795  0.        ],
[-0.76152074  0.64814055  0.        ],
[-0.05931412 -0.99823937  0.        ],
[-0.73144801  0.68189722  0.        ],
[-0.66014871  0.75113493  0.        ],
[-0.99980953  0.01951689  0.        ],
[-0.10526751 -0.99444394  0.        ],
[-0.03909146 -0.99923564  0.        ],
[ 0.  1.  0.],
[ 0.  1.  0.],
[  9.28509663e-17   1.00000000e+00   0.00000000e+00],
[-0.72339376  0.69043571  0.        ],
[ -4.89230136e-17   1.00000000e+00   0.00000000e+00],
[ 0.  1.  0.],
[ 0.  1.  0.],
[-0.01572464 -0.99987636  0.        ],
[ 0.  1.  0.],
[-0.26403806 -0.96451226  0.        ],
[-0.28419209 -0.95876736  0.        ],
[-0.56796231 -0.82305456  0.        ],
[-0.78659556  0.61746856  0.        ],
[ 0.  1.  0.],
[-0.38526038 -0.92280791  0.        ],
[ 0.  1.  0.],
[-0.99768904  0.06794535  0.        ],
[-0.32197592  0.94674786  0.        ],
[-0.76055764 -0.64927042  0.        ],
[-0.99504075  0.09946806  0.        ],
[ 0.  1.  0.],
[-0.04515314  0.99898008  0.        ],
[-0.63531285  0.77225487  0.        ],
[-0.21948044 -0.9756169   0.        ],
[-0.62165794 -0.78328884  0.        ],
[-0.04691841 -0.99889873  0.        ],
[-0.98399661  0.1781872   0.        ],
[-0.90922655  0.41630166  0.        ],
[-0.15763425  0.98749757  0.        ],
[  4.92908918e-17   1.00000000e+00   0.00000000e+00],
[-0.4867633  -0.87353391  0.        ],
[ 0.  1.  0.],
[ 0.  1.  0.],
[-0.99719411  0.07485925  0.        ],
[-0.40002552  0.916504    0.        ],
[-0.09127694 -0.99582555  0.        ],
[ 0.  1.  0.],
[-0.08882307 -0.99604742  0.        ],
[-0.58203719 -0.81316217  0.        ],
[ 0.  1.  0.],
[-0.74946133  0.66204812  0.        ],
[-0.09240806 -0.99572122  0.        ],
[-0.4579049  -0.88900118  0.        ],
[-0.22128957  0.97520814  0.        ],
[-0.37926961  0.92528621  0.        ],
[ 0.  1.  0.],
[ 0.  1.  0.],
[-0.45438408 -0.89080587  0.        ],
[ 0.  1.  0.],
[ 0.  1.  0.],
[-0.46834433 -0.88354603  0.        ],
[ 0.  1.  0.],
[-0.62783582  0.7783458   0.        ],
[-0.02022731 -0.99979541  0.        ],
[-0.06286034  0.99802233  0.        ],
[-0.11105525 -0.99381423  0.        ],
[-0.99995767  0.00920128  0.        ],
[-0.05186483 -0.99865411  0.        ],
[ 0.  1.  0.],
[-0.56167455 -0.82735827  0.        ],
[-0.59183177  0.80606151  0.        ],
[-0.97950115  0.20143855  0.        ],
[ 0.  1.  0.],
[-0.08018259 -0.99678019  0.        ],
[-0.68407498 -0.72941169  0.        ],
[ 0.  1.  0.],
[ 0.  1.  0.],
[ 0.  1.  0.],
[-0.75275728  0.65829817  0.        ],
[ 0.  1.  0.],
[-0.82480428  0.56541834  0.        ],
[-0.01599933 -0.999872    0.        ],
[ 0.  1.  0.],
[-0.43421348  0.90081     0.        ],
[-0.04558098  0.99896065  0.        ],
[-0.43088479  0.90240695  0.        ],
[-0.60926448  0.79296709  0.        ],
[ 0.  1.  0.],
[ 0.  1.  0.],
[-0.39684439  0.9178859   0.        ],
[ -1.78467905e-16   1.00000000e+00   0.00000000e+00],
[-0.06289019 -0.99802045  0.        ],
[-0.62431418 -0.78117335  0.        ],
[-0.99998606  0.00527974  0.        ],
[ 0.  1.  0.],
[-0.48013619 -0.87719396  0.        ],
[-0.4292635  0.9031793  0.       ],
[  4.62076897e-17   1.00000000e+00   0.00000000e+00],
[ 0.  1.  0.],
[-0.31986484  0.94746318  0.        ],
[ 0.  1.  0.],
[-0.25826641 -0.96607373  0.        ],
[-0.37175232 -0.92833195  0.        ],
[-0.13109612 -0.99136966  0.        ],
[ 0.  1.  0.],
[ 0.  1.  0.],
[-0.16521443 -0.98625767  0.        ],
[-0.30730202  0.95161204  0.        ],
[ 0.  1.  0.],
[-0.89950463  0.43691122  0.        ],
[ 0.  1.  0.],
[ 0.  1.  0.],
[ 0.  1.  0.],
[-0.85675002 -0.51573191  0.        ],
[-0.60200491 -0.79849238  0.        ],
[-0.36255323 -0.93196306  0.        ],
[-0.3898948  0.9208594  0.       ],
[ -1.89597230e-16   1.00000000e+00   0.00000000e+00],
[-0.27838593 -0.9604693   0.        ],
[-0.45097753  0.8925353   0.        ],
[ 0.  1.  0.],
[-0.45700449 -0.88946439  0.        ],
[ 0.  1.  0.],
[ 0.  1.  0.],
[-0.61996864  0.78462659  0.        ],
[-0.04958848  0.99876973  0.        ],
[-0.02315441 -0.9997319   0.        ],
[ 0.  1.  0.],
[-0.96607022  0.25827955  0.        ],
[-0.08445767 -0.99642707  0.        ],
[-0.74559573  0.66639854  0.        ],
[-0.08187612 -0.99664251  0.        ],
[-0.52108715 -0.85350347  0.        ],
[-0.09535182  0.99544364  0.        ],
[-0.0700732  -0.99754185  0.        ],
[ 0.  1.  0.],
[ 0.  1.  0.],
[-0.90188734  0.43197133  0.        ],
[-0.55193686 -0.83388591  0.        ],
[-0.99762002  0.06895147  0.        ],
[ 0.  1.  0.],
[ 0.  1.  0.],
[-0.97463966  0.22378011  0.        ],
[-0.98158905  0.19100509  0.        ],
[  9.11121022e-17   1.00000000e+00   0.00000000e+00],
[ 0.  1.  0.],
[ 0.  1.  0.],
[-0.53963271  0.84190055  0.        ],
[ 0.  1.  0.],
[-0.95900416  0.283392    0.        ],
[-0.07852041 -0.99691251  0.        ],
[ 0.  1.  0.],
[-0.03592902 -0.99935434  0.        ],
[ 0.  1.  0.],
[-0.65957397 -0.75163966  0.        ],
[-0.02079433  0.99978377  0.        ],
[-0.83021584  0.55744207  0.        ],
[ 0.  1.  0.],
[-0.95058876  0.31045292  0.        ],
[-0.55389167 -0.83258874  0.        ],
[ 0.  1.  0.],
[-0.05884585  0.99826708  0.        ],
[-0.77454905 -0.63251385  0.        ],
[  2.35667146e-17   1.00000000e+00   0.00000000e+00],
[-0.9826584   0.18542513  0.        ],
[-0.66092044  0.75045598  0.        ],
[-0.95291767  0.30322913  0.        ],
[-0.01606723 -0.99987091  0.        ],
[-0.098967    0.99509072  0.        ],
[ 0.  1.  0.],
[-0.69382382  0.72014479  0.        ],
[-0.06557451 -0.99784768  0.        ],
[-0.56906218  0.82229449  0.        ],
[-0.99983922 -0.01793145  0.        ],
[-0.99960345  0.02815919  0.        ],
[-0.01564638  0.99987759  0.        ],
[-0.32191765  0.94676767  0.        ],
[ 0.  1.  0.],
[ 0.  1.  0.],
[-0.14612611  0.98926597  0.        ],
[ 0.  1.  0.],
[-0.00932022 -0.99995657  0.        ],
[ 0.  1.  0.],
[-0.00374617 -0.99999298  0.        ],
[ 0.  1.  0.],
[-0.68755839 -0.72612909  0.        ],
[ 0.  1.  0.],
[-0.13917097  0.99026837  0.        ],
[-0.05702943 -0.9983725   0.        ],
[ 0.  1.  0.],
[-0.01693692 -0.99985656  0.        ],
[-0.09107604 -0.99584394  0.        ],
[ 0.  1.  0.],
[-0.46841985 -0.883506    0.        ],
[-0.99906419  0.04325207  0.        ],
[-0.02018448  0.99979627  0.        ],
[-0.47528547  0.87983164  0.        ],
[-0.21618366  0.97635272  0.        ],
[-0.01793283 -0.99983919  0.        ],
[-0.9998498  -0.01733125  0.        ],
[-0.55283788 -0.83328883  0.        ],
[-0.02540801 -0.99967716  0.        ],
[-0.98916148 -0.14683176  0.        ],
[ 0.  1.  0.],
[-0.05091556 -0.99870296  0.        ],
[ 0.  1.  0.],
[-0.22868694  0.97350002  0.        ],
[ 0.  1.  0.],
[-0.27726196  0.96079436  0.        ],
[-0.67428448 -0.73847169  0.        ],
[-0.37367141 -0.92756114  0.        ],
[-0.41784817  0.90851687  0.        ],
[-0.06810034 -0.99767848  0.        ],
[ 0.  1.  0.],
[-0.42364466 -0.90582846  0.        ],
[-0.95073469 -0.31000574  0.        ],
[-0.15758531 -0.98750538  0.        ],
[-0.96028754 -0.27901227  0.        ],
[-0.92644962  0.37641878  0.        ],
[-0.49567862 -0.86850602  0.        ],
[-0.9924784   0.12241987  0.        ],
[ 0.  1.  0.],
[  9.53989732e-17   1.00000000e+00   0.00000000e+00],
[ 0.  1.  0.],
[-0.42360812 -0.90584555  0.        ],
[ 0.  1.  0.],
[ 0.  1.  0.],
[ 0.  1.  0.],
[-0.58797135  0.80888175  0.        ],
[-0.38573801  0.92260836  0.        ],
[ 0.  1.  0.],
[ 0.  1.  0.],
[-0.99865481  0.05185148  0.        ],
[-0.51912985 -0.85469538  0.        ],
[-0.05803284 -0.99831467  0.        ],
[-0.94665475  0.32224956  0.        ],
[-0.73908904 -0.67360774  0.        ],
[-0.99808131  0.06191694  0.        ],
[-0.98452462  0.17524633  0.        ],
[-0.00138688 -0.99999904  0.        ],
[ -9.05375389e-17   1.00000000e+00   0.00000000e+00],
[-0.48263219  0.87582314  0.        ],
[ 0.  1.  0.],
[-0.96802789 -0.25084259  0.        ],
[-0.90686833 -0.42141409  0.        ],
[ 0.  1.  0.],
[-0.7026199  -0.71156537  0.        ],
[-0.09304723 -0.9956617   0.        ],
[-0.4777303  -0.87850655  0.        ],
[-0.4868053  -0.87351051  0.        ],
[-0.49556798  0.86856915  0.        ],
[-0.79843528  0.60208064  0.        ],
[ 0.  1.  0.],
[-0.99930642 -0.03723819  0.        ],
[-0.03467251 -0.99939873  0.        ],
[ 0.  1.  0.],
[-0.54261522 -0.83998138  0.        ],
[-0.63197323  0.77499021  0.        ],
[ 0.  1.  0.],
[-0.18883201 -0.98200941  0.        ],
[ 0.  1.  0.],
[-0.07256161 -0.99736393  0.        ],
[-0.03546452 -0.99937094  0.        ],
[-0.99967337 -0.0255569   0.        ],
[-0.03732258 -0.99930327  0.        ],
[-0.00917878 -0.99995787  0.        ],
[-0.03444317 -0.99940666  0.        ],
[ 0.  1.  0.],
[-0.00942364 -0.9999556   0.        ],
[ 0.  1.  0.],
[ 0.  1.  0.],
[ 0.  1.  0.],
[-0.53984779 -0.84176265  0.        ],
[ 0.  1.  0.],
[ -9.61475310e-17   1.00000000e+00   0.00000000e+00],
[ 0.  1.  0.],
[-0.54391614 -0.83913958  0.        ],
[-0.09102079 -0.99584899  0.        ],
[-0.60980029  0.79255512  0.        ],
[-0.90137917 -0.43303071  0.        ],
[-0.08871155  0.99605736  0.        ],
[-0.05166361 -0.99866454  0.        ],
[-0.64487538  0.76428774  0.        ],
[-0.03217309 -0.99948231  0.        ],
[-0.01417155 -0.99989958  0.        ],
[-0.19442944  0.98091651  0.        ],
[-0.02821396 -0.99960191  0.        ],
[ 0.  1.  0.],
[-0.47810319  0.87830367  0.        ],
[-0.88074766  0.47358585  0.        ],
[-0.07495225 -0.99718712  0.        ],
[-0.94973929 -0.31304197  0.        ],
[ 0.  1.  0.],
[-0.54477096 -0.83858488  0.        ],
[-0.76523157  0.64375511  0.        ],
[-0.9273965   0.37407984  0.        ],
[ 0.  1.  0.],
[-0.9634659   0.26783103  0.        ],
[-0.67453801  0.73824012  0.        ],
[-0.08096524 -0.99671693  0.        ],
[-0.74855684 -0.66307063  0.        ],
[-0.05905396 -0.99825479  0.        ],
[-0.04146103 -0.99914012  0.        ],
[-0.04287004  0.99908066  0.        ],
[ 0.  1.  0.],
[-0.8345715  -0.55089963  0.        ],
[-0.91802735 -0.39651706  0.        ],
[ 0.  1.  0.],
[ 0.  1.  0.],
[-0.17908044  0.98383443  0.        ],
[ 0.  1.  0.],
[ 0.  1.  0.],
[-0.89635252  0.44334204  0.        ],
[-0.31244149  0.94993701  0.        ],
[-0.92637831  0.37659426  0.        ],
[-0.83610138 -0.54857495  0.        ],
[ 0.  1.  0.],
[-0.99122697  0.13217072  0.        ],
[ 0.  1.  0.],
[-0.26694504  0.96371176  0.        ],
[-0.08550149 -0.99633804  0.        ],
[-0.06705814 -0.99774907  0.        ],
[ 0.  1.  0.],
[ 0.  1.  0.],
[-0.0045587  -0.99998961  0.        ],
[-0.31015952  0.95068453  0.        ],
[ 0.  1.  0.],
[-0.04443559 -0.99901225  0.        ],
[-0.01804313  0.99983721  0.        ],
[ 0.  1.  0.],
[-0.04880791 -0.99880818  0.        ],
[-0.99111211  0.13302929  0.        ],
[-0.16936814  0.98555286  0.        ],
[-0.03995437  0.99920151  0.        ],
[ 0.  1.  0.],
[ 0.  1.  0.],
[-0.02844963 -0.99959523  0.        ],
[ -9.02086007e-17   1.00000000e+00   0.00000000e+00],
[ 0.  1.  0.],
[-0.77097708 -0.6368629   0.        ],
[-0.1448741 -0.9894501  0.       ],
[-0.99520848  0.09777568  0.        ],
[ 0.  1.  0.],
[-0.41916923  0.90790812  0.        ],
[-0.16232743  0.98673695  0.        ],
[-0.88762002 -0.46057648  0.        ],
[  1.83392538e-16   1.00000000e+00   0.00000000e+00],
[-0.77596421  0.63077693  0.        ],
[-0.7298641   0.68359227  0.        ],
[  9.05968574e-17   1.00000000e+00   0.00000000e+00],
[ 0.  1.  0.],
[-0.81939623 -0.57322754  0.        ],
[-0.69711851 -0.71695592  0.        ],
[-0.69914616  0.71497878  0.        ],
[ 0.  1.  0.],
[-0.42347257  0.90590893  0.        ],
[-0.98150436  0.19143977  0.        ],
[-0.43169704 -0.90201866  0.        ],
[-0.43859708  0.89868382  0.        ],
[-0.50646799 -0.86225876  0.        ],
[-0.01934685 -0.99981283  0.        ],
[-0.94986319  0.31266583  0.        ],
[-0.1201541  -0.99275525  0.        ],
[-0.95603696  0.29324621  0.        ],
[-0.97770009  0.21000603  0.        ],
[ 0.  1.  0.],
[-0.74233701 -0.67002669  0.        ],
[-0.43003185 -0.90281372  0.        ],
[-0.92867313  0.37089919  0.        ],
[-0.46584273 -0.88486753  0.        ],
[-0.61452563  0.78889686  0.        ],
[-0.49977724  0.86615398  0.        ],
[ 0.  1.  0.],
[ 0.  1.  0.],
[-0.71900086  0.69500919  0.        ],
[-0.0024988  -0.99999688  0.        ],
[-0.80738181 -0.59002934  0.        ],
[ 0.  1.  0.],
[ 0.  1.  0.],
[ 0.  1.  0.],
[ -1.12428360e-17   1.00000000e+00   0.00000000e+00],
[-0.88302583 -0.46932439  0.        ],
[-0.05974403 -0.99821373  0.        ],
[-0.03314102 -0.99945069  0.        ],
[-0.59016261  0.8072844   0.        ],
[ 0.  1.  0.],
[ 0.  1.  0.],
[-0.99999438  0.00335304  0.        ],
[ 0.  1.  0.],
[-0.2513768 -0.9678893  0.       ],
[-0.82750634 -0.56145637  0.        ],
[ 0.  1.  0.],
[ 0.  1.  0.],
[-0.94649037 -0.32273205  0.        ],
[-0.27905725  0.96027447  0.        ],
[-0.21143547  0.97739196  0.        ],
[-0.50780289 -0.86147329  0.        ],
[-0.95298029 -0.30303229  0.        ],
[ 0.  1.  0.],
[ 0.  1.  0.],
[-0.04464672 -0.99900284  0.        ],
[ -9.73308918e-17   1.00000000e+00   0.00000000e+00],
[  9.70068861e-17   1.00000000e+00   0.00000000e+00],
[-0.82602646 -0.56363134  0.        ],
[ 0.  1.  0.],
[-0.93905116  0.34377743  0.        ],
[  1.94416401e-16   1.00000000e+00   0.00000000e+00],
[-0.59820077 -0.80134627  0.        ],
[-0.56987516 -0.82173128  0.        ],
[-0.12295021  0.99241284  0.        ],
[-0.95796406 -0.28688825  0.        ],
[ 0.  1.  0.],
[-0.63839199 -0.76971142  0.        ],
[-0.60415135 -0.79686959  0.        ],
[-0.25457038 -0.96705425  0.        ],
[ 0.  1.  0.],
[-0.25079679  0.96803976  0.        ],
[  4.73304704e-17   1.00000000e+00   0.00000000e+00],
[-0.74676568 -0.66508723  0.        ],
[-0.14731231 -0.98909003  0.        ],
[-0.65898262 -0.75215817  0.        ],
[-0.23015612 -0.97315372  0.        ],
[-0.08061068 -0.99674566  0.        ],
[ 0.  1.  0.],
[-0.37015476 -0.9289701   0.        ],
[-0.0038235  -0.99999269  0.        ],
[ -9.74804026e-17   1.00000000e+00   0.00000000e+00],
[ 0.  1.  0.],
[ 0.  1.  0.],
[-0.12768806  0.99181438  0.        ],
[-0.41900492  0.90798397  0.        ],
[-0.71470146  0.69942964  0.        ],
[ 0.  1.  0.],
[ 0.  1.  0.],
[-0.50520079  0.86300183  0.        ],
[-0.95539885 -0.29531854  0.        ],
[-0.09100652  0.9958503   0.        ],
[-0.53324935 -0.84595812  0.        ],
[-0.5454959   0.83811349  0.        ],
[ 0.  1.  0.],
[-0.08991684 -0.99594928  0.        ],
[-0.99678491  0.08012392  0.        ],
[-0.91837327  0.39571521  0.        ],
[-0.11376108 -0.99350814  0.        ],
[-0.44161425  0.89720502  0.        ],
[ 0.  1.  0.],
[-0.33783789 -0.94120431  0.        ],
[ 0.  1.  0.],
[-0.09262934 -0.99570066  0.        ],
[ 0.  1.  0.],
[ 0.  1.  0.],
[ -9.80009593e-17   1.00000000e+00   0.00000000e+00],
[-0.02507445  0.99968559  0.        ],
[-0.08451588 -0.99642213  0.        ],
[-0.87329909  0.48718447  0.        ],
[ 0.  1.  0.],
[ 0.  1.  0.],
[ 0.  1.  0.],
[-0.82222258  0.56916608  0.        ],
[-0.28839095 -0.95751275  0.        ],
[ -9.16857597e-17   1.00000000e+00   0.00000000e+00],
[ 0.  1.  0.],
[-0.504812   -0.86322931  0.        ],
[-0.06629504 -0.99780006  0.        ],
[-0.07786965  0.99696355  0.        ],
[  5.63413399e-18   1.00000000e+00   0.00000000e+00],
[-0.47633163  0.8792657   0.        ],
[-0.08203808 -0.9966292   0.        ],
[-0.85862141  0.51261026  0.        ],
[-0.89593829 -0.44417855  0.        ],
[ 0.  1.  0.],
[-0.47115046  0.88205286  0.        ],
[-0.04881002 -0.99880808  0.        ],
[-0.02219791 -0.9997536   0.        ],
[-0.08455711 -0.99641863  0.        ],
[-0.79455122 -0.60719713  0.        ],
[-0.41669147  0.90904797  0.        ],
[ 0.  1.  0.],
[ 0.  1.  0.],
[-0.98286366  0.184334    0.        ],
[ 0.  1.  0.],
[ 0.  1.  0.],
[ -9.63546590e-17   1.00000000e+00   0.00000000e+00],
[ 0.  1.  0.],
[-0.97293147  0.23109381  0.        ],
[-0.05605829 -0.9984275   0.        ],
[ 0.  1.  0.],
[-0.86199467  0.50691734  0.        ],
[-0.0938543  -0.99558594  0.        ],
[ -8.91569943e-17   1.00000000e+00   0.00000000e+00],
[-0.73794446 -0.67486145  0.        ],
[ 0.  1.  0.],
[  9.78838065e-17   1.00000000e+00   0.00000000e+00],
[-0.04248097 -0.99909728  0.        ],
[-0.9175327  -0.39766033  0.        ],
[-0.95641018  0.29202665  0.        ],
[-0.98554266  0.16942746  0.        ],
[-0.88863416 -0.45861676  0.        ],
[-0.10532149 -0.99443823  0.        ],
[-0.80477144  0.59358481  0.        ],
[ 0.  1.  0.],
[-0.55531873 -0.8316376   0.        ],
[-0.18266228 -0.98317572  0.        ],
[-0.07190322  0.99741161  0.        ],
[ 0.  1.  0.],
[-0.09183688  0.99577406  0.        ],
[ 0.  1.  0.],
[-0.39778508 -0.91747862  0.        ],
[-0.04419749  0.99902281  0.        ],
[-0.41274671  0.91084585  0.        ],
[ 0.  1.  0.],
[ 0.  1.  0.],
[-0.34793508 -0.93751863  0.        ],
[ 0.  1.  0.],
[ 0.  1.  0.],
[-0.19467463 -0.98086788  0.        ],
[-0.15668394  0.98764879  0.        ],
[ -4.56326447e-17   1.00000000e+00   0.00000000e+00],
[-0.07266172  0.99735664  0.        ],
[ 0.  1.  0.],
[-0.59515927  0.80360777  0.        ],
[ 0.  1.  0.],
[ 0.  1.  0.],
[ 0.  1.  0.],
[-0.91868385 -0.39499365  0.        ],
[-0.78278918 -0.62228699  0.        ],
[ 0.  1.  0.],
[-0.76908729  0.63914375  0.        ],
[-0.79283155 -0.60944083  0.        ],
[ 0.  1.  0.],
[ 0.  1.  0.],
[-0.56632765  0.82418019  0.        ],
[ 0.  1.  0.],
[ 0.  1.  0.],
[-0.76497178  0.6440638   0.        ],
[-0.18614654 -0.98252199  0.        ],
[ 0.  1.  0.],
[-0.42918437 -0.90321691  0.        ],
[-0.40657848  0.91361586  0.        ],
[-0.02697783 -0.99963603  0.        ],
[-0.21247722  0.97716602  0.        ],
[-0.0732328  -0.99731487  0.        ],
[-0.83158307 -0.55540039  0.        ],
[-0.9067124  -0.42174949  0.        ],
[-0.76507317 -0.64394335  0.        ],
[-0.43604818 -0.89992332  0.        ],
[ 0.  1.  0.],
[-0.56323299  0.82629813  0.        ],
[ 0.  1.  0.],
[-0.27410209  0.9617006   0.        ],
[-0.89654993  0.44294269  0.        ],
[ 0.  1.  0.],
[-0.0137809  -0.99990504  0.        ],
[ 0.  1.  0.],
[-0.75301206 -0.65800671  0.        ],
[-0.51635615  0.85637394  0.        ],
[ 0.  1.  0.],
[-0.17816756 -0.98400016  0.        ],
[  1.22699394e-17   1.00000000e+00   0.00000000e+00],
[-0.56960883  0.82191592  0.        ],
[ -1.83360078e-16   1.00000000e+00   0.00000000e+00],
[-0.15483241  0.98794075  0.        ],
[-0.0751817  -0.99716985  0.        ],
[  2.35008252e-17   1.00000000e+00   0.00000000e+00],
[ 0.  1.  0.],
[-0.03231443  0.99947775  0.        ],
[ 0.  1.  0.],
[ -9.44910587e-17   1.00000000e+00   0.00000000e+00],
[-0.7551191  -0.65558763  0.        ],
[ -1.80710714e-16   1.00000000e+00   0.00000000e+00],
[-0.4061882   0.91378944  0.        ],
[-0.07629707 -0.99708513  0.        ],
[-0.98918729  0.14665781  0.        ],
[ 0.  1.  0.],
[-0.94144953  0.33715394  0.        ],
[-0.06932654 -0.99759402  0.        ],
[ 0.  1.  0.],
[-0.19657224  0.98048934  0.        ],
[-0.41421251 -0.9101802   0.        ],
[-0.98870514 -0.14987375  0.        ],
[ 0.  1.  0.],
[-0.15617667  0.98772914  0.        ],
[-0.77129184  0.63648166  0.        ],
[-0.287809    0.95768783  0.        ],
[ 0.  1.  0.],
[-0.52121873  0.85342313  0.        ],
[ 0.  1.  0.],
[ 0.  1.  0.],
[-0.91798717 -0.39661008  0.        ],
[ 0.  1.  0.],
[-0.20188676  0.97940887  0.        ],
[-0.06443449  0.99792194  0.        ],
[ 0.  1.  0.],
[-0.71289516  0.70127063  0.        ],
[-0.32524681  0.94562916  0.        ],
[ 0.  1.  0.],
[ 0.  1.  0.],
[-0.05813712  0.99830861  0.        ],
[-0.33206331  0.9432571   0.        ],
[-0.08829381 -0.99609447  0.        ],
[ 0.  1.  0.],
[ 0.  1.  0.],
[ -9.08387047e-17   1.00000000e+00   0.00000000e+00],
[ 0.  1.  0.],
[-0.8012139  -0.59837804  0.        ],
[ 0.  1.  0.],
[  9.00289058e-17   1.00000000e+00   0.00000000e+00],
[-0.03651128 -0.99933324  0.        ],
[-0.93036034  0.36664648  0.        ],
[-0.90916404  0.41643818  0.        ],
[-0.36156808 -0.93234571  0.        ],
[ 0.  1.  0.],
[-0.06269838 -0.99803252  0.        ],
[-0.79856041  0.60191467  0.        ],
[-0.40201504 -0.91563306  0.        ],
[ 0.  1.  0.],
[ 0.  1.  0.],
[ -9.52982307e-17   1.00000000e+00   0.00000000e+00],
[ 0.  1.  0.],
[ 0.  1.  0.],
[  1.21021878e-17   1.00000000e+00   0.00000000e+00],
[ -4.57768096e-17   1.00000000e+00   0.00000000e+00],
[-0.73326466  0.67994333  0.        ],
[-0.45143319 -0.89230492  0.        ],
[ 0.  1.  0.],
[-0.88277058 -0.46980432  0.        ],
[ 0.  1.  0.],
[-0.88356147 -0.4683152   0.        ],
[ 0.  1.  0.],
[ 0.  1.  0.],
[-0.9939965   0.10941192  0.        ],
[ -8.99963420e-17   1.00000000e+00   0.00000000e+00],
[ 0.  1.  0.],
[-0.06239411  0.99805159  0.        ],
[-0.64559702  0.76367826  0.        ],
[-0.04420512 -0.99902248  0.        ],
[-0.65718863  0.75372615  0.        ],
[-0.95886023  0.28387859  0.        ],
[-0.42998217  0.90283738  0.        ],
[ 0.  1.  0.],
[-0.80785229  0.589385    0.        ],
[ -1.14814822e-17   1.00000000e+00   0.00000000e+00],
[-0.46184529  0.8869605   0.        ],
[  4.45519725e-17   1.00000000e+00   0.00000000e+00],
[ 0.  1.  0.],
[ 0.  1.  0.],
[-0.03683243  0.99932146  0.        ],
[ 0.  1.  0.],
[ 0.  1.  0.],
[-0.41788028  0.9085021   0.        ],
[-0.96893864  0.24730127  0.        ],
[ 0.  1.  0.],
[-0.98416275 -0.17726723  0.        ],
[-0.06348932 -0.99798252  0.        ],
[ 0.  1.  0.],
[ 0.  1.  0.],
[-0.07160123 -0.99743334  0.        ],
[-0.53940106 -0.84204899  0.        ],
[ 0.  1.  0.],
[-0.86605123  0.49995527  0.        ],
[-0.17554957 -0.98447059  0.        ],
[-0.68839137  0.72533945  0.        ],
[-0.00561796 -0.99998422  0.        ],
[ 0.  1.  0.],
[ 0.  1.  0.],
[ 0.  1.  0.],
[-0.05716528 -0.99836473  0.        ],
[ 0.  1.  0.],
[ 0.  1.  0.],
[-0.65676055  0.75409918  0.        ],
[-0.12572461  0.99206518  0.        ],
[-0.57041292  0.82135809  0.        ],
[-0.47141127 -0.8819135   0.        ],
[ 0.  1.  0.],
[-0.97150096  0.23703561  0.        ],
[-0.97300962 -0.23076454  0.        ],
[ 0.  1.  0.],
[-0.50635867 -0.86232296  0.        ],
[-0.05152865 -0.99867152  0.        ],
[-0.1738289  -0.98477587  0.        ],
[-0.01252219 -0.99992159  0.        ],
[ 0.  1.  0.],
[ 0.  1.  0.],
[-0.6486518  -0.76108531  0.        ],
[-0.30861657  0.95118653  0.        ],
[ 0.  1.  0.],
[-0.08647908 -0.99625367  0.        ],
[-0.08838903 -0.99608603  0.        ],
[ 0.  1.  0.],
[-0.05269131  0.99861085  0.        ],
[-0.07349649 -0.99729548  0.        ],
[-0.51049181 -0.85988262  0.        ],
[-0.0597837  -0.99821135  0.        ],
[-0.01076999 -0.999942    0.        ],
[-0.311214   -0.95033986  0.        ],
[ 0.  1.  0.],
[-0.68155599  0.73176597  0.        ],
[-0.82847585 -0.5600248   0.        ],
[ 0.  1.  0.],
[-0.76172014 -0.64790618  0.        ],
[-0.03520094 -0.99938025  0.        ],
[ 0.  1.  0.],
[-0.42002786 -0.90751121  0.        ],
[-0.50975969 -0.86031684  0.        ],
[-0.50026553  0.86587204  0.        ],
[ 0.  1.  0.],
[-0.0551846  -0.99847617  0.        ],
[-0.07656301 -0.99706474  0.        ],
[ 0.  1.  0.],
[-0.96920074 -0.24627207  0.        ],
[-0.8564858  -0.51617058  0.        ],
[-0.11284943  0.9936121   0.        ],
[ -4.93388256e-17   1.00000000e+00   0.00000000e+00],
[ 0.  1.  0.],
[-0.36408342 -0.93136634  0.        ],
[-0.04084317 -0.99916557  0.        ],
[-0.57710714 -0.81666844  0.        ],
[ 0.  1.  0.],
[ 0.  1.  0.],
[-0.04366436 -0.99904626  0.        ],
[ 0.  1.  0.],
[ 0.  1.  0.],
[ 0.  1.  0.],
[-0.47577605  0.87956646  0.        ],
[-0.64730789  0.76222863  0.        ],
[-0.34355591  0.93913223  0.        ],
[-0.86429084  0.50299239  0.        ],
[-0.88688958 -0.46198146  0.        ],
[-0.30543465 -0.95221304  0.        ],
[ 0.  1.  0.],
[-0.33695049 -0.94152237  0.        ],
[-0.95297474 -0.30304974  0.        ],
[-0.02556361 -0.9996732   0.        ],
[-0.01269607 -0.9999194   0.        ],
[ 0.  1.  0.],
[-0.73307885  0.68014366  0.        ],
[-0.03350788 -0.99943845  0.        ],
[-0.19696647 -0.98041022  0.        ],
[-0.77475085 -0.63226666  0.        ],
[-0.40389285 -0.9148063   0.        ],
[-0.37702311  0.92620385  0.        ],
[-0.19761169  0.98028038  0.        ],
[-0.84421755  0.53600068  0.        ],
[-0.03625173  0.99934269  0.        ],
[ 0.  1.  0.],
[-0.40407524  0.91472575  0.        ],
[ 0.  1.  0.],
[-0.76992424  0.6381353   0.        ],
[-0.07043804 -0.99751616  0.        ],
[-0.14173136  0.98990516  0.        ],
[ 0.  1.  0.],
[  9.10233114e-17   1.00000000e+00   0.00000000e+00],
[ 0.  1.  0.],
[-0.40787637 -0.91303717  0.        ],
[-0.77402223  0.63315842  0.        ],
[-0.24740334 -0.96891258  0.        ],
[-0.33996909 -0.94043661  0.        ],
[ 0.  1.  0.],
[-0.8485057  -0.52918624  0.        ],
[-0.20818147  0.97809022  0.        ],
[-0.08932278 -0.99600273  0.        ],
[-0.06733372 -0.99773051  0.        ],
[-0.64046674  0.76798591  0.        ],
[-0.90691283  0.42131831  0.        ],
[-0.13786043 -0.99045167  0.        ],
[-0.99326129 -0.11589651  0.        ],
[-0.1658382   0.98615298  0.        ],
[-0.28903109  0.95731971  0.        ],
[-0.64270823  0.76611104  0.        ],
[ -1.89622148e-16   1.00000000e+00   0.00000000e+00],
[ -2.39691649e-17   1.00000000e+00   0.00000000e+00],
[-0.51636667  0.8563676   0.        ],
[-0.95354342  0.30125563  0.        ],
[-0.30168979 -0.95340614  0.        ],
[-0.73077575  0.68261761  0.        ],
[-0.86563929 -0.50066818  0.        ],
[-0.97260663  0.23245718  0.        ],
[ 0.  1.  0.],
[-0.98490247 -0.17311016  0.        ],
[-0.51925846  0.85461726  0.        ],
[-0.01022887 -0.99994768  0.        ],
[-0.71826857  0.69576595  0.        ],
[ 0.  1.  0.],
[ 0.  1.  0.],
[-0.9864735 -0.1639208  0.       ],
[-0.96564226  0.25987502  0.        ],
[-0.41950263 -0.90775412  0.        ],
[ 0.  1.  0.],
[-0.23943422 -0.97091259  0.        ],
[-0.27959047  0.96011935  0.        ],
[ -9.19692522e-17   1.00000000e+00   0.00000000e+00],
[-0.83266383  0.55377879  0.        ],
[-0.00484601  0.99998826  0.        ],
[-0.60846902  0.79357763  0.        ],
[-0.85786925  0.51386803  0.        ],
[  1.16724565e-17   1.00000000e+00   0.00000000e+00],
[-0.06476309 -0.99790067  0.        ],
[ 0.  1.  0.],
[-0.72064381 -0.69330549  0.        ],
[-0.7560198   0.65454875  0.        ],
[-0.63813822 -0.76992182  0.        ],
[-0.59730196 -0.80201644  0.        ],
[-0.03908921 -0.99923572  0.        ],
[-0.93467166 -0.35551216  0.        ],
[-0.99366742 -0.11236131  0.        ],
[-0.34689235 -0.93790495  0.        ],
[-0.35416866 -0.93518157  0.        ],
[ 0.  1.  0.],
[-0.36444176 -0.93122618  0.        ],
[-0.33640827 -0.94171624  0.        ],
[ 0.  1.  0.],
[-0.01317281 -0.99991323  0.        ],
[-0.76882268  0.63946203  0.        ],
[-0.01491043  0.99988883  0.        ],
[ 0.  1.  0.],
[-0.80870721  0.58821139  0.        ],
[-0.43822954  0.8988631   0.        ],
[-0.98525811  0.1710744   0.        ],
[-0.07490989  0.99719031  0.        ],
[ 0.  1.  0.],
[ 0.  1.  0.],
[ 0.  1.  0.],
[-0.64626604  0.76311219  0.        ],
[ 0.  1.  0.],
[-0.72752055  0.68608589  0.        ],
[ 0.  1.  0.],
[-0.97144874  0.23724955  0.        ],
[-0.20584056  0.97858554  0.        ],
[-0.77951814  0.62637965  0.        ],
[ 0.  1.  0.],
[-0.73874425 -0.67398585  0.        ],
[ -4.77602844e-17   1.00000000e+00   0.00000000e+00],
[-0.0465894   0.99891412  0.        ],
[ 0.  1.  0.],
[-0.05475307 -0.99849993  0.        ],
[-0.14802398 -0.98898377  0.        ],
[ 0.  1.  0.],
[-0.07944249 -0.99683945  0.        ],
[ 0.  1.  0.],
[  9.41507309e-17   1.00000000e+00   0.00000000e+00],
[ 0.  1.  0.],
[-0.67591931 -0.73697563  0.        ],
[ 0.  1.  0.],
[-0.43981298  0.89808939  0.        ],
[-0.47709816  0.87885001  0.        ],
[-0.01747264 -0.99984734  0.        ],
[-0.26344118  0.96467546  0.        ],
[ 0.  1.  0.],
[ 0.  1.  0.],
[ 0.  1.  0.],
[ 0.  1.  0.],
[-0.85273646  0.52234139  0.        ],
[-0.05602386  0.99842943  0.        ],
[ 0.  1.  0.],
[-0.25172956  0.96779762  0.        ],
[-0.02591268 -0.99966421  0.        ],
[-0.61149556  0.79124786  0.        ],
[-0.87395613 -0.48600482  0.        ],
[-0.01125795  0.99993663  0.        ],
[-0.52077718 -0.85369264  0.        ],
[-0.00308132  0.99999525  0.        ],
[ 0.  1.  0.],
[-0.07572069  0.99712907  0.        ],
[-0.90140169  0.43298383  0.        ],
[-0.82225901  0.56911345  0.        ],
[-0.87354437  0.48674453  0.        ],
[-0.9929081   0.11888438  0.        ],
[-0.74212574  0.67026069  0.        ],
[-0.92693226  0.37522872  0.        ],
[ -9.62965795e-17   1.00000000e+00   0.00000000e+00],
[-0.99933752  0.03639404  0.        ],
[-0.78566704  0.61864958  0.        ],
[ 0.  1.  0.],
[-0.11025439  0.9939034   0.        ],
[ 0.  1.  0.],
[-0.94771279  0.31912453  0.        ],
[  4.56041407e-17   1.00000000e+00   0.00000000e+00],
[-0.01328478 -0.99991175  0.        ],
[-0.99859952  0.05290555  0.        ],
[-0.76942803 -0.63873352  0.        ],
[-0.08811943 -0.99610992  0.        ],
[ 0.  1.  0.],
[ 0.  1.  0.],
[ 0.  1.  0.],
[ -6.53246493e-04  -9.99999787e-01   0.00000000e+00],
[-0.02397955  0.99971245  0.        ],
[-0.06805302 -0.99768171  0.        ],
[-0.71133249  0.70285567  0.        ],
[ 0.  1.  0.],
[-0.05523442  0.99847341  0.        ],
[ 0.  1.  0.],
[-0.91002916 -0.41454424  0.        ],
[-0.58097684 -0.81392009  0.        ],
[-0.60531551 -0.79598563  0.        ],
[  9.30431089e-17   1.00000000e+00   0.00000000e+00],
[ 0.  1.  0.],
[-0.97506579  0.22191598  0.        ],
[-0.05147706 -0.99867418  0.        ],
[ 0.  1.  0.],
[ 0.  1.  0.],
[ 0.  1.  0.],
[-0.98465599  0.17450668  0.        ],
[ 0.  1.  0.],
[-0.46827178 -0.88358448  0.        ],
[-0.46393367  0.88586994  0.        ],
[-0.01139577 -0.99993507  0.        ],
[-0.33790724  0.94117942  0.        ],
[-0.07242758 -0.99737367  0.        ],
[ 0.  1.  0.],
[ 0.  1.  0.],
[ -9.61425878e-17   1.00000000e+00   0.00000000e+00],
[-0.60280862 -0.79788581  0.        ],
[ -4.47776061e-17   1.00000000e+00   0.00000000e+00],
[-0.93656872 -0.35048399  0.        ],
[-0.62770516 -0.77845117  0.        ],
[-0.85919434  0.51164939  0.        ],
[-0.68937663  0.72440311  0.        ],
[-0.48021198  0.87715247  0.        ],
[-0.65904923 -0.7520998   0.        ],
[-0.48349627 -0.87534642  0.        ],
[ 0.  1.  0.],
[-0.14012534  0.99013377  0.        ],
[ 0.  1.  0.],
[-0.02090656  0.99978143  0.        ],
[-0.07703727 -0.99702821  0.        ],
[-0.42251472  0.90635606  0.        ],
[-0.82171733  0.56989528  0.        ],
[-0.03632697 -0.99933996  0.        ],
[-0.17792959  0.98404322  0.        ],
[ 0.  1.  0.],
[-0.09446736 -0.99552796  0.        ],
[-0.99674805  0.08058121  0.        ],
[ 0.  1.  0.],
[-0.86831855 -0.49600695  0.        ],
[ 0.  1.  0.],
[-0.08558932 -0.9963305   0.        ],
[-0.6799634   0.73324606  0.        ],
[-0.80881357 -0.58806513  0.        ],
[-0.54879452 -0.83595728  0.        ],
[ 0.  1.  0.],
[-0.68756363  0.72612413  0.        ],
[-0.95198428  0.3061469   0.        ],
[ 0.  1.  0.],
[ 0.  1.  0.],
[-0.00720121  0.99997407  0.        ],
[ 0.  1.  0.],
[-0.80959604  0.58698743  0.        ],
[ 0.  1.  0.],
[-0.63856206  0.76957033  0.        ],
[  9.48122943e-17   1.00000000e+00   0.00000000e+00],
[-0.63032704  0.77632971  0.        ],
[ -1.12757607e-17   1.00000000e+00   0.00000000e+00],
[ 0.  1.  0.],
[ 0.  1.  0.],
[ 0.  1.  0.],
[-0.22871875 -0.97349254  0.        ],
[-0.41675182 -0.90902031  0.        ],
[-0.71269401 -0.70147505  0.        ],
[ 0.  1.  0.],
[-0.90941902  0.41588106  0.        ],
[-0.08637273  0.99626289  0.        ],
[ 0.  1.  0.],
[-0.55416987 -0.8324036   0.        ],
[-0.08346787 -0.99651047  0.        ],
[ 0.  1.  0.],
[ 0.  1.  0.],
[-0.43022515 -0.90272162  0.        ],
[-0.75633839 -0.65418059  0.        ],
[ 0.  1.  0.],
[ 0.  1.  0.],
[-0.21490279 -0.97663544  0.        ],
[ 0.  1.  0.],
[-0.55502225  0.8318355   0.        ],
[-0.51150273 -0.85928165  0.        ],
[-0.34023357 -0.94034096  0.        ],
[-0.67661253  0.73633925  0.        ],
[ 0.  1.  0.],
[-0.86553054  0.50085615  0.        ],
[-0.99388456  0.1104241   0.        ],
[-0.01445404 -0.99989553  0.        ],
