[ 0.75257669  0.65850461  0.        ],
[ 0.26216867  0.96502207  0.        ],
[ 0.98976954 -0.14267537  0.        ],
[ 0.73810707  0.67468359  0.        ],
[ 0.35831712  0.93359994  0.        ],
[ 0.65377152  0.75669201  0.        ],
[ 0.6954712   0.71855397  0.        ],
[ 0.96895039 -0.24725521  0.        ],
[ 0.83905688 -0.5440437   0.        ],
[ 0.34445434  0.93880307  0.        ],
[ 0.87836756  0.4779858   0.        ],
[ 0.65570499  0.75501719  0.        ],
[ 0.98895251 -0.14823272  0.        ],
[ 0.61370005  0.78953926  0.        ],
[ 0.3265148   0.94519209  0.        ],
[ 0.98235329 -0.18703481  0.        ],
[ 0.99157206  0.12955635  0.        ],
[ 0.9945646   0.10412138  0.        ],
[ 0.76832199  0.64006352  0.        ],
[ 0.56872801  0.82252566  0.        ],
[ 0.99811456  0.06137851  0.        ],
[ 0.96083304  0.27712789  0.        ],
[ 0.35687297  0.93415292  0.        ],
[ 0.90981228 -0.41502002  0.        ],
[ 0.9727579   0.23182333  0.        ],
[ 0.84824532  0.52960351  0.        ],
[ 0.96337445  0.26815978  0.        ],
[ 0.9961285 -0.0879091  0.       ],
[ 0.29617588  0.95513342  0.        ],
[ 0.9963538   0.08531773  0.        ],
[ 0.97314886  0.23017665  0.        ],
[ 0.45615425  0.88990072  0.        ],
[ 0.51564743  0.85680087  0.        ],
[ 0.60958323  0.79272207  0.        ],
[ 0.67046035  0.74194536  0.        ],
[ 0.93790644 -0.34688831  0.        ],
[ 0.48004935  0.87724149  0.        ],
[ 0.49015895  0.87163307  0.        ],
[ 0.51825103  0.85522855  0.        ],
[ 0.99252761 -0.12202029  0.        ],
[ 0.29642051  0.95505753  0.        ],
[ 0.9883621  -0.15211956  0.        ],
[ 0.61369571  0.78954264  0.        ],
[ 0.91557511  0.402147    0.        ],
[ 0.90139098 -0.43300612  0.        ],
[ 0.37576649  0.92671438  0.        ],
[ 0.30740393  0.95157912  0.        ],
[ 0.40984248  0.91215632  0.        ],
[ 0.416865    0.90896841  0.        ],
[ 0.99577347  0.09184332  0.        ],
[ 0.84237048  0.53889886  0.        ],
[ 0.52371863  0.85189131  0.        ],
[ 0.84131081  0.54055168  0.        ],
[ 0.20862371  0.97799598  0.        ],
[ 0.8066631   0.59101154  0.        ],
[ 0.51763065  0.85560418  0.        ],
[ 0.99696912  0.07779829  0.        ],
[ 0.94999124  0.31227654  0.        ],
[ 0.51924748  0.85462393  0.        ],
[ 0.38884701  0.92130234  0.        ],
[ 0.38678501  0.92216992  0.        ],
[ 0.17657079  0.98428794  0.        ],
[ 0.58753268  0.80920044  0.        ],
[ 0.96031191  0.27892836  0.        ],
[ 0.23093598  0.97296895  0.        ],
[ 0.48649317  0.87368438  0.        ],
[ 0.54217569  0.84026515  0.        ],
[ 0.83152168  0.55549231  0.        ],
[ 0.82236276  0.56896352  0.        ],
[ 0.81394305 -0.58094467  0.        ],
[ 0.45014715  0.89295439  0.        ],
[ 0.23748651  0.97139084  0.        ],
[ 0.37127912  0.92852131  0.        ],
[ 0.90065876 -0.43452709  0.        ],
[ 0.99579761  0.09158123  0.        ],
[ 0.73491881  0.6781551   0.        ],
[ 0.93444708  0.35610203  0.        ],
[ 0.32770634  0.94477963  0.        ],
[ 0.86172895 -0.50736892  0.        ],
[ 0.92472832  0.38062782  0.        ],
[ 0.97406298  0.22627708  0.        ],
[ 0.87262604  0.48838897  0.        ],
[ 0.98414638 -0.17735812  0.        ],
[ 0.15641229  0.98769185  0.        ],
[ 0.71993206  0.69404455  0.        ],
[ 0.36044848  0.93277912  0.        ],
[ 0.91534852  0.40266251  0.        ],
[ 0.58287655  0.81256072  0.        ],
[ 0.72354888  0.69027315  0.        ],
[ 0.29634477  0.95508103  0.        ],
[ 0.97217847 -0.23424138  0.        ],
[ 0.67265511  0.73995615  0.        ],
[ 0.88948917 -0.45695626  0.        ],
[ 0.75329173  0.65768653  0.        ],
[ 0.72776145  0.68583036  0.        ],
[ 0.77610264  0.63060661  0.        ],
[ 0.93661428  0.35036222  0.        ],
[ 0.99971698  0.02379002  0.        ],
[ 0.3763507   0.92647728  0.        ],
[ 0.3917678   0.92006412  0.        ],
