[-0.33716847 -0.94144433  0.        ],
[ 0.3856518 -0.9226444  0.       ],
[-0.82656977  0.56283427  0.        ],
[ 0.99686558  0.07911391  0.        ],
[ 0.43313723  0.90132799  0.        ],
[ 0.95194342  0.30627393  0.        ],
[ 0.47588474  0.87950766  0.        ],
[-0.63136619 -0.77548484  0.        ],
[-0.9416826   0.33650241  0.        ],
[ 0.99212683  0.12523722  0.        ],
[-0.81767791 -0.57567599  0.        ],
[-0.89151049  0.45300005  0.        ],
[-0.43952568 -0.89823002  0.        ],
[-0.02577046 -0.99966789  0.        ],
[-0.99996845  0.00794302  0.        ],
[-0.99910143  0.04238318  0.        ],
[-0.97994462 -0.19927     0.        ],
[-0.10900113 -0.99404163  0.        ],
[ 0.9579641 -0.2868881  0.       ],
[-0.58017257 -0.81449358  0.        ],
[ 0.64893501 -0.76084384  0.        ],
[-0.48376418 -0.87519839  0.        ],
[-0.9307771  -0.36558719  0.        ],
[ 0.84645628 -0.53245823  0.        ],
[ 0.64897017  0.76081385  0.        ],
[-0.99070831 -0.13600384  0.        ],
[-0.99959472 -0.02846754  0.        ],
[-0.99673365  0.08075915  0.        ],
[-0.39007677 -0.92078234  0.        ],
[-0.78496828  0.61953595  0.        ],
[-0.70264886 -0.71153678  0.        ],
[ 0.44381075  0.89612054  0.        ],
[ 0.79810571  0.60251744  0.        ],
[ 0.97123738  0.2381133   0.        ],
[ 0.98780695  0.15568372  0.        ],
[-0.98310817 -0.18302546  0.        ],
[ 0.74715622 -0.66464846  0.        ],
[-0.26957291 -0.96297998  0.        ],
[-0.45000025 -0.89302843  0.        ],
[ 0.77447157  0.63260872  0.        ],
[-0.89726576  0.44149083  0.        ],
[-0.91308443  0.40777056  0.        ],
[-0.02950419 -0.99956466  0.        ],
[-0.91786949  0.39688236  0.        ],
[ 0.78093095 -0.62461736  0.        ],
[-0.22108561 -0.97525441  0.        ],
[ 0.92258178 -0.38580157  0.        ],
[-0.35547696 -0.93468504  0.        ],
[-0.35433464 -0.93511869  0.        ],
[-0.48504954 -0.87448667  0.        ],
[ 0.38283207 -0.92381795  0.        ],
[-0.88858706  0.458708    0.        ],
[ 0.03302355 -0.99945457  0.        ],
[-0.86098464  0.50863096  0.        ],
[-0.99996579 -0.00827139  0.        ],
[ 0.63999215  0.76838145  0.        ],
[-0.90225877 -0.43119499  0.        ],
[-0.3724963  -0.92803368  0.        ],
[ 0.38691237 -0.92211649  0.        ],
[-0.87701982  0.48045419  0.        ],
[-0.89703353  0.44196249  0.        ],
[ 0.9169131  -0.39908692  0.        ],
[-0.76631813 -0.64246131  0.        ],
[-0.89270034  0.45065076  0.        ],
[ 0.88408026  0.4673351   0.        ],
[-0.81069507 -0.58546862  0.        ],
[ 0.84843831  0.52929427  0.        ],
[-0.8772981  -0.47994588  0.        ],
[-0.08727161 -0.99618455  0.        ],
[ 0.132618   -0.99116722  0.        ],
[ 0.50237684 -0.86464878  0.        ],
[-0.93052152 -0.36623723  0.        ],
[ 0.80425274 -0.59428742  0.        ],
[-0.71520968 -0.69890994  0.        ],
[-0.42883277 -0.90338389  0.        ],
[-0.8912792   0.45345495  0.        ],
[-0.99904002  0.04380686  0.        ],
[-0.91009369 -0.41440255  0.        ],
[ 0.72907074  0.68443835  0.        ],
[-0.6619002  -0.74959197  0.        ],
[-0.99320577 -0.11637139  0.        ],
[-0.15475195 -0.98795336  0.        ],
[ 0.53188192  0.84681853  0.        ],
[-0.99890876 -0.04670427  0.        ],
[ 0.99442906  0.10540804  0.        ],
[ 0.82979897  0.55806243  0.        ],
[ 0.13337235 -0.991066    0.        ],
[-0.84448759 -0.53557512  0.        ],
[-0.8476608   0.53053856  0.        ],
[ 0.98154596 -0.19122636  0.        ],
[ 0.7411156   0.67137744  0.        ],
[ 0.95086666  0.30960071  0.        ],
[-0.99648695  0.08374813  0.        ],
[-0.9638745  -0.26635681  0.        ],
[-0.99116482  0.13263595  0.        ],
[-0.99188545 -0.12713481  0.        ],
[ 0.38877898  0.92133105  0.        ],
[ 0.66723742  0.7448451   0.        ],
[ 0.88383519  0.46779841  0.        ],
[-0.93644088  0.35082543  0.        ],
