[ 0.66559353  0.74631445  0.        ],
[ 0.64606397  0.76328327  0.        ],
[ 0.97070213  0.24028603  0.        ],
[ 0.95128224 -0.30832141  0.        ],
[ 0.87620497  0.48193863  0.        ],
[ 0.80152981 -0.59795481  0.        ],
[ 0.67807161  0.73499585  0.        ],
[ 0.49981561  0.86613184  0.        ],
[ 0.16263216  0.98668677  0.        ],
[ 0.62777455  0.77839522  0.        ],
[ 0.89923546  0.43746496  0.        ],
[ 0.25356874  0.96731737  0.        ],
[ 0.26555584  0.96409548  0.        ],
[ 0.40143121  0.91588918  0.        ],
[ 0.4204318   0.90732414  0.        ],
[ 0.85506812 -0.51851568  0.        ],
[ 0.34592096  0.93826366  0.        ],
[ 0.32560686  0.94550525  0.        ],
[ 0.62605081  0.77978227  0.        ],
[ 0.82259273 -0.56863098  0.        ],
[ 0.34633907  0.9381094   0.        ],
[ 0.95669597  0.29108903  0.        ],
[ 0.4587943   0.88854251  0.        ],
[ 0.2342936   0.97216589  0.        ],
[ 0.72590411  0.68779591  0.        ],
[ 0.35938753  0.93318841  0.        ],
[ 0.23841716  0.97116284  0.        ],
[ 0.95908895  0.28310489  0.        ],
[ 0.26091905  0.96536068  0.        ],
[ 0.44935417  0.8933537   0.        ],
[ 0.96458661 -0.26376631  0.        ],
[ 0.27983722  0.96004746  0.        ],
[ 0.96424742  0.26500361  0.        ],
[ 0.16584937  0.9861511   0.        ],
[ 0.20187716  0.97941085  0.        ],
[ 0.82174998 -0.5698482   0.        ],
[ 0.61697189  0.78698519  0.        ],
[ 0.74536407  0.66665764  0.        ],
[ 0.19021669  0.98174213  0.        ],
[ 0.45016963  0.89294306  0.        ],
[ 0.95038471  0.31107701  0.        ],
[ 0.58078398  0.81405772  0.        ],
[ 0.9486666   0.31627784  0.        ],
[ 0.53211239  0.84667373  0.        ],
[ 0.7771505  -0.62931478  0.        ],
[ 0.93222327  0.36188365  0.        ],
[ 0.31794035  0.94811072  0.        ],
[ 0.85279322  0.52224872  0.        ],
[ 0.35616321  0.93442376  0.        ],
[ 0.41757659  0.90864173  0.        ],
[ 0.51663588  0.85620521  0.        ],
[ 0.79095109  0.61187938  0.        ],
[ 0.28807818  0.95760689  0.        ],
[ 0.98624814 -0.16527133  0.        ],
[ 0.56421819  0.82562572  0.        ],
[ 0.32996056  0.94399472  0.        ],
[ 0.46667676  0.88442795  0.        ],
[ 0.19956887  0.9798838   0.        ],
[ 0.16179039  0.98682515  0.        ],
[ 0.98214112  0.18814576  0.        ],
[ 0.32700357  0.9450231   0.        ],
[ 0.63689146  0.77095348  0.        ],
[ 0.99998384 -0.00568484  0.        ],
[ 0.51064347  0.85979256  0.        ],
[ 0.7374028   0.67545327  0.        ],
[ 0.57703493  0.81671947  0.        ],
[ 0.97787022  0.20921242  0.        ],
[ 0.7850527  -0.61942898  0.        ],
[ 0.93803543 -0.34653936  0.        ],
[ 0.502435    0.86461498  0.        ],
[ 0.8268117   0.56247881  0.        ],
[ 0.36140295  0.93240973  0.        ],
[ 0.5009089   0.86550001  0.        ],
[ 0.49167044  0.87078136  0.        ],
[ 0.91098653 -0.41243611  0.        ],
[ 0.39343266  0.91935344  0.        ],
[ 0.86849004 -0.49570662  0.        ],
[ 0.58532417  0.81079937  0.        ],
[ 0.7702033   0.63779847  0.        ],
[ 0.35861202  0.9334867   0.        ],
[ 0.41087297  0.9116926   0.        ],
[ 0.46107003  0.88736375  0.        ],
[ 0.41354113  0.91048544  0.        ],
[ 0.42073087  0.9071855   0.        ],
[ 0.34007591  0.94039799  0.        ],
[ 0.81714425 -0.57643324  0.        ],
[ 0.85118382 -0.5248677   0.        ],
[ 0.97018579  0.2423624   0.        ],
[ 0.91288708 -0.40821217  0.        ],
[ 0.42750907  0.90401106  0.        ],
[ 0.68879591  0.7249553   0.        ],
[ 0.74220156  0.67017673  0.        ],
[ 0.80833982 -0.58871618  0.        ],
[ 0.30126705  0.95353981  0.        ],
[ 0.31689234  0.94846151  0.        ],
[ 0.73477827  0.67830737  0.        ],
[ 0.93029542  0.36681116  0.        ],
[ 0.20133169  0.97952312  0.        ],
[ 0.37953772  0.92517626  0.        ],
[ 0.50859656  0.86100496  0.        ],
[ 0.43583453  0.90002681  0.        ],
[ 0.99227128 -0.12408746  0.        ],
[ 0.86642581 -0.49930584  0.        ],
[ 0.54880802  0.83594842  0.        ],
[ 0.21024247  0.97764927  0.        ],
[ 0.27021515  0.96279996  0.        ],
[ 0.81297854 -0.58229366  0.        ],
[ 0.99638865  0.08490972  0.        ],
[ 0.66393242  0.74779258  0.        ],
[ 0.98053662 -0.19633629  0.        ],
[ 0.15788575  0.98745739  0.        ],
[ 0.89577944  0.44449881  0.        ],
[ 0.16849019  0.98570333  0.        ],
[ 0.36762067  0.92997583  0.        ],
[ 0.33961294  0.94056528  0.        ],
[ 0.95099139 -0.30921736  0.        ],
[ 0.2688007   0.96319582  0.        ],
[ 0.59212811  0.80584385  0.        ],
[ 0.28144702  0.95957677  0.        ],
[ 0.15322471  0.98819137  0.        ],
[ 0.17051304  0.98535542  0.        ],
[ 0.38278039  0.92383936  0.        ],
[ 0.22337     0.97473373  0.        ],
[ 0.91117011  0.41203037  0.        ],
[ 0.91335857 -0.40715615  0.        ],
[ 0.48605462  0.87392843  0.        ],
[ 0.86697534 -0.49835104  0.        ],
[ 0.70104021  0.71312175  0.        ],
[ 0.51844763  0.85510938  0.        ],
[ 0.37202262  0.92822366  0.        ],
[ 0.26384331  0.96456555  0.        ],
[ 0.27647011  0.96102252  0.        ],
[ 0.77349771 -0.6337991   0.        ],
[ 0.94729738  0.32035553  0.        ],
[ 0.81339528  0.58171137  0.        ],
[ 0.9616241   0.27437036  0.        ],
[ 0.48826998  0.87269263  0.        ],
[ 0.74450812  0.66761341  0.        ],
[ 0.98725912 -0.15912079  0.        ],
[ 0.20357111  0.97906016  0.        ],
[ 0.96587238  0.25901843  0.        ],
[ 0.25138893  0.96788615  0.        ],
[ 0.6745358   0.73824213  0.        ],
[ 0.71046548  0.70373205  0.        ],
[ 0.40355658  0.91495469  0.        ],
[ 0.91635709 -0.40036195  0.        ],
[ 0.91257748 -0.40890383  0.        ],
[ 0.1710779   0.98525751  0.        ],
[ 0.94865501  0.31631263  0.        ],
[ 0.64312738  0.76575921  0.        ],
[ 0.97572645 -0.21899292  0.        ],
[ 0.32831939  0.94456677  0.        ],
[ 0.39206201  0.91993879  0.        ],
[ 0.43746425  0.8992358   0.        ],
[ 0.99945031 -0.03315221  0.        ],
[ 0.23584476  0.97179074  0.        ],
[ 0.30283492  0.95304303  0.        ],
[ 0.98856393 -0.15080236  0.        ],
[ 0.54569647  0.83798291  0.        ],
[ 0.98035586 -0.19723689  0.        ],
[ 0.3794716   0.92520338  0.        ],
[ 0.30133319  0.95351891  0.        ],
[ 0.62220344  0.78285559  0.        ],
[ 0.94428322  0.32913401  0.        ],
[ 0.18424327  0.98288067  0.        ],
[ 0.64930457  0.76052848  0.        ],
[ 0.32572547  0.94546439  0.        ],
[ 0.71757809  0.69647806  0.        ],
[ 0.3020777   0.95328331  0.        ],
[ 0.33569646  0.94197022  0.        ],
[ 0.16090681  0.9869696   0.        ],
[ 0.32240261  0.94660264  0.        ],
[ 0.38166642  0.92430014  0.        ],
[ 0.87372058  0.48642815  0.        ],
[ 0.29395876  0.9558181   0.        ],
[ 0.43076748  0.90246295  0.        ],
[ 0.65977511  0.75146311  0.        ],
[ 0.29443548  0.95567136  0.        ],
[ 0.61497894  0.78854353  0.        ],
[ 0.61357504  0.78963642  0.        ],
[ 0.94082436  0.33889455  0.        ],
[ 0.84805789  0.5299036   0.        ],
[ 0.22675772  0.9739512   0.        ],
[ 0.8534294  -0.52120846  0.        ],
[ 0.24631065  0.96919093  0.        ],
[ 0.36482913  0.93107449  0.        ],
[ 0.98523705 -0.17119567  0.        ],
[ 0.36083366  0.93263019  0.        ],
[ 0.8434296   0.53723972  0.        ],
[ 0.63445812  0.77295724  0.        ],
[ 0.36845811  0.92964435  0.        ],
[ 0.99565939  0.0930719   0.        ],
[ 0.32783427  0.94473525  0.        ],
[ 0.97435296  0.22502512  0.        ],
[ 0.90380744  0.42793938  0.        ],
[ 0.90946332 -0.41578416  0.        ],
[ 0.88533324  0.46495705  0.        ],
[ 0.79608314 -0.60518728  0.        ],
[ 0.72057516  0.69337684  0.        ],
[ 0.98069937  0.19552172  0.        ],
[ 0.87233994 -0.48889982  0.        ],
[ 0.53630526  0.84402409  0.        ],
[ 0.33455599  0.94237587  0.        ],
[ 0.94455042  0.32836641  0.        ],
[ 0.38612165  0.92244787  0.        ],
[ 0.44296446  0.89653917  0.        ],
[ 0.76127758  0.64842613  0.        ],
[ 0.37330422  0.92770898  0.        ],
[ 0.16256722  0.98669747  0.        ],
[ 0.73641626  0.67652871  0.        ],
[ 0.30923783  0.95098473  0.        ],
[ 0.64531617  0.7639156   0.        ],
[ 0.2821166   0.95938012  0.        ],
[ 0.31076778  0.95048587  0.        ],
[ 0.87487514  0.48434851  0.        ],
[ 0.55810328  0.82977149  0.        ],
[ 0.42763406  0.90395194  0.        ],
[ 0.4249141   0.90523368  0.        ],
[ 0.35143959  0.93621056  0.        ],
[ 0.34796553  0.93750733  0.        ],
[ 0.30104643  0.95360948  0.        ],
[ 0.83915998  0.54388467  0.        ],
[ 0.61276038  0.79026877  0.        ],
[ 0.45815304  0.88887333  0.        ],
[ 0.91965355 -0.39273064  0.        ],
[ 0.87895623  0.47690246  0.        ],
[ 0.97981799  0.19989175  0.        ],
[ 0.98416125  0.17727561  0.        ],
[ 0.33863668  0.94091721  0.        ],
[ 0.56850494  0.82267985  0.        ],
[ 0.38852779  0.921437    0.        ],
[ 0.24048793  0.97065213  0.        ],
[ 0.9835626   0.18056749  0.        ],
[ 0.35902052  0.93332966  0.        ],
[ 0.93037686 -0.36660456  0.        ],
[ 0.47832835  0.87818107  0.        ],
[ 0.7592144   0.65084061  0.        ],
[ 0.92941965 -0.36902455  0.        ],
[ 0.43657219  0.89966923  0.        ],
[ 0.30794606  0.95140382  0.        ],
[ 0.99917708  0.04056058  0.        ],
[ 0.37263245  0.92797902  0.        ],
[ 0.51242869  0.85872978  0.        ],
[ 0.18147903  0.98339481  0.        ],
[ 0.93687254  0.34967106  0.        ],
[ 0.37314054  0.92777483  0.        ],
[ 0.73315902  0.68005724  0.        ],
[ 0.71314615  0.70101538  0.        ],
[ 0.82208859  0.5693596   0.        ],
[ 0.40776581  0.91308655  0.        ],
[ 0.28447559  0.95868328  0.        ],
[ 0.70642922  0.7077837   0.        ],
[ 0.55899355  0.829172    0.        ],
[ 0.80182566 -0.59755805  0.        ],
[ 0.34580812  0.93830525  0.        ],
[ 0.69337593  0.72057603  0.        ],
[ 0.62118732  0.78366212  0.        ],
[ 0.96789537 -0.25135345  0.        ],
[ 0.34665842  0.93799144  0.        ],
[ 0.71428714  0.69985276  0.        ],
[ 0.89001747  0.45592642  0.        ],
[ 0.39523837  0.91857859  0.        ],
[ 0.41591373  0.90940408  0.        ],
[ 0.6898497   0.72395262  0.        ],
[ 0.36974214  0.92913441  0.        ],
[ 0.97984709 -0.19974903  0.        ],
[ 0.51612886  0.85651095  0.        ],
[ 0.74314652  0.66912872  0.        ],
[ 0.96662236 -0.25620543  0.        ],
[ 0.76830542  0.64008342  0.        ],
[ 0.41575238  0.90947785  0.        ],
[ 0.22345293  0.97471472  0.        ],
[ 0.9219976 -0.3871956  0.       ],
[ 0.43415371  0.90083881  0.        ],
[ 0.58444761  0.81143144  0.        ],
[ 0.51682909  0.8560886   0.        ],
[ 0.40113877  0.91601729  0.        ],
[ 0.25909361  0.96585221  0.        ],
[ 0.50352993  0.86397779  0.        ],
[ 0.81080216  0.58532031  0.        ],
[ 0.31820683  0.94802131  0.        ],
[ 0.98522815 -0.17124688  0.        ],
[ 0.70108966  0.71307313  0.        ],
[ 0.69723044  0.71684707  0.        ],
[ 0.24647046  0.9691503   0.        ],
[ 0.51167205  0.85918084  0.        ],
[ 0.97134199 -0.23768623  0.        ],
[ 0.80955545  0.58704341  0.        ],
[ 0.85733193 -0.51476398  0.        ],
[ 0.64269652  0.76612087  0.        ],
[ 0.33363819  0.9427012   0.        ],
[ 0.24268507  0.97010513  0.        ],
[ 0.43135112  0.90218413  0.        ],
[ 0.99580679 -0.09148136  0.        ],
[ 0.36105978  0.93254267  0.        ],
[ 0.99702125  0.0771273   0.        ],
[ 0.87143367 -0.49051336  0.        ],
[ 0.17298687  0.98492413  0.        ],
[ 0.25839974  0.96603808  0.        ],
[ 0.36298851  0.93179361  0.        ],
[ 0.98435914  0.17617345  0.        ],
[ 0.41263394  0.91089694  0.        ],
[ 0.55512142  0.83176932  0.        ],
[ 0.38844505  0.92147189  0.        ],
[ 0.56653801  0.82403561  0.        ],
[ 0.96713764  0.25425338  0.        ],
[ 0.57989506  0.81469118  0.        ],
[ 0.15831625  0.98738846  0.        ],
[ 0.98895954 -0.1481858   0.        ],
[ 0.26417723  0.96447415  0.        ],
[ 0.96173331  0.27398729  0.        ],
[ 0.6229526   0.78225958  0.        ],
[ 0.53157941  0.84700846  0.        ],
[ 0.39294589  0.9195616   0.        ],
[ 0.99426127 -0.10697914  0.        ],
[ 0.24484865  0.96956131  0.        ],
[ 0.50457534  0.86336766  0.        ],
[ 0.23996513  0.97078151  0.        ],
[ 0.5308214   0.84748371  0.        ],
[ 0.92666083 -0.37589852  0.        ],
[ 0.49809096  0.86712479  0.        ],
[ 0.85926075  0.51153785  0.        ],
[ 0.37749626  0.92601111  0.        ],
[ 0.93187916  0.36276885  0.        ],
[ 0.40441912  0.91457377  0.        ],
[ 0.6368643   0.77097592  0.        ],
[ 0.51249704  0.85868899  0.        ],
[ 0.2635915  0.9646344  0.       ],
[ 0.42269536  0.90627183  0.        ],
[ 0.9577877  -0.28747649  0.        ],
[ 0.36222468  0.93209081  0.        ],
[ 0.89234306  0.45135781  0.        ],
[ 0.99626744  0.08632027  0.        ],
[ 0.77353513 -0.63375342  0.        ],
[ 0.3975514  0.9175799  0.       ],
[ 0.92496114  0.38006168  0.        ],
[ 0.21940046  0.97563489  0.        ],
[ 0.96883079 -0.24772343  0.        ],
[ 0.35516387  0.93480406  0.        ],
[ 0.79323314 -0.60891804  0.        ],
[ 0.32378277  0.94613145  0.        ],
[ 0.98956433  0.14409178  0.        ],
[ 0.49143364  0.87091502  0.        ],
[ 0.98110179  0.19349233  0.        ],
[ 0.77260707  0.63488449  0.        ],
[ 0.97951079 -0.20139167  0.        ],
[ 0.23758     0.97136798  0.        ],
[ 0.32885924  0.94437895  0.        ],
[ 0.57739051  0.81646812  0.        ],
[ 0.91228668 -0.4095522   0.        ],
[ 0.39905079  0.91692882  0.        ],
[ 0.82741871  0.56158551  0.        ],
[ 0.74799254  0.66370713  0.        ],
[ 0.69408898  0.71988922  0.        ],
[ 0.64188252  0.76680299  0.        ],
[ 0.78250769 -0.62264092  0.        ],
[ 0.32716258  0.94496806  0.        ],
[ 0.3029191   0.95301628  0.        ],
[ 0.51463571  0.85740894  0.        ],
[ 0.82474874 -0.56549936  0.        ],
[ 0.42523736  0.90508187  0.        ],
[ 0.9456998   0.32504136  0.        ],
[ 0.68406358  0.72942238  0.        ],
[ 0.94393238  0.33013887  0.        ],
[ 0.80236284  0.59683655  0.        ],
[ 0.77606407  0.63065408  0.        ],
[ 0.9523193   0.30510318  0.        ],
[ 0.96680465  0.25551667  0.        ],
[ 0.53337374  0.84587969  0.        ],
[ 0.82315529 -0.56781632  0.        ],
[ 0.99434954  0.10615547  0.        ],
[ 0.20724923  0.97828818  0.        ],
[ 0.54389084  0.83915598  0.        ],
[ 0.91555289  0.4021976   0.        ],
[ 0.64216378  0.76656747  0.        ],
[ 0.81278588  0.58256253  0.        ],
[ 0.90752764 -0.41999235  0.        ],
[ 0.54892937  0.83586874  0.        ],
[ 0.29387707  0.95584322  0.        ],
[ 0.38577034  0.92259484  0.        ],
[ 0.1738659   0.98476934  0.        ],
[ 0.72650421  0.68716202  0.        ],
[ 0.32224923  0.94665487  0.        ],
[ 0.90884654 -0.41713063  0.        ],
[ 0.93892882  0.34411142  0.        ],
[ 0.36405527  0.93137734  0.        ],
[ 0.26955205  0.96298582  0.        ],
[ 0.40707448  0.91339497  0.        ],
[ 0.52171242  0.85312142  0.        ],
[ 0.99989611  0.01441407  0.        ],
[ 0.68536001  0.7282044   0.        ],
[ 0.33378026  0.94265091  0.        ],
[ 0.7567135   0.65374665  0.        ],
[ 0.82840572 -0.56012852  0.        ],
[ 0.67288815  0.73974424  0.        ],
[ 0.60476471  0.7964042   0.        ],
[ 0.94540622 -0.32589429  0.        ],
[ 0.87112996  0.49105253  0.        ],
[ 0.3722294   0.92814076  0.        ],
[ 0.86407215 -0.50336797  0.        ],
[ 0.31327605  0.94966211  0.        ],
[ 0.90724264  0.42060765  0.        ],
[ 0.62484081  0.78075218  0.        ],
[ 0.91578202  0.40167561  0.        ],
[ 0.37972379  0.92509991  0.        ],
[ 0.45001229  0.89302236  0.        ],
[ 0.53303061  0.84609596  0.        ],
[ 0.17749473  0.98412175  0.        ],
[ 0.20979839  0.97774467  0.        ],
[ 0.48194642  0.87620069  0.        ],
[ 0.84322355 -0.53756306  0.        ],
[ 0.32349714  0.94622915  0.        ],
[ 0.93413832  0.3569112   0.        ],
[ 0.98325511  0.18223445  0.        ],
[ 0.66221241  0.74931617  0.        ],
[ 0.95544658  0.29516408  0.        ],
[ 0.21119991  0.97744289  0.        ],
[ 0.93744451 -0.34813472  0.        ],
[ 0.99374064  0.11171191  0.        ],
[ 0.40706992  0.913397    0.        ],
[ 0.32669162  0.94513099  0.        ],
[ 0.3754365   0.92684812  0.        ],
[ 0.94498922  0.32710148  0.        ],
[ 0.34031526  0.9403114   0.        ],
[ 0.48703249  0.87338385  0.        ],
[ 0.31318386  0.94969251  0.        ],
[ 0.99865925 -0.05176581  0.        ],
[ 0.35186818  0.93604956  0.        ],
[ 0.67815984  0.73491444  0.        ],
[ 0.99413579 -0.10813897  0.        ],
[ 0.26660053  0.96380712  0.        ],
[ 0.92503715  0.37987665  0.        ],
[ 0.33347659  0.94275838  0.        ],
[ 0.68788198  0.72582255  0.        ],
[ 0.38748276  0.92187695  0.        ],
[ 0.40748638  0.91321129  0.        ],
[ 0.19028345  0.98172919  0.        ],
[ 0.15576679  0.98779386  0.        ],
[ 0.23889125  0.97104633  0.        ],
[ 0.75945204  0.6505633   0.        ],
[ 0.80923401 -0.58748644  0.        ],
[ 0.40647321  0.9136627   0.        ],
[ 0.69839227  0.71571519  0.        ],
[ 0.5990289  0.8007274  0.       ],
[ 0.90106991 -0.43367386  0.        ],
[ 0.98443958  0.1757234   0.        ],
[ 0.34249923  0.93951811  0.        ],
[ 0.61642297  0.78741521  0.        ],
[ 0.20687913  0.97836651  0.        ],
[ 0.98039489 -0.19704277  0.        ],
[ 0.33796414  0.94115899  0.        ],
[ 0.99964224  0.02674699  0.        ],
[ 0.20332149  0.97911203  0.        ],
[ 0.73194349  0.68136534  0.        ],
[ 0.91533425 -0.40269494  0.        ],
[ 0.88308373  0.46921544  0.        ],
[ 0.85850237 -0.51280959  0.        ],
[ 0.88732524 -0.46114414  0.        ],
[ 0.72149136  0.69242344  0.        ],
[ 0.5781947   0.81589882  0.        ],
[ 0.4088925   0.91258256  0.        ],
[ 0.8817712   0.47167738  0.        ],
[ 0.39449245  0.91889918  0.        ],
[ 0.46284108  0.88644128  0.        ],
[ 0.36602639  0.93060447  0.        ],
[ 0.70829421  0.70591735  0.        ],
[ 0.43096251  0.90236983  0.        ],
[ 0.65051356  0.75949464  0.        ],
[ 0.34196573  0.93971242  0.        ],
[ 0.40873201  0.91265445  0.        ],
[ 0.92432138 -0.38161498  0.        ],
[ 0.33184318  0.94333456  0.        ],
[ 0.99369261  0.11213833  0.        ],
[ 0.85824008  0.51324845  0.        ],
[ 0.43081945  0.90243814  0.        ],
[ 0.33247436  0.9431123   0.        ],
[ 0.96001672 -0.27994268  0.        ],
[ 0.33742095  0.94135387  0.        ],
[ 0.55136534  0.8342639   0.        ],
[ 0.27000632  0.96285855  0.        ],
[ 0.21683216  0.9762089   0.        ],
[ 0.25691137  0.96643497  0.        ],
[ 0.84892887  0.52850712  0.        ],
[ 0.39914292  0.91688872  0.        ],
[ 0.9425733  -0.33399936  0.        ],
[ 0.83348051 -0.55254886  0.        ],
[ 0.39598176  0.91825838  0.        ],
[ 0.24515279  0.96948446  0.        ],
[ 0.77028894 -0.63769503  0.        ],
[ 0.56090829  0.82787794  0.        ],
[ 0.71185892  0.70232248  0.        ],
[ 0.53034318  0.84778306  0.        ],
[ 0.90475362  0.4259353   0.        ],
[ 0.95812934  0.28633576  0.        ],
[ 0.65357976  0.75685764  0.        ],
[ 0.82788591 -0.56089653  0.        ],
[ 0.65358612  0.75685215  0.        ],
[ 0.86204761 -0.50682731  0.        ],
[ 0.85841359 -0.5129582   0.        ],
[ 0.29995565  0.95395315  0.        ],
[ 0.95488664  0.29697054  0.        ],
[ 0.28621616  0.95816508  0.        ],
[ 0.99382422 -0.11096581  0.        ],
[ 0.82177588  0.56981084  0.        ],
[ 0.94573428  0.32494101  0.        ],
[ 0.93547735 -0.35338665  0.        ],
[ 0.95390348  0.30011357  0.        ],
[ 0.53695954  0.843608    0.        ],
[ 0.97122972 -0.23814456  0.        ],
[ 0.19394855  0.9810117   0.        ],
[ 0.81231135 -0.58322403  0.        ],
[ 0.8366914   0.54767464  0.        ],
[ 0.44621129  0.89492764  0.        ],
[ 0.90725753 -0.42057552  0.        ],
[ 0.89444419  0.4471796   0.        ],
[ 0.94300914  0.33276681  0.        ],
[ 0.2751131   0.96141187  0.        ],
[ 0.9447314   0.32784535  0.        ],
[ 0.38452086  0.9231163   0.        ],
[ 0.37390112  0.92746857  0.        ],
[ 0.93591169  0.35223472  0.        ],
[ 0.39961035  0.9166851   0.        ],
[ 0.28059388  0.95982659  0.        ],
[ 0.99101834  0.13372603  0.        ],
[ 0.8023225  -0.59689079  0.        ],
[ 0.9933109   0.11547056  0.        ],
[ 0.55226975  0.83366548  0.        ],
[ 0.43084427  0.90242629  0.        ],
[ 0.90088025 -0.4340677   0.        ],
[ 0.45046223  0.89279549  0.        ],
[ 0.85966477  0.51085858  0.        ],
[ 0.8136355   0.58137532  0.        ],
[ 0.41274583  0.91084624  0.        ],
[ 0.71160113  0.70258368  0.        ],
[ 0.34874142  0.93721898  0.        ],
[ 0.97398322 -0.22662012  0.        ],
[ 0.48819431  0.87273496  0.        ],
[ 0.3291806   0.94426698  0.        ],
[ 0.98145025 -0.19171702  0.        ],
[ 0.80170335 -0.59772212  0.        ],
[ 0.47472868  0.8801322   0.        ],
[ 0.46606254  0.88475178  0.        ],
[ 0.79373813  0.60825964  0.        ],
[ 0.51456822  0.85744944  0.        ],
[ 0.16999989  0.98544408  0.        ],
[ 0.26887375  0.96317543  0.        ],
[ 0.37829462  0.92568525  0.        ],
[ 0.44586938  0.89509804  0.        ],
[ 0.94057406  0.33958863  0.        ],
[ 0.37033474  0.92889837  0.        ],
[ 0.5086999   0.86094391  0.        ],
[ 0.36938261  0.9292774   0.        ],
[ 0.26857493  0.9632588   0.        ],
[ 0.99078879 -0.13541631  0.        ],
[ 0.3639901   0.93140282  0.        ],
[ 0.18130503  0.98342691  0.        ],
[ 0.39877911  0.91704701  0.        ],
[ 0.72232833  0.69155028  0.        ],
[ 0.59971701  0.80021216  0.        ],
[ 0.57068505  0.82116903  0.        ],
[ 0.96602814  0.25843692  0.        ],
[ 0.77074677 -0.6371416   0.        ],
[ 0.34971291  0.93685692  0.        ],
[ 0.69557928  0.71844934  0.        ],
[ 0.27243244  0.96217491  0.        ],
[ 0.33327299  0.94283037  0.        ],
[ 0.96795154  0.25113706  0.        ],
[ 0.2690339   0.96313071  0.        ],
[ 0.46087357  0.8874658   0.        ],
[ 0.22962686  0.97327874  0.        ],
[ 0.91417239 -0.4053256   0.        ],
[ 0.4725149   0.88132268  0.        ],
[ 0.38228676  0.92404374  0.        ],
[ 0.37836045  0.92565834  0.        ],
[ 0.47295422  0.881087    0.        ],
[ 0.99652323  0.08331542  0.        ],
[ 0.951763   -0.30683414  0.        ],
[ 0.16078176  0.98698998  0.        ],
[ 0.86453706  0.50256907  0.        ],
[ 0.28195945  0.95942632  0.        ],
[ 0.9999179  -0.01281408  0.        ],
[ 0.16425541  0.98641784  0.        ],
[ 0.33582819  0.94192326  0.        ],
[ 0.9826477   0.18548178  0.        ],
[ 0.76518192  0.64381413  0.        ],
[ 0.5706827   0.82117066  0.        ],
[ 0.54945079  0.83552608  0.        ],
[ 0.79838093 -0.60215271  0.        ],
[ 0.82549436  0.56441037  0.        ],
[ 0.9694812  -0.24516567  0.        ],
[ 0.24280652  0.97007474  0.        ],
[ 0.6262372   0.77963259  0.        ],
[ 0.96394461 -0.26610297  0.        ],
[ 0.98825435  0.15281797  0.        ],
[ 0.92594134  0.37766735  0.        ],
[ 0.37516148  0.92695947  0.        ],
[ 0.95679284  0.29077046  0.        ],
[ 0.9712384  -0.23810917  0.        ],
[ 0.29559713  0.95531269  0.        ],
[ 0.38583923  0.92256603  0.        ],
[ 0.97753243 -0.21078507  0.        ],
[ 0.39261486  0.91970298  0.        ],
[ 0.93466489 -0.35552994  0.        ],
[ 0.97187952 -0.23547864  0.        ],
[ 0.83974099 -0.54298717  0.        ],
[ 0.8351224  -0.55006415  0.        ],
[ 0.34171917  0.93980211  0.        ],
[ 0.76278875  0.64664776  0.        ],
[ 0.29672362  0.9549634   0.        ],
[ 0.45430513  0.89084614  0.        ],
[ 0.92490618  0.38019542  0.        ],
[ 0.67424885  0.73850422  0.        ],
[ 0.81054064 -0.5856824   0.        ],
[ 0.88490749 -0.46576682  0.        ],
[ 0.2549033   0.96696655  0.        ],
[ 0.59561499  0.80327006  0.        ],
[ 0.72004901  0.69392321  0.        ],
[ 0.97526117  0.22105575  0.        ],
[ 0.36281508  0.93186116  0.        ],
[ 0.44541341  0.89532502  0.        ],
[ 0.99358193  0.11311472  0.        ],
[ 0.15523443  0.98787766  0.        ],
[ 0.83479543  0.55056025  0.        ],
[ 0.99742887 -0.07166343  0.        ],
[ 0.80471532  0.59366089  0.        ],
[ 0.36734679  0.93008405  0.        ],
[ 0.33477171  0.94229926  0.        ],
[ 0.91104291  0.41231154  0.        ],
[ 0.96776832  0.25184217  0.        ],
[ 0.45443043  0.89078223  0.        ],
[ 0.28526466  0.95844879  0.        ],
[ 0.94954243 -0.3136386   0.        ],
[ 0.99922953  0.03924733  0.        ],
[ 0.95602892 -0.29327241  0.        ],
[ 0.7029677   0.71122178  0.        ],
[ 0.53538097  0.84461069  0.        ],
[ 0.98743767 -0.158009    0.        ],
[ 0.38122408  0.92448267  0.        ],
[ 0.86690583 -0.49847195  0.        ],
[ 0.79991443 -0.60011408  0.        ],
[ 0.77329435 -0.6340472   0.        ],
[ 0.20166902  0.97945373  0.        ],
[ 0.52341344  0.85207885  0.        ],
[ 0.16329291  0.98657763  0.        ],
[ 0.73141482  0.68193281  0.        ],
[ 0.27391754  0.96175318  0.        ],
[ 0.37246322  0.92804695  0.        ],
[ 0.91600302  0.40117137  0.        ],
[ 0.98932215  0.14574524  0.        ],
[ 0.50055199  0.86570648  0.        ],
[ 0.80306647  0.59588946  0.        ],
[ 0.93202922 -0.36238313  0.        ],
[ 0.96941724  0.24541846  0.        ],
[ 0.89842356  0.43912993  0.        ],
[ 0.59244144  0.80561352  0.        ],
[ 0.58932597  0.80789535  0.        ],
[ 0.29222098  0.95635083  0.        ],
[ 0.18232004  0.98323924  0.        ],
[ 0.27509768  0.96141628  0.        ],
[ 0.99962392  0.02742308  0.        ],
[ 0.3583581   0.93358421  0.        ],
[ 0.92011549 -0.39164715  0.        ],
[ 0.90941275  0.41589476  0.        ],
[ 0.86507195  0.5016478   0.        ],
[ 0.27323713  0.96194671  0.        ],
[ 0.67490039  0.73790885  0.        ],
[ 0.99836175  0.05721727  0.        ],
[ 0.54505108  0.83840284  0.        ],
[ 0.61650229  0.78735312  0.        ],
[ 0.41076956  0.9117392   0.        ],
[ 0.33072426  0.94372743  0.        ],
[ 0.7627832  0.6466543  0.       ],
[ 0.39741618  0.91763848  0.        ],
[ 0.40608957  0.91383328  0.        ],
[ 0.73920855  0.67347659  0.        ],
[ 0.32577511  0.94544729  0.        ],
[ 0.81847856 -0.57453708  0.        ],
[ 0.99491305  0.10073736  0.        ],
[ 0.51153919  0.85925995  0.        ],
[ 0.36354319  0.93157734  0.        ],
[ 0.9609192  0.276829   0.       ],
[ 0.40452866  0.91452532  0.        ],
[ 0.83562439 -0.54930127  0.        ],
[ 0.50827392  0.86119546  0.        ],
[ 0.66511233  0.74674333  0.        ],
[ 0.30239398  0.95318303  0.        ],
[ 0.74338455  0.66886427  0.        ],
[ 0.43499331  0.90043369  0.        ],
[ 0.66957138  0.74274771  0.        ],
[ 0.67223844  0.74033471  0.        ],
[ 0.76868349 -0.63962934  0.        ],
[ 0.94794611  0.31843081  0.        ],
[ 0.48755473  0.87309242  0.        ],
[ 0.55397197  0.83253532  0.        ],
[ 0.96169763 -0.2741125   0.        ],
[ 0.20878399  0.97796178  0.        ],
[ 0.46078597  0.88751129  0.        ],
[ 0.55436154  0.83227596  0.        ],
[ 0.33476429  0.9423019   0.        ],
[ 0.25130989  0.96790668  0.        ],
[ 0.68506399  0.7284829   0.        ],
[ 0.2029713   0.97918469  0.        ],
[ 0.51703612  0.85596358  0.        ],
[ 0.68390119  0.72957465  0.        ],
[ 0.99259236  0.12149245  0.        ],
[ 0.16014475  0.98709354  0.        ],
[ 0.87579588  0.48268165  0.        ],
[ 0.68042514  0.7328176   0.        ],
[ 0.49592116  0.86836755  0.        ],
[ 0.38619501  0.92241716  0.        ],
[ 0.27287849  0.96204851  0.        ],
[ 0.25282172  0.96751288  0.        ],
[ 0.92850666  0.37131574  0.        ],
[ 0.45625388  0.88984965  0.        ],
[ 0.9975061   0.07058028  0.        ],
[ 0.31958387  0.94755799  0.        ],
[ 0.88192559  0.47138864  0.        ],
[ 0.61480819  0.78867667  0.        ],
[ 0.58829595  0.80864571  0.        ],
[ 0.45195889  0.89203877  0.        ],
[ 0.99377198 -0.11143275  0.        ],
[ 0.92264464  0.38565123  0.        ],
[ 0.97934243 -0.20220882  0.        ],
[ 0.40397061  0.91477196  0.        ],
[ 0.39390286  0.91915208  0.        ],
[ 0.2095419   0.97779967  0.        ],
[ 0.71069742  0.70349782  0.        ],
[ 0.34972606  0.93685201  0.        ],
[ 0.40232523  0.91549681  0.        ],
[ 0.77967395  0.6261857   0.        ],
[ 0.97023392  0.24216965  0.        ],
[ 0.9163495   0.40037932  0.        ],
[ 0.70977362  0.70442984  0.        ],
[ 0.98806242 -0.15405408  0.        ],
[ 0.26172282  0.96514308  0.        ],
[ 0.43072431  0.90248355  0.        ],
[ 0.44568569  0.89518952  0.        ],
[ 0.92918039 -0.36962658  0.        ],
[ 0.62533445  0.78035685  0.        ],
[ 0.26738337  0.96359023  0.        ],
[ 0.4813194   0.87654528  0.        ],
[ 0.63549459  0.77210532  0.        ],
[ 0.2375713  0.9713701  0.       ],
[ 0.60567109  0.79571511  0.        ],
[ 0.52024985  0.8540141   0.        ],
[ 0.9207171  -0.39023074  0.        ],
[ 0.70033604  0.71381331  0.        ],
[ 0.74242676  0.66992724  0.        ],
[ 0.95374192  0.30062658  0.        ],
[ 0.80553565 -0.59254731  0.        ],
[ 0.87290118  0.48789704  0.        ],
[ 0.94850072  0.31677497  0.        ],
[ 0.99722844  0.07440051  0.        ],
[ 0.15510621  0.9878978   0.        ],
[ 0.97321001  0.22991798  0.        ],
[ 0.39198179  0.91997298  0.        ],
[ 0.78332516 -0.62161217  0.        ],
[ 0.70813634  0.70607572  0.        ],
[ 0.39756126  0.91757563  0.        ],
[ 0.193672    0.98106634  0.        ],
[ 0.25708487  0.96638883  0.        ],
[ 0.8920791  -0.45187927  0.        ],
[ 0.71591318  0.69818932  0.        ],
[ 0.87303527 -0.48765708  0.        ],
[ 0.20682087  0.97837883  0.        ],
[ 0.49060588  0.87138159  0.        ],
[ 0.23883923  0.97105912  0.        ],
[ 0.94983577 -0.31274913  0.        ],
[ 0.98851389  0.15113007  0.        ],
[ 0.56372765  0.82596073  0.        ],
[ 0.35408861  0.93521188  0.        ],
[ 0.33339658  0.94278668  0.        ],
[ 0.99505031  0.09937239  0.        ],
[ 0.4930502   0.87000086  0.        ],
[ 0.83650961  0.54795226  0.        ],
[ 0.30689005  0.95174497  0.        ],
[ 0.42090474  0.90710484  0.        ],
[ 0.56990815  0.8217084   0.        ],
[ 0.77120707 -0.63658436  0.        ],
[ 0.4864594   0.87370318  0.        ],
[ 0.36982995  0.92909946  0.        ],
[ 0.43014334  0.9027606   0.        ],
[ 0.4778488  0.8784421  0.       ],
[ 0.32581922  0.94543209  0.        ],
[ 0.29894289  0.954271    0.        ],
[ 0.66451179  0.74727778  0.        ],
[ 0.39971787  0.91663822  0.        ],
[ 0.99699997  0.077402    0.        ],
[ 0.48343735  0.87537896  0.        ],
[ 0.99504876  0.09938794  0.        ],
[ 0.99875824  0.04981955  0.        ],
[ 0.92624634  0.37691872  0.        ],
[ 0.49524856  0.86875132  0.        ],
[ 0.39245908  0.91976947  0.        ],
[ 0.38591253  0.92253538  0.        ],
[ 0.96188249  0.2734631   0.        ],
[ 0.16521084  0.98625827  0.        ],
[ 0.86477699 -0.50215611  0.        ],
[ 0.9983432  -0.05754001  0.        ],
[ 0.33540231  0.94207499  0.        ],
[ 0.94636642  0.32309533  0.        ],
[ 0.89189985  0.45223298  0.        ],
[ 0.83846345  0.54495784  0.        ],
[ 0.72195446  0.69194057  0.        ],
[ 0.93541947 -0.35353984  0.        ],
[ 0.96533865 -0.26100056  0.        ],
[ 0.40361965  0.91492687  0.        ],
[ 0.36451329  0.93119818  0.        ],
[ 0.70745197  0.70676142  0.        ],
[ 0.69131588  0.72255267  0.        ],
[ 0.98365738 -0.18005045  0.        ],
[ 0.42629563  0.9045839   0.        ],
[ 0.37933205  0.92526061  0.        ],
[ 0.96081318 -0.27719674  0.        ],
[ 0.34976192  0.93683862  0.        ],
[ 0.91025891 -0.4140395   0.        ],
[ 0.83415522  0.55152975  0.        ],
[ 0.47735566  0.87871018  0.        ],
[ 0.36063881  0.93270555  0.        ],
[ 0.37626388  0.92651254  0.        ],
[ 0.9888654   0.14881274  0.        ],
[ 0.88665761  0.46242651  0.        ],
[ 0.66529441  0.74658111  0.        ],
[ 0.48069674  0.87688691  0.        ],
[ 0.94296573  0.33288981  0.        ],
[ 0.3985874   0.91713035  0.        ],
[ 0.87388626 -0.48613045  0.        ],
[ 0.2739231  0.9617516  0.       ],
[ 0.83005811 -0.55767691  0.        ],
[ 0.33161718  0.94341404  0.        ],
[ 0.97948202 -0.20153157  0.        ],
[ 0.89077622  0.45444222  0.        ],
[ 0.67238509  0.74020152  0.        ],
[ 0.39345275  0.91934484  0.        ],
[ 0.47864663  0.87800764  0.        ],
[ 0.82915298  0.55902177  0.        ],
[ 0.39149646  0.92017961  0.        ],
[ 0.43461971  0.90061407  0.        ],
[ 0.54358315  0.83935532  0.        ],
[ 0.9984774  -0.05516234  0.        ],
[ 0.82491228  0.56526077  0.        ],
[ 0.49315808  0.86993972  0.        ],
[ 0.99996212 -0.00870392  0.        ],
[ 0.90254779 -0.43058969  0.        ],
[ 0.38138179  0.92441762  0.        ],
[ 0.53405009  0.84545284  0.        ],
[ 0.93072647  0.36571606  0.        ],
[ 0.79960174  0.60053065  0.        ],
[ 0.8594056  -0.51129445  0.        ],
[ 0.79790371 -0.60278493  0.        ],
[ 0.79919538  0.60107134  0.        ],
[ 0.73823709  0.67454132  0.        ],
[ 0.51846916  0.85509633  0.        ],
[ 0.95922708 -0.28263654  0.        ],
[ 0.99644292  0.08427042  0.        ],
[ 0.6557572   0.75497185  0.        ],
[ 0.77467955  0.63235401  0.        ],
[ 0.83928406  0.54369317  0.        ],
[ 0.99456758  0.10409286  0.        ],
[ 0.70235052  0.71183127  0.        ],
[ 0.1958943   0.98062502  0.        ],
[ 0.45849238  0.88869834  0.        ],
[ 0.47018761  0.88256649  0.        ],
[ 0.28211744  0.95937988  0.        ],
[ 0.96399659 -0.2659146   0.        ],
[ 0.67228906  0.74028874  0.        ],
[ 0.34276225  0.93942218  0.        ],
[ 0.51403767  0.85776761  0.        ],
[ 0.67434122  0.73841988  0.        ],
[ 0.96618289  0.25785777  0.        ],
[ 0.35527384  0.93476227  0.        ],
[ 0.49625697  0.86817568  0.        ],
[ 0.67326762  0.73939889  0.        ],
[ 0.96429291  0.26483802  0.        ],
[ 0.92227701  0.38652958  0.        ],
[ 0.83994134 -0.5426772   0.        ],
[ 0.93487513  0.35497676  0.        ],
[ 0.44905029  0.89350649  0.        ],
[ 0.34394139  0.93899112  0.        ],
[ 0.42075732  0.90717324  0.        ],
[ 0.52886206  0.8487078   0.        ],
[ 0.33894176  0.94080736  0.        ],
[ 0.99525521 -0.09729888  0.        ],
[ 0.4274166   0.90405478  0.        ],
[ 0.32963996  0.94410672  0.        ],
[ 0.65327678  0.75711918  0.        ],
[ 0.96040156  0.27861953  0.        ],
[ 0.72343381  0.69039374  0.        ],
[ 0.17285238  0.98494774  0.        ],
[ 0.99999943 -0.00106704  0.        ],
[ 0.85980151 -0.51062841  0.        ],
[ 0.81951953 -0.57305126  0.        ],
[ 0.74371023  0.66850213  0.        ],
[ 0.86552116  0.50087237  0.        ],
[ 0.16629012  0.98607687  0.        ],
[ 0.66144985  0.74998939  0.        ],
[ 0.54250282  0.84005398  0.        ],
[ 0.43131805  0.90219994  0.        ],
[ 0.33339531  0.94278713  0.        ],
[ 0.21057293  0.97757815  0.        ],
[ 0.27090441  0.96260625  0.        ],
[ 0.9999391 -0.0110357  0.       ],
[ 0.33138634  0.94349515  0.        ],
[ 0.31792727  0.9481151   0.        ],
[ 0.96898039  0.24713763  0.        ],
[ 0.73256451  0.68069761  0.        ],
[ 0.9626405   0.27078268  0.        ],
[ 0.37057923  0.92880086  0.        ],
[ 0.89366307  0.44873858  0.        ],
[ 0.86235223  0.50630883  0.        ],
[ 0.68119073  0.73210599  0.        ],
[ 0.48502129  0.87450234  0.        ],
[ 0.32001859  0.94741126  0.        ],
[ 0.6698443   0.74250159  0.        ],
[ 0.80003424  0.59995434  0.        ],
[ 0.99643732 -0.08433662  0.        ],
[ 0.93984624  0.34159777  0.        ],
[ 0.99276049  0.1201108   0.        ],
[ 0.87515615 -0.48384059  0.        ],
[ 0.41116656  0.91156024  0.        ],
[ 0.95094583  0.30935744  0.        ],
[ 0.45708553  0.88942274  0.        ],
[ 0.45757659  0.88917021  0.        ],
[ 0.98843231 -0.15166271  0.        ],
[ 0.66587849  0.74606021  0.        ],
[ 0.79297003  0.60926065  0.        ],
[ 0.37648094  0.92642436  0.        ],
[ 0.45546034  0.89025608  0.        ],
[ 0.27653651  0.96100341  0.        ],
[ 0.55687329  0.83059746  0.        ],
[ 0.92760154  0.37357113  0.        ],
[ 0.96241234  0.27159251  0.        ],
[ 0.70916074  0.70504684  0.        ],
[ 0.43318446  0.90130529  0.        ],
[ 0.99939063 -0.03490518  0.        ],
[ 0.79253749 -0.60982319  0.        ],
[ 0.37524905  0.92692403  0.        ],
[ 0.43883385  0.89856822  0.        ],
[ 0.63145231  0.77541471  0.        ],
[ 0.23455964  0.97210173  0.        ],
[ 0.36634357  0.93047965  0.        ],
[ 0.8428787   0.53810362  0.        ],
[ 0.60720803  0.79454289  0.        ],
[ 0.69987886  0.71426156  0.        ],
[ 0.86342935  0.50446977  0.        ],
[ 0.9670681  -0.25451775  0.        ],
[ 0.17202565  0.98509247  0.        ],
[ 0.98944169  0.14493148  0.        ],
[ 0.99946952 -0.03256811  0.        ],
[ 0.7647143   0.64436949  0.        ],
[ 0.35692046  0.93413478  0.        ],
[ 0.92768081  0.37337424  0.        ],
[ 0.9696117   0.24464902  0.        ],
[ 0.41595209  0.90938653  0.        ],
[ 0.77566828  0.63114081  0.        ],
[ 0.83735528  0.54665907  0.        ],
[ 0.37412362  0.92737884  0.        ],
[ 0.3306654   0.94374806  0.        ],
[ 0.32765349  0.94479796  0.        ],
[ 0.9994901 -0.0319302  0.       ],
[ 0.24786414  0.9687948   0.        ],
[ 0.49465817  0.86908762  0.        ],
[ 0.98550365 -0.16965421  0.        ],
[ 0.82696623  0.56225159  0.        ],
[ 0.35583297  0.93454957  0.        ],
[ 0.36717491  0.93015191  0.        ],
[ 0.91542621 -0.40248584  0.        ],
[ 0.894875    0.44631686  0.        ],
[ 0.3328414   0.94298282  0.        ],
[ 0.99847487  0.05520809  0.        ],
[ 0.99840943 -0.05637908  0.        ],
[ 0.19362519  0.98107558  0.        ],
[ 0.38276272  0.92384669  0.        ],
[ 0.96451886  0.26401397  0.        ],
[ 0.62262117  0.7825234   0.        ],
[ 0.33866103  0.94090845  0.        ],
[ 0.41956163  0.90772685  0.        ],
[ 0.95102976 -0.30909932  0.        ],
[ 0.40304244  0.91518129  0.        ],
[ 0.71059941  0.70359682  0.        ],
[ 0.99854513  0.05392243  0.        ],
[ 0.41654129  0.9091168   0.        ],
[ 0.67805772  0.73500866  0.        ],
[ 0.94369002  0.33083099  0.        ],
[ 0.27528676  0.96136216  0.        ],
[ 0.99947073 -0.03253081  0.        ],
[ 0.9337089  -0.35803307  0.        ],
[ 0.37294106  0.92785504  0.        ],
[ 0.99999338 -0.00363987  0.        ],
[ 0.81191857 -0.58377071  0.        ],
[ 0.97955324 -0.2011851   0.        ],
[ 0.51457981  0.85744249  0.        ],
[ 0.87171811 -0.49000769  0.        ],
[ 0.44961918  0.89322035  0.        ],
[ 0.29662248  0.95499482  0.        ],
[ 0.97436239  0.22498429  0.        ],
[ 0.50316786  0.8641887   0.        ],
[ 0.43298934  0.90139904  0.        ],
[ 0.52009     0.85411146  0.        ],
[ 0.31039191  0.95060868  0.        ],
