[ 0.99499276 -0.09994707  0.        ],
[-0.94635764 -0.32312107  0.        ],
[-0.78472533 -0.61984365  0.        ],
[ 0.36636002 -0.93047318  0.        ],
[-0.92800067  0.37257854  0.        ],
[-0.03241737 -0.99947442  0.        ],
[-0.94394157 -0.33011258  0.        ],
[-0.88333309 -0.46874583  0.        ],
[-0.99543271 -0.09546575  0.        ],
[-0.83674305  0.54759571  0.        ],
[-0.2310698  -0.97293718  0.        ],
[-0.88777704  0.46027376  0.        ],
[ 0.75501276 -0.6557101   0.        ],
[ 0.99797921  0.06354122  0.        ],
[ 0.99977836 -0.02105306  0.        ],
[-0.32944421 -0.94417504  0.        ],
[ 0.92468557  0.38073166  0.        ],
[ 0.98319531  0.18255682  0.        ],
[-0.9835977   0.18037616  0.        ],
[-0.7997032  -0.60039553  0.        ],
[ 0.84422622  0.53598702  0.        ],
[ 0.50589223 -0.86259669  0.        ],
[ 0.8456915  -0.53367207  0.        ],
[ 0.97846159  0.20642896  0.        ],
[-0.92825216  0.37195152  0.        ],
[-0.808303   -0.58876673  0.        ],
[-0.95675497  0.29089505  0.        ],
[-0.99380989 -0.11109413  0.        ],
[ 0.99710432 -0.07604592  0.        ],
[-0.82396698  0.56663782  0.        ],
[ 0.5214655  -0.85327237  0.        ],
[ 0.08658188 -0.99624474  0.        ],
[ 0.75855791  0.65160564  0.        ],
[-0.57092971 -0.82099895  0.        ],
[-0.66033054 -0.75097508  0.        ],
[-0.46597272 -0.88479909  0.        ],
[ 0.98190807  0.18935823  0.        ],
[-0.97555957 -0.21973514  0.        ],
[-0.49426067 -0.86931375  0.        ],
[ 0.89031138  0.45535223  0.        ],
[ 0.44389763 -0.8960775   0.        ],
[ 0.01048034 -0.99994508  0.        ],
[ 0.99839037  0.05671571  0.        ],
[ 0.9999072 -0.0136235  0.       ],
[-0.06837402 -0.99765976  0.        ],
[ 0.18358362 -0.9830041   0.        ],
[-0.78338716  0.62153403  0.        ],
[ 0.99320935 -0.11634078  0.        ],
[ 0.98500978  0.1724985   0.        ],
[-0.91593535  0.40132584  0.        ],
[ 0.11152856 -0.99376123  0.        ],
[ 0.85802439 -0.51360893  0.        ],
[ 0.53507367 -0.8448054   0.        ],
[-0.96414191 -0.2653872   0.        ],
[ 0.46117795  0.88730767  0.        ],
[-0.01295345 -0.9999161   0.        ],
[ 0.98764321  0.15671913  0.        ],
[ 0.68350679 -0.72994415  0.        ],
[-0.93900964 -0.34389082  0.        ],
[-0.9987833  -0.04931453  0.        ],
[-0.77073111 -0.63716054  0.        ],
[-0.64025932 -0.76815884  0.        ],
[-0.24003246 -0.97076486  0.        ],
[-0.99890919 -0.04669503  0.        ],
[ 0.99587559 -0.09072934  0.        ],
[-0.8628372   0.50548192  0.        ],
[ 0.98610476 -0.16612466  0.        ],
[ 0.99925941  0.03847907  0.        ],
[ 0.99586549 -0.09084016  0.        ],
[ 0.9410739   0.33820099  0.        ],
[-0.23313538 -0.97244429  0.        ],
[ 0.99051086  0.13743445  0.        ],
[ 0.87943608 -0.47601701  0.        ],
[-0.06899282 -0.99761716  0.        ],
[-0.71703897 -0.69703308  0.        ],
[-0.8445054   0.53554704  0.        ],
[ 0.0919312  -0.99576536  0.        ],
[ 0.62703546  0.77899071  0.        ],
[-0.84986106 -0.5270068   0.        ],
[-0.62339124 -0.78191008  0.        ],
[ 0.73175164  0.68157137  0.        ],
[-0.93679815 -0.34987029  0.        ],
[ 0.09618686 -0.99536329  0.        ],
[ 0.62280608  0.78237624  0.        ],
[ 0.55488016  0.83193029  0.        ],
[-0.79554573 -0.60589355  0.        ],
[-0.4147303  -0.90994438  0.        ],
[-0.81222481 -0.58334455  0.        ],
[ 0.07370007 -0.99728045  0.        ],
[ 0.19082937 -0.98162322  0.        ],
[-0.98952942  0.14433131  0.        ],
[-0.99872845  0.05041304  0.        ],
[-0.11447644 -0.99342596  0.        ],
[ 0.72335554 -0.69047575  0.        ],
[ 0.35899651 -0.9333389   0.        ],
[ 0.21558302 -0.97648551  0.        ],
[ 0.88184641  0.47153675  0.        ],
[ 0.80655735  0.59115585  0.        ],
[-0.83444419  0.55109245  0.        ],
[-0.82308391  0.56791978  0.        ],
