[ 0.39873937  0.91706429  0.        ],
[ 0.73591465  0.67707432  0.        ],
[ 0.99432837 -0.10635366  0.        ],
[ 0.90801284  0.41894234  0.        ],
[ 0.14783619 -0.98901186  0.        ],
[ 0.33609805 -0.941827    0.        ],
[ 0.3981931  -0.91730162  0.        ],
[ 0.92109996 -0.38932617  0.        ],
[ 0.35439133  0.9350972   0.        ],
[-0.98790688  0.15504838  0.        ],
[ 0.83401035 -0.55174881  0.        ],
[-0.89035001  0.45527668  0.        ],
[-0.93355155  0.35844316  0.        ],
[-0.35391357 -0.93527813  0.        ],
[-0.82689582  0.56235514  0.        ],
[-0.78648743 -0.61760629  0.        ],
[ 0.77375395  0.63348625  0.        ],
[-0.51130327 -0.85940035  0.        ],
[ 0.99043827 -0.13795661  0.        ],
[ 0.40268279 -0.91533959  0.        ],
[-0.06165825 -0.99809732  0.        ],
[ 0.92019827 -0.39145261  0.        ],
[ 0.49234397  0.87040072  0.        ],
[-0.86289684 -0.5053801   0.        ],
[ 0.84502283 -0.53473023  0.        ],
[-0.49179196 -0.87071274  0.        ],
[ 0.70228775  0.71189319  0.        ],
[ 0.02609777 -0.9996594   0.        ],
[-0.47585672 -0.87952281  0.        ],
[-0.74263162 -0.66970014  0.        ],
[ 0.68635203  0.72726948  0.        ],
[ 0.98058068  0.19611614  0.        ],
[-0.99616344 -0.08751231  0.        ],
[-0.86391825  0.50363207  0.        ],
[-0.98179141  0.18996215  0.        ],
[-0.95905612 -0.28321609  0.        ],
[-0.48503377 -0.87449542  0.        ],
[ 0.88194469 -0.47135291  0.        ],
[ 0.2939194   0.95583021  0.        ],
[ 0.99998636 -0.00522298  0.        ],
[-0.59155729 -0.80626296  0.        ],
[-0.99768649  0.0679828   0.        ],
[ 0.92214558 -0.38684303  0.        ],
[-0.2060275 -0.9785462  0.       ],
[-0.99728914  0.07358243  0.        ],
[ 0.72193826 -0.69195747  0.        ],
[ 0.20154016 -0.97948025  0.        ],
[ 0.3468391   0.93792464  0.        ],
[-0.85636077  0.516378    0.        ],
[-0.62600953 -0.77981541  0.        ],
[ 0.06017344 -0.99818794  0.        ],
[-0.85263291  0.52251041  0.        ],
[ 0.18802041 -0.98216512  0.        ],
[ 0.99873106  0.05036139  0.        ],
[-0.69342106 -0.7205326   0.        ],
[ 0.72568473  0.68802737  0.        ],
[ 0.18677085 -0.98240351  0.        ],
[-0.97742554 -0.21128019  0.        ],
[ 0.83361716 -0.55234268  0.        ],
[ 0.82857207  0.55988242  0.        ],
[-0.96195823  0.27319657  0.        ],
[ 0.94668953  0.32214739  0.        ],
[ 0.51952454  0.85445553  0.        ],
[-0.67334184 -0.7393313   0.        ],
[-0.8864766   0.46277341  0.        ],
[ 0.32291437 -0.94642818  0.        ],
[-0.43517555 -0.90034562  0.        ],
[ 0.67142928  0.74106863  0.        ],
[-0.00901548 -0.99995936  0.        ],
[ 0.81919179 -0.57351966  0.        ],
[-0.9874629   0.15785129  0.        ],
[ 0.99020081 -0.13965086  0.        ],
[-0.97907578  0.20349598  0.        ],
[ 0.02810125 -0.99960508  0.        ],
[ 0.94470232 -0.32792915  0.        ],
[-0.91500393  0.40344492  0.        ],
[ 0.1905739  -0.98167285  0.        ],
[-0.5867981  -0.80973328  0.        ],
[ 0.32863464  0.94445713  0.        ],
[ 0.10388666 -0.99458914  0.        ],
[ 0.20049072 -0.9796956   0.        ],
[-0.99864644 -0.05201232  0.        ],
[ 0.32378498  0.94613069  0.        ],
[-0.71337665 -0.70078082  0.        ],
[-0.62739067 -0.77870466  0.        ],
[-0.20745746 -0.97824404  0.        ],
[ 0.6933695  -0.72058222  0.        ],
[-0.23151731 -0.97283079  0.        ],
[ 0.34559719 -0.93838296  0.        ],
[-0.46566452 -0.88496133  0.        ],
[-0.95551095 -0.29495564  0.        ],
[ 0.75950372 -0.65050295  0.        ],
[-0.5137824  -0.85792054  0.        ],
[-0.79309392  0.60909936  0.        ],
[ 0.58347984 -0.81212762  0.        ],
[-0.9835833 -0.1804547  0.       ],
[ 0.95875302  0.28424046  0.        ],
[ 0.49014087 -0.87164323  0.        ],
[-0.27824468 -0.96051023  0.        ],
[ 0.33319925 -0.94285644  0.        ],
