[  4.54674184  10.9821392    0.12011333],
[ 8.09931384  6.56381403  0.13048117],
[ 8.53140644  6.79227054  0.18444752],
[ 9.81226812  7.45566311  0.23624682],
[  7.49848298  11.60395682   0.38980644],
[  5.76075892  10.437245     0.52574769],
[  6.61028295  10.8609965    0.52897389],
[  7.02535263  12.54184317   1.04549777],
[  6.93137421  11.34983254   1.11045457],
[  6.97773095  10.41675225   1.1303455 ],
[  6.40718674  10.89225608   1.15766017],
[  5.26965707  11.13098248   1.32595366],
[ 10.01268642   3.68802803   1.57090133],
[ 8.79367059  8.05494695  1.69084728],
[  4.14655186  13.56599217   1.75196203],
[ 9.6628317   6.92093344  1.86986501],
[  4.87710187  12.78092782   2.24359571],
[ 7.41122531  8.36433936  2.30580894],
[  3.55596564  11.6540088    2.38393296],
[ 8.69644357  3.51209919  2.47912413],
[ 7.48468188  9.13302454  2.61426157],
[  6.66667848  10.26366925   2.6996001 ],
[ 9.60079339  4.94369862  2.70286828],
[ 9.60274842  3.57910154  2.72072747],
[ 10.05308363   7.22427817   2.94275809],
[ 10.04148235   4.67964126   3.06780409],
[  3.72080061  12.86124699   3.33596373],
[  4.36141355  11.92853034   3.35329307],
[ 8.14402896  6.92943103  3.35445288],
[  3.13938143  11.87352125   3.5049969 ],
[ 8.86424748  4.02142308  3.65234285],
[ 9.7201504   7.26585205  3.769537  ],
[ 8.84585939  3.65355048  3.8819278 ],
[ 9.32246505  5.84412922  4.01630827],
[ 9.13771695  7.40319559  4.37695101],
[  3.20624355  14.43886737   4.39328301],
[ 8.78901066  3.46704455  4.41382804],
[ 8.79762169  6.946654    4.79400491],
[  3.54939732  11.95695044   5.10789717],
[ 9.60227746  8.05594031  5.1099994 ],
[ 9.73145141  3.04498281  5.29365931],
[  5.70707407  12.54937868   5.33166701],
[ 8.79376788  4.19935548  5.39583005],
[  7.59607947  10.20489858   5.46796872],
[  5.71932766  10.4083238    5.62943637],
[ 9.16254255  3.98880681  5.92982095],
[ 8.65665293  4.74634156  5.94423596],
[  5.7717891   12.83351909   6.05921362],
[ 9.51559207  7.02325108  6.13399983],
[  7.67816628  10.96582392   6.21477693],
[  4.37331551  12.11904175   6.23379307],
[ 9.88011439  3.587303    6.24642886],
[  6.23983143  12.96926509   6.28080161],
[  2.71271023  13.03929169   6.33578327],
[ 9.72405007  8.09865317  6.46918111],
[  5.20701361  10.99258206   6.47593908],
[ 8.30526318  8.9546122   6.67870628],
[  6.80390145  12.9357016    6.68577017],
[  7.7921163   11.37828354   6.72142676],
[  7.59474346  12.19191345   6.97571476],
[ 8.62648034  4.14420026  6.97829733],
[ 7.84679207  8.78016673  7.01828362],
[ 6.9645808   9.38562985  7.11035437],
[  3.74775508  13.9852119    7.11154667],
[  3.37861784  11.59391918   7.15048831],
[  6.9173421   12.30462859   7.17322928],
[  7.43211646  10.03891071   7.47079271],
[  3.6157848   11.90830422   7.55612265],
[  4.14630297  13.92946627   7.63264456],
[ 9.55595338  5.2780617   7.66011331],
[ 6.88186274  9.9934832   7.68669023],
[  7.94283359  11.20356812   7.83202582],
[ 8.57184627  3.95915138  7.86781705],
[  3.78206465  14.36263435   7.89700137],
[  6.11450358  13.34685813   7.91514464],
[ 8.1104558   5.96910915  7.97029774],
[  6.3434094   12.50572889   8.01917399],
[ 9.99305329  7.19680029  8.09677132],
[ 9.04378604  5.39073345  8.23022955],
[  8.46251401  11.04260769   8.2716278 ],
[ 8.41520166  3.66694101  8.2854429 ],
[ 8.62679939  6.93460975  8.47974786],
[ 8.97557048  3.50243657  8.7967108 ],
[ 8.38203976  5.56847275  9.09232399],
[  5.24245543  12.02188992   9.10899798],
[  8.96626091  10.14222107   9.173599  ],
[  3.87199622  12.63185359   9.30298041],
[  2.67598115  12.57038208   9.38441721],
[ 9.20972743  3.19465581  9.47709029],
[  6.30075781  11.4904925    9.51999659],
[  4.25741831  13.11636239  10.06207867],
[  9.76590012   5.17740629  10.1812701 ],
[  8.33816945   6.12107913  10.21237731],
[  5.64475691  11.57435536  10.26014834],
[  3.2348541   11.73222748  10.3608027 ],
[  7.06044898  11.99455132  10.47748199],
[  8.4931998   10.15783964  10.56365629],
[  6.60477408  11.54524109  10.71048235],
[  2.9842442   14.02857662  10.72189448],
[  4.68678243  13.46851158  10.77033556],
[  8.34836084   6.10809906  10.79067244],
[  5.53648872  11.93006852  10.94071979],
[  7.56251575  11.07859365  11.04666756],
[  9.1346344    7.02860074  11.40521153],
[  8.79012431   9.57452683  11.61144871],
[  3.98264505  14.09343154  11.712023  ],
[  9.34476282   5.87917222  11.95482602],
[  3.67221729  13.76929883  12.08864012],
[  5.13184005  11.72879516  12.19668599],
[  4.30088275  13.82343829  12.20225296],
[  7.5695336   11.59447898  12.42108696],
[  8.34474262   3.39755953  12.69210991],
[  5.67789837  11.05500229  12.82259394],
[  6.62585175  10.30901983  12.90880047],
[  5.89456607  10.24354845  12.9301914 ],
[ 10.02052159   6.57345042  12.95733457],
[  7.0542849   12.76425385  13.03350501],
[  5.23440777  13.70875139  13.06359263],
[  4.07011549  12.71765334  13.11042921],
[  8.16843794   9.10754419  13.13302942],
[  8.94851121   2.9683527   13.19208011],
[  3.65028201  13.28516517  13.23195379],
[  2.56535312  12.51781468  13.25500793],
[  4.60310602  11.70333284  13.51565941],
[  9.29511409   2.72940726  13.79885382],
[  8.10610605   6.27713922  13.81211735],
[  8.53017877   9.32729464  14.12684073],
[  4.04466744  11.80839294  14.16959687],
[  4.63867872  11.8340214   14.27540518],
[  6.15814344  10.3337624   14.31143356],
[  8.50284307   5.31163668  14.46961458],
[  8.13651059   5.90049618  14.64154263],
[  6.04424214  12.9440131   14.64366473],
[  8.34165041   6.95041293  14.66444578],
[  8.89997695   4.44534819  15.09138336],
[  7.83101673  11.63086302  15.12362281],
[  8.73357457   5.22620509  15.1709067 ],
[  8.44885641   7.76942386  15.1822574 ],
[  9.6152514    2.76237469  15.32330865],
[  8.19443215  10.96334952  15.33069306],
[  4.3428684   12.95667848  15.34410646],
[  4.14272381  12.52358907  15.48987379],
[  7.54908392  12.21904764  15.6138483 ],
[  7.97311266   6.1465908   15.70411957],
[  5.93587943  10.86148056  16.29569418],
[  7.88302098   7.77861833  16.34319317],
[  3.08059979  14.70190784  16.3782923 ],
[  7.09709159  10.6798278   16.40779142],
[  5.3514818   12.99269851  16.45560481],
[  4.739759    12.1762209   16.78821118],
[  5.71918767  12.58648986  16.8743891 ],
[  6.29522222  10.2358105   16.87838576],
[  6.26838816  10.45788178  16.9381921 ],
[  7.82890788   9.05503501  17.14780702],
[  5.63276417  12.64009495  17.23374168],
[  8.02033586   7.20659695  17.35769671],
[  8.49489667   5.92946383  17.49289143],
[  8.81893162   4.36492348  17.5961284 ],
[  5.64042325  10.80453026  17.71007429],
[  3.20448189  14.71040545  17.7729106 ],
[  8.47778537   3.32106034  17.95055024],
[  2.78176649  14.04394521  18.10118046],
[  4.58871386  12.92439129  18.18483216],
[  7.95231818   7.06852808  18.26058715],
[  3.50438311  13.15242379  18.33122399],
[  7.69504975  10.67250303  18.37109171],
[  7.66834948   7.3727736   18.43616637],
[  5.93183912  11.43825127  18.48859014],
[  6.32195696  13.3733028   18.93089539],
[  6.05057828  10.48949716  19.14800327],
[  9.38359617   4.00295122  19.28358652],
[  6.35200028  11.90072823  19.29303243],
[  9.34088201   4.50180546  19.33354763],
[  6.85742407  12.50815411  19.36774862],
[  8.28620466   4.5998106   19.42675968],
[  4.88769855  12.76409258  19.43251868],
[  5.88485578  12.95129074  19.47676193],
[  8.07918782   6.33962651  19.48594563],
[  3.26140438  12.12571801  19.52670909],
[  3.80420692  11.62686988  19.58111613],
[  7.35441729   8.27163766  19.60907183],
[  4.81146581  12.12184228  19.94273554],
[  3.25864823  11.56244023  20.00121549],
[  8.52211417   3.49365169  20.13925692],
[  9.12672349   4.30261824  20.55984925],
[  7.28012802  10.99288663  20.60653763],
[  8.35657565   4.31254365  20.67290474],
[  2.65206806  12.72214425  20.67758093],
[  8.41804624  10.25800435  20.93894577],
[  6.40995464  12.35280331  21.01373642],
[  3.21275358  14.18733223  21.15460092],
[  9.90320587   6.12695973  21.18959871],
[  8.65514254   6.25623421  21.25743349],
[  8.58292746   6.16699186  21.50638207],
[  7.65346866   9.58237139  21.61756299],
[  5.81854571  12.29340678  21.74048942],
[  3.46867695  12.95473835  21.75344195],
[  6.00578407  10.45896359  21.79921121],
[  7.99460479  11.40828528  22.00250991],
[  4.95266509  13.73785504  22.64923575],
[  8.56335812   3.66155     23.02734757],
[  9.59175562   3.40727278  23.28494759],
[  7.06142914  11.02613285  23.68865349],
[  5.85566264  13.10245609  23.70439797],
[  5.50540912  12.65624069  23.71583525],
[  8.23319641   8.78263808  23.72948995],
[  5.7642947   12.52239681  23.7635789 ],
[  9.17563606   4.65630144  24.05594571],
[  4.3128534   13.00317921  24.19972012],
[  9.53939637   5.00653957  24.24683496],
[  5.57252411  11.44970036  24.31832328],
[ 10.08481989   6.88483812  24.34021982],
[  4.60851522  13.8019863   24.50072887],
[  4.53973333  13.92943562  24.81139245],
[  8.70844504   3.60724542  24.85055199],
[  3.9970286   11.21933428  24.85290163],
[  3.17890822  11.73521357  24.90929252],
[  6.67102549  10.4015394   24.94576037],
[  5.90249486  13.42454282  25.06296247],
[  7.2614207   11.14981991  25.09906497],
[ 10.10425585   6.32318923  25.28720349],
[  6.12708767  10.38324914  25.33705974],
[  7.32612542  10.80481657  25.41626089],
[  4.10085632  11.45593769  25.45622015],
[  4.18771809  11.8091887   25.53188004],
[  8.02260039  10.2939373   25.53736143],
[  3.66561614  11.90621505  25.68504764],
[ 10.02475361   3.76917823  25.75626811],
[  3.20497956  12.70991594  25.98059547],
[  8.59763825   6.95435987  25.98919786],
[  6.51729623  11.54831556  26.08633055],
[  5.21637637  11.12351666  26.35944867],
[  7.28238455   9.67815748  26.49045504],
[  5.52376415  13.12458063  26.55665074],
[  8.58488969   5.54220315  26.59381083],
[  5.86234417  10.44181049  27.05445134],
[  5.0753656   12.94020363  27.27211104],
[  8.89789878   5.57802787  27.28165226],
[  7.76633421  10.3102502   27.32388485],
[  8.69463058  10.32774377  27.40225283],
[  5.87308101  13.25654602  27.51190217],
[  7.97148499   6.86333145  27.53269262],
[  9.73572112   5.37022654  27.53884191],
[  6.66668771  12.36321202  27.58307533],
[  7.53844073  10.43919516  27.67701444],
[  2.78749182  12.87979765  27.77004951],
[  7.46953273  11.10669934  27.81550751],
[  4.92588624  13.83861539  27.8320164 ],
[  4.28538273  14.03267846  27.83340498],
[  7.94533657  10.04439341  27.85029237],
[  4.31819936  13.96804359  27.89822205],
[  3.30607837  14.61380535  28.00678515],
[  5.25175975  11.94311453  28.0793006 ],
[  6.917394     9.74428872  28.22830656],
[  8.67587198   7.3925792   28.2634093 ],
[  9.84549231   4.03298777  28.33150202],
[  3.04367141  14.5998789   28.33986801],
[  8.76706011   6.71871626  28.4392412 ],
[  8.37221219  11.12478675  28.52309395],
[  3.2980975   11.49556368  28.54953547],
[  7.72733126  10.41988662  28.56855394],
[  6.47693435  10.81326551  28.58516218],
[  6.36632949  10.02380995  28.68129604],
[  9.51014833   7.26364915  28.72918074],
[  6.71981285  10.34595909  28.95177409],
[  4.84458712  13.83776591  29.01531557],
[  2.60643166  12.03845931  29.0539869 ],
[  8.56442698   7.04788281  29.14881684],
[  6.01892123  12.63189647  29.17453972],
[  9.02229917   6.88772586  29.34840209],
[  3.33648643  11.9414102   29.37067473],
[  7.87005256  10.90138641  29.44784398],
[  9.98470691   5.62293752  29.62630256],
[  8.39038827   3.85981404  29.73426023],
[  2.87324889  13.6086964   29.83122415],
[  8.52543828   4.12764458  29.86020667],
[  9.82396318   3.02025044  29.99213892],
[  4.92657943  11.91480749  30.25094235],
[  6.88432093  10.0529387   30.28905172],
[  5.97726633  10.45065747  30.30659634],
[  7.45824747  10.19776874  30.4051133 ],
[  9.27138092   5.08903826  30.56902771],
[  5.98903502  12.18070008  30.66624795],
[  5.61925605  10.96158286  30.72923519],
[  2.67811043  13.18594134  30.8277534 ],
[  8.44682059   4.90385926  30.87204018],
[  4.92978781  14.00073625  30.91468156],
[  4.46478068  11.11512459  30.98169684],
[  4.27081196  11.82293922  31.19607009],
[  6.63505306  10.82367755  31.26105759],
[  8.09410072   6.79091551  31.34637053],
[  8.84516784   3.49466126  31.50543315],
[  9.0030353    2.97410203  31.59893637],
[  7.26359337   9.06868743  31.60562049],
[  4.91957315  13.11946932  31.66357886],
[  8.59791126   9.02649015  31.68032191],
[  2.85333697  12.90418294  31.69761145],
[  2.89898931  13.95312107  31.82967723],
[  7.4831601    9.44883322  31.84595809],
[  9.41752479   2.63250445  31.85116775],
[  8.6730658    9.94497397  32.15039465],
[  2.71952319  12.02179963  32.21345517],
[  9.56490855   5.5017297   32.2634785 ],
[  9.19333393   5.00212395  32.28218649],
[  4.99767514  12.8660975   32.326273  ],
[  5.85196838  11.26045562  32.41390823],
[  9.61023562   5.59884605  32.79017176],
[  6.19539411  11.99184456  32.85310574],
[  4.36053475  11.73840644  32.9554439 ],
[  8.66990052  10.07362518  32.9555223 ],
[  5.54816822  10.5886838   33.03351302],
[  3.96784513  12.29088296  33.23137195],
[  9.41231404   5.45863449  33.28378806],
[  8.38787963  10.22562388  33.37221307],
[  4.7054742   11.62576695  33.42211844],
[  7.61927747  10.98989715  33.45036304],
[  7.38150662   9.83718356  33.54846679],
[  2.94603619  11.92642609  33.59621522],
[  5.72614227  12.9067489   33.62566505],
[  8.27940233   6.02664471  33.69138541],
[  7.18905061   8.83897389  33.75324898],
[  2.9544484   12.28367306  33.77690416],
[  4.65143958  13.2394786   33.88673513],
[  7.40656712  11.91775564  33.98309522],
[  8.96323468   5.011756    34.00816617],
[  4.23535531  11.45796381  34.45317772],
[  4.92467384  12.10335374  34.52817687],
[  9.90658637   5.30059797  34.57434757],
[  6.23686102  12.38918376  34.60139831],
[  3.59638222  12.19330488  34.6284454 ],
[  9.95087093   3.25428589  34.64125768],
[  9.46982579   5.83943373  34.6837927 ],
[  9.03052067   6.14804202  34.72951857],
[  8.15031302   7.26100552  34.73917106],
[  7.75150394  10.74698322  34.923876  ],
[  6.30429689  12.5928767   34.97125041],
[  9.75109037   5.67163169  35.0373953 ],
[  5.28191786  11.26249136  35.07221993],
[  9.9354976    6.36164569  35.37002182],
[  8.69404997   8.90428123  35.5229743 ],
[  4.91195277  12.02990217  35.55089526],
[  9.39315699   6.58079651  35.61195966],
[  6.50495329  12.20042047  35.62157598],
[  9.62936904   3.39440525  35.71798174],
[  9.68868044   5.8541657   35.74089591],
[  9.51947525   7.21882023  35.74690602],
[  7.90851881   8.32681777  36.17358655],
[  9.02362328   5.76139197  36.19479766],
[  7.44278786  11.07749021  36.22899336],
[  5.42243902  11.06151125  36.31951293],
[  9.89549441   7.19061136  36.34873391],
[  6.16817783  10.85738711  36.48590594],
[  9.6689328    4.40942034  36.49145622],
[  5.10283025  11.43768518  36.49234787],
[  9.48324808   8.41950542  36.83026166],
[  9.43645365   4.38835893  36.84608631],
[  9.87882323   5.11896375  36.96783757],
[  5.62534599  11.18029036  36.99637909],
[  6.53274765  13.1838859   37.01554361],
[  8.65949153   4.49318293  37.19486093],
[  3.18516481  14.24150067  37.22791413],
[  7.05985713  12.24474658  37.27236504],
[  6.5129296   11.20201458  37.31162832],
[  9.55204114   3.662753    37.36883736],
[  5.01756939  12.69816848  37.43946591],
[  7.91512849  10.77200315  37.45372649],
[  3.2318393   12.89759121  37.54139886],
[  8.83923507  10.8771414   37.65213797],
[  9.7208872    3.31332339  37.66417461],
[  3.15713844  12.2426473   37.69600203],
[  7.99431131   6.0713912   37.7000218 ],
[  4.6758105   13.09887742  37.70882003],
[  9.48893529   3.46447015  37.71648194],
[  6.19673203  10.05244402  38.00838845],
[  6.16142121  10.14141208  38.00852665],
[  9.7657288    5.80892719  38.01213531],
[  8.74597416   5.32291482  38.18120892],
[  5.2104457   12.68009543  38.18719177],
[  3.50432618  11.9810532   38.29083504],
[  8.47076485   8.66411173  38.35524572],
[  9.14822215   4.64474422  38.49628903],
[  4.2578806   14.09610718  38.51644186],
[  8.37889326   5.82905661  38.62799305],
[  4.21012611  13.62655295  38.67433226],
[  4.36591452  11.33009266  38.91027448],
[  9.94738647   7.51364655  38.94954395],
[  9.08625621   3.75068485  39.16706884],
[  8.82784843   9.34011519  39.19267377],
[  7.09394723  10.94933624  39.19726816],
[  5.87221326  10.89789436  39.32092709],
[  6.20134265  11.03841015  39.38265164],
[  5.55586463  13.4843184   39.4297587 ],
[  8.2782527    4.63114857  39.57691321],
[  7.79576156  10.74548076  39.69133745],
[  8.62236635   8.71171521  39.74073802],
[  8.43765504   4.23918157  40.14985707],
[  9.61868864   4.53418903  40.54056311],
[  8.9592299    4.75837424  40.63153412],
[  7.95839512  11.0064416   40.66334032],
[  5.52671205  11.79475472  40.8518462 ],
[  8.99711163   9.80976177  40.93889246],
[  4.13192914  12.63244227  41.02536233],
[  4.46236386  11.53474402  41.2832611 ],
[  9.73312488   4.3527627   41.7177234 ],
[  3.13680209  13.0855655   41.72355785],
[  8.93467015   6.15149481  41.79868591],
[  9.09430367  10.45025295  41.88039135],
[  5.14513029  12.79691561  41.9158845 ],
[  5.22744842  11.99375988  41.92717104],
[  9.91057078   5.11455229  42.1167868 ],
[  4.97454384  12.53980874  42.16534721],
[  8.57093744   3.45001926  42.37085924],
[  9.53544381   3.52970887  42.44446764],
[  4.86975644  11.53347879  42.66952175],
[  4.36718093  11.97279687  42.69037352],
[  7.70039638  11.43001168  42.70320938],
[  3.57443401  12.49418071  42.82186086],
[  7.11381797  10.3510552   42.86156786],
[  6.68536304  11.58489141  43.02675834],
[  5.08535651  11.25305025  43.09827972],
[  3.74885588  12.17744119  43.10777137],
[  8.29513258   5.84073658  43.12498318],
[  9.29730717   3.77634002  43.16105376],
[  6.20124912  13.22992456  43.24878591],
[  7.09307256  11.50932953  43.26082324],
[  5.31174042  11.22908194  43.28131507],
[  5.79475677  12.48250946  43.34264142],
[  9.83843753   6.08630238  43.35559095],
[  9.20046082   6.92095507  43.36803073],
[  8.34929613  10.8916525   43.41649775],
[  7.93208616   7.58308891  43.57433971],
[  5.51859158  13.62294493  43.5856444 ],
[  9.9468264    4.78261053  43.66549028],
[  6.25620429  12.28980962  43.704699  ],
[  9.0756829    5.15113465  43.97561969],
[  3.86145156  13.69734252  44.00051681],
[  4.34083316  13.30543617  44.01523701],
[  7.0610006   10.85020299  44.11857664],
[  4.90666608  10.9556933   44.16060618],
[  7.52981525  11.98595134  44.30463197],
[  7.66344989  11.3628739   44.33927734],
[  8.57961955   3.87321     44.40968711],
[  9.32890226   2.90366072  44.56679936],
[  5.89407044  10.53968032  44.67200781],
[  7.50603582  12.40911209  44.75276478],
[  6.48386265  12.77653317  44.82158719],
[  9.46040186   4.39111277  44.88535045],
[  8.69176483   4.15318255  44.9399211 ],
[  8.4524379    4.25022207  45.09414518],
[  8.18527975   6.79622502  45.12381226],
[  8.63915376  10.10625524  45.36625289],
[  7.31439834  10.06260988  45.5275226 ],
[  9.13798213   4.40459302  45.54667841],
[  7.74923994  10.74614401  45.57460074],
[  8.75429126  10.56446396  45.59134628],
[  6.50529455  10.35387883  45.64047666],
[  9.46260569   7.30567438  45.68547737],
[  3.22015905  13.88083176  45.71120457],
[  8.71949995   5.06263181  45.75277088],
[  6.87328831   9.5254637   45.7785928 ],
[  5.72363066  13.47726981  45.80363872],
[  6.96889603  10.20341227  45.87250544],
[  9.39544821   4.81443159  45.96975545],
[  8.56107546   3.61134444  46.0977889 ],
[  6.24048088  10.86276969  46.2274315 ],
[  7.21245292  10.03704383  46.23118145],
[  5.00698798  12.26849573  46.26775001],
[  9.80835327   5.40276815  46.34087967],
[  8.72973576   9.16823972  46.45038247],
[  3.64808749  11.53934905  46.64015269],
[  2.56388463  12.23637046  46.73252138],
[  6.72835412  12.73146798  46.7924406 ],
[  9.23124861   6.08443478  46.93752382],
[  4.22095663  12.92924494  47.21753729],
[  8.65813049   5.45810352  47.38231634],
[  2.51598897  11.76064773  47.40314333],
[  6.94559216  10.74953566  47.45155889],
[  5.41897334  11.5393522   47.45962163],
[  9.67440001   8.5765616   47.5560282 ],
[  5.16746645  11.67996582  47.59165116],
[  5.83731351  12.60871047  47.74644886],
[  3.27870864  12.40533665  47.8082227 ],
[  9.76662548   5.78916659  47.90298362],
[  3.49199473  14.6179075   47.96882658],
[  4.84653806  11.55193453  48.00959035],
[  8.78392588   6.43407138  48.11007746],
[  8.79315764  10.07789043  48.31798468],
[  4.47450547  11.31151678  48.3264125 ],
[  5.92804976  10.9132249   48.86798367],
[  7.30638102  10.88007525  49.05806317],
[  9.9785306    3.55753871  49.06628875],
[  4.25560525  12.79020654  49.40114332],
[  3.99697079  13.2877299   49.42831195],
[ 10.28082387   5.04677435  49.48522874],
[  8.88053794   4.27768273  49.5061763 ],
[  4.78727399  12.13886847  49.53908322],
[  8.07633507   8.84285341  49.61927451],
[  6.10077925  12.67549037  49.77655844],
[  3.160561    12.66570073  49.90208355],
[  5.12440482  13.82085274  50.11795251],
[  9.13880916   2.79135881  50.18631824],
[  8.56416918   3.59577308  50.21433131],
[  8.87563398  10.67366424  50.2983134 ],
[  8.93431686   3.48828856  50.63102081],
[  6.38040112  10.00033671  50.66297284],
[  7.952275    7.5989611  50.8852629],
[  9.54844886   4.48569852  50.92294468],
[  5.82625474  13.11044845  50.92609529],
[  8.38583018  10.05472553  50.97204515],
[  9.09190817   7.2913868   50.99332793],
[  8.34788839   4.71953588  51.124225  ],
[  8.65269243   5.80830503  51.17886253],
[  2.75768743  11.59195774  51.20320918],
[ 10.06621936   5.6677969   51.28990968],
[  9.48557944   4.02672078  51.34237552],
[  8.18359616   5.81046208  51.40717333],
[  5.25055     11.31292839  51.4168716 ],
[  4.11658944  14.04468497  51.56013546],
[  9.20854141   9.40494293  51.65760665],
[  6.6362951   12.56006282  51.70532924],
[  4.40314016  12.90221486  51.79041109],
[  5.14591664  13.66632317  51.80645536],
[  9.51003692   3.17811589  51.94416273],
[  4.60530286  12.24279197  51.97232027],
[  4.78303058  12.60495148  52.01105209],
[  5.90320655  10.67605862  52.08234689],
[  8.59403511   3.19785285  52.12473133],
[  3.26104522  11.44849458  52.14950561],
[  5.07800828  10.97193733  52.27072158],
[  6.78935093   9.91999307  52.27338113],
[  4.23055453  12.15988103  52.28281392],
[  5.20612232  11.14811264  52.32756698],
[ 10.03287235   5.65254964  52.35298626],
[  4.20117937  13.84592199  52.59403527],
[  8.4795407    6.83901527  52.69850512],
[  8.35859545   5.26310745  52.89240548],
[  9.95257748   4.44189477  52.91924289],
[  4.59017673  14.10888412  53.03317716],
[  7.91084603   9.64598623  53.14373244],
[  8.90589276   2.92927425  53.15838856],
[  7.53339674   9.60685568  53.26957817],
[  3.24119619  12.94475475  53.33432313],
[  4.57886978  12.15294794  53.86962675],
[  9.37339667   6.26253508  54.03943277],
[  8.6316064    6.36981331  54.12747121],
[  8.90272546  10.28175004  54.38867844],
[  8.95787158   3.17144959  54.57585225],
[  9.6195557    8.20029111  54.57713171],
[  7.9446489    6.47846581  54.69188461],
[  7.94495574   9.12073184  54.79174316],
[  6.30948076  10.39887326  54.91583114],
[  3.08036588  12.29760943  54.97453192],
[  6.30982112  10.30373581  55.08343282],
[  4.06392501  12.83202751  55.56505731],
[  8.42443927   6.33759456  55.56746171],
[  3.94296774  13.99798315  55.95621152],
[  8.00042924   9.83353645  56.07525062],
[  9.40549995   2.98774345  56.11611452],
[  5.69648071  11.71872094  56.22076746],
[  4.07405858  14.00122821  56.34809516],
[  6.65258766  12.49195743  56.37375983],
[  8.34672151   9.37199027  56.64182604],
[  2.55187172  12.22417942  56.74087442],
[  4.97874339  11.95976631  56.92593517],
[  8.52514629   4.94095662  57.08902098],
[  3.9834816   11.99712391  57.19241936],
[  7.58158213   7.40920391  57.25141605],
[  7.67109582   7.98846125  57.33430479],
[  9.57861067   5.92840563  57.48868098],
[  5.01206865  12.46682485  57.59973027],
[  4.83862287  12.21365278  57.72777477],
[  5.37325257  12.07553816  57.73839727],
[  4.30663088  11.27427584  57.88240508],
[  6.64024276  11.19865699  57.92611827],
[  6.36787463  11.49035906  58.09256362],
[  6.49188657   9.77362769  58.2412275 ],
[  6.31573771  12.77664646  58.3358324 ],
[  8.89915689   4.14139357  58.5491977 ],
[ 10.25588902   4.441061    58.58136583],
[  5.6071483   10.84551955  58.61908385],
[  9.86191986   4.61318632  58.63177657],
[  6.95682804  11.50748601  58.64080154],
[  8.89773152   8.69463884  58.68600995],
[  6.24730711  10.21330744  58.68795862],
[  8.67921984   4.24453149  58.90568328],
[  4.51362624  14.09551496  59.10286259],
[  2.99654177  13.5905341   59.12204986],
[  7.43155648  10.85465407  59.15142708],
[  7.97039288   8.23885629  59.18553457],
[  4.95260307  14.02424414  59.23439401],
[  4.67340597  11.69993423  59.30885098],
[ 10.21695811   5.28430942  59.32325123],
[  9.68971512   5.54941807  59.39315502],
[  5.62901608  11.96874767  59.6976393 ],
[  6.82105168  10.11058443  59.75216818],
[  8.8823533    9.73600052  59.79853492],
[  5.56860676  10.87839     60.00896631],
[  8.01007908   9.8062088   60.06548863],
[  4.23536538  13.98958605  60.11161001],
[  5.55762829  10.68628596  60.18696926],
[  9.49559003   4.62132853  60.20439354],
[  8.17710939   8.10485567  60.27581258],
[  6.49281202   9.5722499   60.5979482 ],
[  8.92087723   3.48528056  60.64855635],
[  3.01706504  11.76714878  60.67346412],
[  4.53462025  12.71907801  60.72563661],
[  8.7314469    4.17331237  61.17886329],
[  9.29396901   3.94903509  61.23619495],
[  5.59705665  11.21048978  61.24331534],
[  8.87569463   9.90746204  61.32601828],
[  5.6006836  10.5755341  61.3584063],
[  5.10151208  13.64778618  61.60731089],
[  6.81347112   9.91228359  61.69708566],
[  7.91340481  10.84775094  61.69727714],
[  5.15041034  11.50461536  61.83210019],
[  9.81952715   2.73917205  61.91054859],
[  9.60519478   3.98191634  61.99015376],
[  5.11431658  11.67075596  62.04269663],
[  6.72759607  10.6836014   62.05781884],
[  8.01275281   7.27038239  62.26577327],
[  8.88772343   5.63869573  62.50496523],
[  8.97768595   3.01100875  62.91223277],
[  8.53460784   7.97759679  63.0124931 ],
[  6.07716354  10.47729601  63.02731371],
[  8.01473636  10.20039183  63.03549029],
[  6.9426625   12.33538365  63.08411954],
[  3.17691106  12.14563228  63.25619512],
[  6.1786006   12.50781953  63.56117328],
[  8.46149763   7.7129582   63.60273528],
[  9.77983909   4.08035554  63.69075665],
[  7.58008482   8.96730609  63.96150396],
[  9.57399594   7.91749161  64.22644855],
[  4.39169611  13.64798634  64.2794838 ],
[  6.11317418  11.39399587  64.31296521],
[  8.73107273   8.12872235  64.44486785],
[  8.75268127   8.04207705  64.61149786],
[  6.46703621  12.97809182  64.66590856],
[  5.89740126  10.07892966  64.7250877 ],
[  4.1857607   12.92563483  64.74187577],
[  9.8828663    5.4240939   64.78848648],
[  6.16975932  10.33445419  64.86781716],
[  6.24843458  12.03953422  65.00443889],
[  8.91514394   3.81797236  65.0578482 ],
[  7.48195261   8.52891804  65.08341572],
[  2.88515232  13.08939721  65.08698808],
[  8.26540909   5.31141418  65.14702185],
[  2.64534534  12.89276128  65.2815019 ],
[  4.84637848  12.32915178  65.32846153],
[  4.47091509  11.9969996   65.44680177],
[  9.20677784   3.55214457  65.52547219],
[  7.92338254   6.30121081  65.66765124],
[  6.93052362  11.83434098  65.70893059],
[  4.99522891  11.27751838  65.78869961],
[  5.87486676  12.21608479  65.79350617],
[  6.71135018   9.96230731  66.04647242],
[  8.021298    10.76268502  66.4685039 ],
[  8.36393697   7.27433913  67.14166814],
[  7.98686081   6.20453532  67.38439244],
[  6.62302192   9.68642234  67.40837253],
[  5.90167886  13.55848859  67.56245745],
[  3.08279889  13.84397472  67.67632576],
[  9.44941892   4.62168994  67.86175631],
[  8.39478058   4.6477592   67.88111648],
[  9.48929379   6.92957595  67.99367514],
[  8.3983648   10.70669031  68.0650191 ],
[  8.3338515   10.09803212  68.06917042],
[  7.45576013  10.22915743  68.10701039],
[  7.27862451  10.11316401  68.18920938],
[  9.27435339   5.40812531  68.24940302],
[  7.89803814  10.85232775  68.4257788 ],
[  4.94318127  13.14733574  68.47155169],
[  8.55361909   5.67490689  68.55660858],
[  3.13258972  11.51964936  68.69846431],
[  8.06352507   8.91866169  68.73372957],
[  3.16184015  12.89068661  68.89194063],
[  6.29715235   9.75435796  69.06422428],
[  9.07093324   7.11157533  69.20105504],
[  9.82097352   4.03750537  69.25130693],
[  3.34891833  12.73225443  69.61225671],
[  8.63572619   7.14815427  69.65170158],
[  8.73631399   3.88257064  69.70548997],
[  3.64681984  12.55026148  69.85091255],
[  4.93037994  13.67469478  69.85325778],
[  9.2696179    5.62741414  69.86692981],
[  6.29088906  12.53041828  69.87767992],
[  8.70563262   4.32178547  69.91872399],
[  7.10614176   9.37078005  69.93655559],
[  6.64052878  10.38998036  70.2367091 ],
[  8.18820334   9.30791935  70.25069541],
[  3.08652631  11.6156633   70.31074397],
[  7.83388136  11.65776399  70.321458  ],
[  7.39067961  10.50957625  70.45034604],
[  6.65505527  12.9031744   70.56180876],
[  8.84660262   5.36070739  70.79428723],
[  3.83597894  13.12803717  70.93108996],
[  4.80896448  13.30107295  71.00609783],
[  5.74038952  11.76676842  71.03584338],
[  9.4538034    2.99709923  71.22072204],
[  5.91007974  10.79150639  71.37722147],
[  3.63122597  12.1765807   71.45620832],
[  5.2900248   10.87635155  71.60552279],
[  5.67901956  11.94528228  71.82930183],
[  5.14270188  10.88930303  71.84867752],
[  3.90341857  11.57907427  72.15180116],
[  5.19770231  12.33142301  72.28042498],
[  8.8705112    9.01796552  72.35947185],
[  8.42913962  11.30048111  72.4276997 ],
[  7.41797192  11.65743172  72.5581786 ],
[  8.16909874   9.85402513  72.61920039],
[  5.34996819  13.0572803   72.94481376],
[  7.99861425   6.42549472  73.20778013],
[  5.27044362  13.88676166  73.32714788],
[  9.14042308   2.77456863  73.3515071 ],
[  9.69696933   4.25822209  73.37475251],
[ 10.22472757   4.52053057  73.43628254],
[  6.93218601  12.15695406  73.4634335 ],
[  4.41239418  12.57244465  73.53494685],
[  4.28695085  11.20878385  73.59630588],
[  5.60820056  12.51711696  73.66354897],
[  6.4668719   11.31193231  73.72545608],
[  9.2895626    4.30742791  73.95861557],
[  3.4374344   12.90254417  74.06781047],
[  2.8123897  12.1014615  74.1055995],
[  9.96429567   5.15402469  74.11572957],
[  9.61662488   4.16972553  74.12603247],
[  9.9673       5.78223103  74.25575993],
[  8.45214998   3.53723416  74.29006978],
[  7.53564756   9.42428033  74.41042483],
[  6.37254849  13.24882572  74.41674357],
[  3.10243324  12.08481941  74.42549021],
[  8.24657046   9.85728265  74.52870622],
[  8.38346791   8.99978428  74.54223878],
[  3.01450123  13.88638663  74.55701566],
[  8.44146765  10.60422937  74.72555608],
[  8.33393971   5.13840452  74.79304935],
[  9.5194949    7.65030979  74.80355463],
[  6.70601822  13.06337798  74.89339367],
[  3.40729618  13.33423801  75.06986679],
[  6.84600101  10.93843499  75.29628277],
[  4.46993834  14.12425015  75.31014094],
[  9.26015138   6.19221344  75.48496961],
[  3.89966926  12.32682572  75.6633264 ],
[  8.80335818   5.60309176  75.7210389 ],
[  4.57691657  12.38497973  75.73479336],
[  3.74191617  13.93204284  75.73566684],
[  5.72244453  11.67279592  75.79347349],
[  9.29955      4.81822195  75.83527174],
[  4.76785476  10.93808947  75.85100704],
[  3.58516959  12.85770593  75.90275819],
[  4.88449003  13.62515415  75.90575173],
[  3.11538651  12.12401486  75.94631035],
[  6.06452197  11.73378034  75.94971935],
[  8.43187464  11.24659763  76.12153305],
[  8.5220156    9.39713776  76.17409232],
[  2.77336454  11.72376436  76.67961399],
[  8.63372072   9.28669592  76.68731199],
[  7.5212172    7.63460241  76.73430723],
[  8.80957928   4.17282919  76.81099726],
[  7.11309165  12.21904992  76.83749526],
[  8.28854899   6.97835168  76.8664398 ],
[  7.16538426  11.12682152  76.90989081],
[  7.59145213   8.66122983  76.94234216],
[  4.9359587   11.70442022  77.06410827],
[  9.49250044   8.0515346   77.11930856],
[  9.90768231   3.51488868  77.13703087],
[  6.86840286  10.66361466  77.40537222],
[  5.38324521  12.94072669  77.90982404],
[  9.44867602   3.74498755  77.92089013],
[  8.52985111   3.85329428  78.07334631],
[  3.38335759  14.21245952  78.07640836],
[  8.24174484   6.93982647  78.12790511],
[  6.92251593  11.06441211  78.18937559],
[  9.74526966   6.00649     78.23073773],
[  4.45774514  13.15294364  78.5653837 ],
[  3.95928246  14.40785804  78.63458215],
[  5.2000386   11.53039137  78.67010891],
[  9.58623708   3.20972681  78.78188488],
[  7.46085582   9.94782282  78.86269245],
[  7.63505401   9.22584268  78.99394562],
[  7.6467915   10.13394348  79.01605636],
[  6.18648942  13.27936409  79.17512205],
[  4.45031095  12.62981407  79.21370021],
[  3.00722961  12.97224723  79.23538444],
[  8.17054537   9.99060938  79.42241062],
[  9.11550294   9.90821437  79.46403401],
[  8.37545089  11.27181767  79.6156655 ],
[  8.40493903   6.72164745  79.70594579],
[  4.08854564  11.52639916  79.72769057],
[  2.86809514  12.07740001  79.79178399],
[  9.48343215   2.94999704  80.1526197 ],
[  5.4495362   11.01149401  80.15906997],
[  7.75659831  11.53438709  80.2785125 ],
[  7.73147429   9.49971205  80.28264194],
[  8.6854816   8.25706    80.3382512],
[  3.45010821  13.29829408  80.33854674],
[  9.25566829   4.69338716  80.68180357],
[  9.25864122   4.39567198  80.79552782],
[  7.42452242   9.79916215  80.80273291],
[  5.69550623  12.03407773  80.98999994],
[  7.57318077  10.99314364  81.18479786],
[  5.60637399  13.45684187  81.26362976],
[  4.0727826   14.4077981   81.34997725],
[  9.03095901   5.11956369  81.35531859],
[  8.06046774   9.35427573  81.51084154],
[  8.51683138   5.18373363  81.54644972],
[ 10.20218136   5.50020996  81.55536247],
[  6.125195    12.57497613  81.5651503 ],
[  2.93395894  11.85919073  81.5707448 ],
[  3.47152826  13.52700461  81.83216521],
[ 10.04062509   6.09109785  81.98298166],
[  4.36290763  12.65475511  82.01933465],
[  9.65798658   4.54930897  82.04413118],
[  3.84211954  12.3235558   82.24516995],
[  5.86873263  11.58334487  82.33108657],
[  9.40931347   3.6979037   82.36595944],
[  4.31786149  11.40979616  82.51153488],
[  9.36056402   8.85513745  82.61493498],
[ 10.10201852   4.32838851  82.63505529],
[  9.3104899    3.73305186  82.64198443],
[  5.45074416  11.60175038  82.70641984],
[  4.75306431  11.29833583  82.82982878],
[  9.22910306   9.39567163  82.83566686],
[  3.05297208  14.20616252  83.03077902],
[  9.17013756   6.07439058  83.04997253],
[  9.64565879   7.19769345  83.14827274],
[  4.49822919  11.9810276   83.43925284],
[  9.45860129   8.4915623   83.62249559],
[  4.88879395  13.34565927  83.68671328],
[  7.24662328  10.41144561  83.80694776],
[  9.3824434    2.85740533  83.82991465],
[  8.44878776   8.12473064  83.9304383 ],
[  4.57710682  14.14120584  83.99812827],
[  7.47373753  12.20444522  84.04850335],
[  5.78324384  12.63409825  84.10888366],
[  4.05303385  11.12622745  84.17479686],
[  6.6420263   11.55571466  84.3759165 ],
[  7.85089102   7.50282191  84.44455959],
[  3.84305985  13.57864769  84.51269443],
[  4.75309564  11.30151855  84.52763692],
[  9.35618559   8.55203999  84.53039352],
[  2.84943912  14.44493349  84.8083989 ],
[  5.8612684   10.52961561  85.04380169],
[  9.00330561   6.90378092  85.5996259 ],
[  6.99862345  10.48737904  85.69726256],
[  8.37228289   3.85551316  86.01860282],
[  4.23823522  11.11745225  86.03651574],
[  6.39735203  12.69846358  86.05203321],
[  6.2704878    9.82339747  86.06763957],
[  7.86690182  10.62770842  86.10722702],
[  8.23128259  10.87406608  86.24984977],
[  9.73034679   6.78846853  86.27816336],
[  6.19057459  12.20494261  86.30813433],
[  7.73950264   9.74990702  86.4608457 ],
[  7.21384126  11.75227884  86.48252258],
[  3.92735166  12.75431862  86.56830962],
[  7.95274469  10.36844401  86.72889322],
[  9.82577912   2.75581345  86.75715466],
[  9.85209081   4.12651433  86.7734289 ],
[  3.89235535  13.54656972  86.83073768],
[  7.7401742    7.71335063  86.83603701],
[  8.11649763  10.34610626  86.90034157],
[  4.81497794  13.67317695  86.91525109],
[  6.11309408  13.30823948  86.93342519],
[  8.92635493   9.17286599  87.10802089],
[  6.33900501  13.02996805  87.12491282],
[  8.82080845   8.66770725  87.1348291 ],
[  7.40839999   8.23829674  87.18810255],
[  5.42016281  13.09185564  87.23145905],
[  6.18929818  10.64373991  87.32290916],
[  5.99313262  10.16706138  87.39927051],
[  4.0324611  12.6388403  87.428189 ],
[  8.80534045  10.70369094  87.43668774],
[  5.53453323  11.9973921   87.5954951 ],
[  2.77436513  12.9626963   87.61249925],
[  6.71336479  12.45387643  87.69228935],
[  7.97026478   6.55019272  87.87248417],
[  5.13323034  11.82338529  87.88561094],
[  8.874266     5.73381836  88.17788406],
[  8.20971691   6.32126547  88.21920876],
[  9.52253549   2.89669586  88.23421361],
[  8.94735705   4.45015349  88.30684836],
[  8.64531235   3.20533706  88.36654941],
[  4.04460386  14.0713697   88.61772497],
[  7.72966353   7.29253911  88.70704297],
[  8.43933447  11.27520913  88.84239303],
[  6.29485349  11.47198326  88.96938887],
[  3.10102455  12.60505893  89.05625757],
[  7.95255296   9.31064976  89.07941508],
[  8.92076842   5.55798858  89.1095044 ],
[  8.26697627   4.5589264   89.20692891],
[  6.8501517    9.83401964  89.41654145],
[  8.05579294   9.80772997  89.47624545],
[ 10.02737468   3.81781322  90.03405482],
[  4.09905418  11.43924464  90.30011355],
[  7.13772011   9.3598558   90.36247669],
[  8.23644347  10.56842538  90.37435571],
[  9.0321374    4.69686017  90.45795989],
[  6.51543175  12.99825584  90.56057575],
[  5.54173971  11.12012048  90.72642613],
[  9.27181913   7.38439833  90.81749124],
[  9.45369286   7.53681986  90.99227909],
[  8.74632513   7.21319756  91.16828959],
[  9.40663708   3.50405655  91.19783322],
[  8.65121245   8.0098239   91.20052208],
[  9.83346207   4.59208625  91.35443965],
[  9.58619557   5.46078139  91.41622463],
[  4.60410995  12.86292202  91.5720783 ],
[  5.22656096  12.67629733  91.57884876],
[ 10.33372672   4.7944814   91.58629194],
[  9.17164575   8.60121946  91.63879934],
[  4.84694817  12.04254565  91.67844637],
[  4.18615128  13.55060076  91.81904769],
[  8.09159827   7.88878782  91.90580696],
[  4.20337196  11.08634761  92.06011222],
[  9.61517528   6.97038002  92.09218475],
[  9.52952177   8.2322646   92.27157069],
[  3.56615325  13.39218671  92.39318173],
[  8.55040265   7.74185791  92.44841421],
[  6.64969185   9.89780044  92.45787156],
[  8.2381446    3.65009235  92.50442792],
[  7.19621857   9.96343367  92.53552671],
[  9.60147049   7.57137813  92.68495087],
[ 10.02411245   4.4281595   92.69880984],
[  5.48847634  13.07251487  92.9676654 ],
[  8.9470623    4.92755751  93.11500144],
[  4.38555361  11.43335754  93.16888468],
[  9.10092567   7.73555263  93.17457765],
[ 10.04983935   6.08603544  93.20116216],
[  9.09964325   2.81960204  93.35019485],
[  9.69902822   3.5443326   93.37441362],
[  3.54032457  12.05987933  93.42307488],
[  7.73178564  10.69102136  93.56089801],
[  7.14097193  12.24481972  93.76882919],
[  7.73350297   9.4138782   93.94874876],
[  5.16497432  13.97887856  94.05978534],
[  4.29593364  11.25023113  94.13479621],
[  7.54022885  10.22330464  94.17671969],
[  5.52068427  13.73685432  94.5157176 ],
[  8.73080432   6.4958028   94.53969462],
[  8.2111362    6.86932119  94.57013434],
[  7.53307647   7.78629807  94.61202879],
[  9.24062581   9.15776033  94.65360832],
[  5.00338178  12.03022393  94.66261194],
[  3.50520239  11.46707378  94.75632325],
[  5.61399359  12.53703957  95.03966882],
[  8.70112808   6.16692859  95.11771871],
[  8.95787397  10.01579673  95.20306164],
[  8.60915553   5.19864918  95.29065359],
[  4.14720842  13.86770863  95.3794968 ],
[  5.50142574  11.6140623   95.54251428],
[  9.48305646   3.66737579  95.62898983],
[  6.58317007  12.83260652  95.68686107],
[  8.68824956   3.32308409  95.75460331],
[  4.61371374  12.87087073  95.91130725],
[  7.43531791  11.14574684  95.95213239],
[  9.45591184   6.11346217  96.02262598],
[  8.76633155   5.48998024  96.04519737],
[  9.78122663   3.93148962  96.05134396],
[  8.83839403   3.6901747   96.17252259],
[  5.29976158  11.19918341  96.5124081 ],
[  8.73513566  10.88918452  96.62467927],
[  3.1292852   11.49275371  96.62930625],
[  8.60376477  10.99374703  96.66361181],
[  4.30651965  12.66577688  96.76206173],
[  9.60222669   2.42520722  96.81830915],
[  6.23411987  10.1595329   96.88981274],
[  5.6532671   12.13500849  97.11542092],
[  4.03705983  14.22338097  97.31062677],
[  8.29787441   7.5524401   97.48317818],
[  7.95405292   9.64630758  97.60509669],
[  7.22952101  12.02730227  97.6313564 ],
[  7.31623625  12.54551165  97.66077993],
[  5.93023492  13.1109391   97.69109287],
[  8.51979073   3.8436529   97.71392362],
[  8.44856548   6.02937095  97.85980879],
[  9.88733199   5.76068016  98.03902827],
[  9.08770146   8.96095528  98.10580189],
[  5.86496554  12.00492857  98.17705602],
[  6.85139184  10.05023244  98.20654417],
[  3.4887648   11.80762118  98.25064066],
[  9.25542082   2.62709249  98.46449234],
[  4.63332509  14.0636912   98.49817839],
[  7.60624529  11.19159493  98.53466871],
[  9.07513479   6.05338665  98.6529133 ],
[  5.08478976  11.51485909  98.67909912],
[  5.83104785  10.20966663  98.89031482],
[  8.28721329   6.09596887  99.21562997],
[ 10.22144669   4.1593192   99.39389324],
[  9.28135357   4.62359265  99.43000931],
[  3.31533877  14.51403805  99.54663325],
[  4.95081936  13.89680635  99.55720894],
[  5.52654842  11.6974967   99.62516709],
[  8.94520464   6.93803809  99.6471893 ],
[  8.54638547   9.15613933  99.65187314],
[  8.47900388   3.69650727  99.66960914],
[  6.93577362  10.88984118  99.72038224],
[  4.38211103  13.68089507  99.78404179],
[  5.50100918  13.75363142  99.79787454],
[  6.71737179   9.70048392  99.83884514],
[  5.34138944  12.42226989  99.8692388 ],
