[ 6.1554548   5.7668178   0.08751788],
[ 5.67577191  6.97268427  0.30373218],
[ 2.67088694  8.93291131  0.44044491],
[ 2.31898869  8.96810113  0.55071613],
[ 5.27711086  7.64859276  0.63864343],
[ 5.09031528  7.77312315  0.70553064],
[ 6.13498988  5.79751518  0.77029841],
[ 6.46710128  5.29934808  0.95613699],
[ 3.70876976  8.6164921   0.99046594],
[ 5.72453227  6.82640318  1.06832203],
[ 4.15512983  8.39658012  1.08411917],
[ 4.24996432  8.33335712  1.31228008],
[ 4.9184295   7.88771367  1.4056248 ],
[ 5.25267076  7.66488616  1.40896581],
[ 3.86684373  8.55326251  1.55942455],
[ 6.40879013  5.3868148   1.69826321],
[ 2.69237242  8.93076276  1.71956042],
[ 2.78742423  8.92125758  1.88998787],
[ 4.8345875   7.94360833  1.93074025],
[ 6.4869426   5.2695861   2.02735129],
[ 2.59519008  8.94048099  2.0969644 ],
[ 2.6633383   8.93366617  2.0994139 ],
[ 5.52559945  7.42320166  2.45082697],
[ 5.50595731  7.48212808  2.45614374],
[ 5.86319762  6.41040714  2.54682204],
[ 6.50635356  5.24046966  2.63044786],
[ 2.54477878  8.94552212  2.95244178],
[ 5.6789631   6.96311069  3.29370277],
[ 3.22982629  8.80806948  3.35567087],
[ 6.44221948  5.33667078  3.45848787],
[ 3.40168096  8.73932762  3.47096603],
[ 6.06948823  5.89576766  3.65541517],
[ 4.38344939  8.24436707  3.7637509 ],
[ 4.70590524  8.02939651  3.79397906],
[ 6.63280297  5.05079554  3.83406464],
[ 6.89380396  4.65929407  3.85951402],
[ 4.96907801  7.85394799  3.93089553],
[ 4.48940372  8.17373085  4.10153202],
[ 2.74476089  8.92552391  4.11216644],
[ 4.71790194  8.02139871  4.11308978],
[ 5.53230005  7.40309984  4.35626436],
[ 6.74782161  4.87826759  4.36706758],
[ 6.76512904  4.85230644  4.43466569],
[ 5.01559185  7.82293877  4.50926214],
[ 2.9587951   8.90412049  4.82906995],
[ 5.10256073  7.76495951  4.87768047],
[ 5.39778993  7.56814005  5.14890453],
[ 4.44953573  8.20030951  5.27680139],
[ 6.56787435  5.14818847  5.47498661],
[ 6.57132332  5.14301503  5.54108542],
[ 6.11940973  5.82088541  5.65178501],
[ 3.93366727  8.52653309  5.713343  ],
[ 4.44707704  8.20194864  5.74765912],
[ 5.369129    7.58724734  5.97293231],
[ 4.52616554  8.14922297  6.06969802],
[ 4.8362777   7.94248153  6.28170938],
[ 6.0133493   5.97997605  6.53686682],
[ 2.71313258  8.92868674  6.5754556 ],
[ 2.41510606  8.95848939  6.76595783],
[ 2.44654028  8.95534597  6.83333737],
[ 2.34157882  8.96584212  6.90485139],
[ 3.50633459  8.69746617  6.9340723 ],
[ 6.30473116  5.54290327  7.02925706],
[ 6.85212863  4.72180706  7.04755045],
[ 5.62137364  7.13587909  7.08843304],
[ 6.46598991  5.30101513  7.13997442],
[ 5.25645166  7.66236556  7.29694538],
[ 4.6098904   8.0934064   7.55167328],
[ 4.38843196  8.24104536  7.60321227],
[ 6.206624    5.69006399  7.65080839],
[ 6.89076509  4.66385236  7.70532119],
[ 2.93794604  8.9062054   7.83079388],
[ 5.61356271  7.15931188  7.93615158],
[ 6.83022241  4.75466638  8.22185484],
[ 4.52212874  8.15191418  8.3347376 ],
[ 6.18452409  5.72321387  8.65147712],
[ 5.60040333  7.19879001  8.65898031],
[ 2.38585987  8.96141401  8.73941212],
[ 6.51008002  5.23487998  8.78305696],
[ 2.95319964  8.90468004  8.79440447],
[ 6.80933897  4.78599154  8.95326478],
[ 6.21343155  5.67985268  9.02216966],
[ 6.23703356  5.64444965  9.27193276],
[ 2.75037722  8.92496228  9.34179369],
[ 4.55277828  8.13148115  9.37134689],
[ 4.19560922  8.36959385  9.4512386 ],
[ 4.45523876  8.19650749  9.65885023],
[ 2.80161472  8.91983853  9.67126235],
[ 5.85821153  6.42536541  9.78468371],
[ 6.48414721  5.27377918  9.97111593],
[ 6.6757122   4.98643169  9.98372257],
[  6.49759558   5.25360663  10.00158367],
[  4.14878295   8.40081137  10.12214482],
[  3.31433306   8.77426677  10.16052901],
[  4.06577343   8.45615104  10.16516295],
[  3.33810237   8.76475905  10.16649966],
[  3.07703962   8.86918415  10.21753175],
[  2.24934924   8.97506508  10.40300123],
[  4.42429991   8.21713339  10.41044851],
[  6.2981935    5.55270975  10.52567694],
[  6.31140506   5.5328924   10.5280668 ],
[  2.14639914   8.98536009  10.54971082],
[  5.74228553   6.7731434   10.80967279],
[  4.51596745   8.1560217   10.84813653],
[  6.42267247   5.3659913   10.9955794 ],
[  5.84951126   6.45146622  11.11980452],
[  5.77630965   6.67107104  11.15958011],
[  2.69507149   8.93049285  11.39253536],
[  6.5507722    5.1738417   11.48113025],
[  4.30296085   8.2980261   11.53687398],
[  5.54171523   7.37485432  11.57237364],
[  4.73521198   8.00985868  11.64436382],
[  3.92312711   8.53074916  11.86433669],
[  4.50637074   8.16241951  11.8674353 ],
[  5.52864677   7.4140597   12.24855528],
[  4.14918366   8.40054423  12.72136699],
[  5.83392265   6.49823205  12.72770286],
[  6.39765845   5.40351233  12.75006473],
[  6.75781656   4.86327516  12.81960102],
[  5.37123407   7.58584396  12.97798218],
[  5.5317409    7.4047773   13.01120345],
[  6.16884183   5.74673726  13.01820359],
[  5.51125507   7.46623478  13.09534316],
[  2.18759987   8.98124001  13.22609457],
[  5.6157209    7.1528373   13.30854568],
[  2.90168729   8.90983127  13.38449133],
[  3.51367004   8.69453198  13.71453095],
[  3.31981898   8.77207241  13.81520357],
[  5.65342489   7.03972533  14.09596453],
[  2.39896675   8.96010333  14.46788472],
[  6.90323536   4.64514695  14.48339787],
[  6.09795185   5.85307222  14.58902743],
[  6.92697301   4.60954048  15.12789914],
[  6.62776975   5.05834538  15.25186585],
[  6.60331758   5.09502363  15.41969761],
[  5.33860225   7.6075985   15.43250586],
[  4.40042518   8.23304988  15.44134229],
[  2.26372298   8.9736277   15.46872977],
[  2.44173499   8.9558265   15.63416091],
[  5.4151834    7.5565444   15.73080382],
[  4.58253935   8.11164043  15.74042624],
[  3.55396191   8.67841523  15.8989548 ],
[  4.9577143    7.8615238   16.15109751],
[  6.44417073   5.33374391  16.23919759],
[  6.00825283   5.98762076  16.30542095],
[  5.01773812   7.82150792  16.37666423],
[  6.81264201   4.78103699  16.38423139],
[  4.34596803   8.26935465  16.57451974],
[  6.49515119   5.25727322  16.63411385],
[  4.5393994    8.1404004   16.64982667],
[  2.05954532   8.99404547  16.6561498 ],
[  2.3330369    8.96669631  16.68727132],
[  3.70394683   8.61842127  16.74526632],
[  2.16263159   8.98373684  16.91856341],
[  4.11535739   8.42309507  16.94356612],
[  6.67714308   4.98428538  16.99429133],
[  4.70177525   8.03214983  17.25550053],
[  4.6966713    8.03555247  17.4478826 ],
[  5.61881598   7.14355207  17.57249696],
[  4.95551651   7.86298899  17.67045658],
[  6.5418521    5.18722185  17.99279802],
[  4.8930382    7.9046412   18.22247668],
[  3.34453203   8.76218719  18.27661608],
[  6.885714     4.67142901  18.29552331],
[  5.91030387   6.2690884   18.31927215],
[  6.641203     5.03819549  18.39634054],
[  2.49309641   8.95069036  18.40196777],
[  5.09034653   7.77310231  18.53431526],
[  4.27969413   8.31353725  18.76615253],
[  6.71603871   4.92594194  18.8081559 ],
[  6.09567889   5.85648167  18.84389245],
[  2.06168479   8.99383152  18.89595416],
[  4.71807219   8.02128521  18.90022165],
[  6.25514983   5.61727526  18.9002411 ],
[  6.04044215   5.93933678  19.04866092],
[  5.04344709   7.80436861  19.08529296],
[  6.96670541   4.54994188  19.1248589 ],
[  4.75881107   7.99412595  19.24526855],
[  3.21963792   8.81214483  19.49460554],
[  6.99199943   4.51200085  19.58895618],
[  6.42548662   5.36177007  19.75459997],
[  5.81990174   6.54029477  19.79996735],
[  3.0619922    8.87520312  19.87524004],
[  6.23993806   5.6400929   20.20211643],
[  3.07996098   8.86801561  20.25661129],
[  6.92499349   4.61250976  20.33491113],
[  6.8969511    4.65457335  20.39186563],
[  6.83626908   4.74559638  20.40600865],
[  2.01798873   8.99820113  20.41607656],
[  5.26481923   7.65678718  20.41638041],
[  6.83705258   4.74442113  20.52888966],
[  2.69843315   8.93015669  20.66736807],
[  4.74632517   8.00244989  20.67741993],
[  6.45857582   5.31213627  20.73687179],
[  3.82340793   8.57063683  21.03138255],
[  3.98327441   8.50669023  21.16662494],
[  5.8226514    6.53204579  21.26276534],
[  2.40074801   8.9599252   21.2974493 ],
[  5.66514411   7.00456768  21.37198258],
[  6.72735815   4.90896277  21.37279601],
[  3.30781211   8.77687516  21.44688229],
[  2.78436062   8.92156394  21.45258683],
[  5.69970709   6.90087873  21.46346696],
[  5.49228058   7.50514628  21.56836233],
[  4.9396109    7.87359273  21.5800082 ],
[  2.59640512   8.94035949  21.76228816],
[  5.99337219   6.01988343  21.81990174],
[  5.55258248   7.34225256  21.8593905 ],
[  4.39425265   8.2371649   21.96342579],
[  6.89483204   4.65775194  22.0286986 ],
[  6.25706558   5.61440163  22.06918537],
[  6.23211853   5.6518222   22.12760971],
[  2.37049138   8.96295086  22.19490449],
[  5.46137062   7.52575292  22.3327125 ],
[  5.07781218   7.78145854  22.47316685],
[  4.60645754   8.09569497  22.52811119],
[  6.91335743   4.62996385  22.73322528],
[  6.06090037   5.90864944  22.94689981],
[  4.58243651   8.11170899  22.98297158],
[  6.88237137   4.67644295  23.20465711],
[  6.64737351   5.02893973  23.22778481],
[  6.77265334   4.84101999  23.32874175],
[  5.89158757   6.32523729  23.36348235],
[  6.2254058    5.6618913   23.40040477],
[  6.12562315   5.81156528  23.55957389],
[  5.09299235   7.77133843  23.6064379 ],
[  6.52110124   5.21834815  23.69540279],
[  5.54926426   7.35220723  23.86590477],
[  6.93221656   4.60167516  23.92043603],
[  2.25673105   8.9743269   23.93007947],
[  5.2112732    7.69248453  23.94887392],
[  6.05155519   5.92266721  23.99380526],
[  5.94792507   6.15622478  24.0074895 ],
[  6.78432561   4.82351158  24.03034728],
[  5.44558098   7.53627935  24.18336473],
[  3.75494653   8.59802139  24.20361044],
[  3.50648392   8.69740643  24.36871626],
[  6.61568117   5.07647824  24.42233515],
[  4.32483876   8.28344082  24.48251134],
[  5.38023276   7.57984483  24.49570091],
[  2.07744808   8.99225519  24.59359938],
[  4.04696347   8.46869102  24.61806237],
[  6.29752542   5.55371187  24.62527858],
[  5.07139877   7.78573415  24.65522588],
[  4.7450237    8.00331753  24.90638171],
[  3.46495528   8.71401789  24.90970327],
[  5.20436498   7.69709001  25.16891335],
[  2.70595165   8.92940483  25.18482607],
[  4.11615078   8.42256614  25.21619107],
[  2.65611239   8.93438876  25.26971267],
[  5.78544763   6.6436571   25.38600694],
[  5.79404323   6.61787032  25.52339897],
[  6.3366788    5.49498181  25.56362852],
[  3.21447938   8.81420825  25.75617949],
[  4.41485415   8.22343057  25.82291787],
[  3.99954356   8.50018257  25.9722197 ],
[  3.59423663   8.66230535  26.1202232 ],
[  2.55641329   8.94435867  26.14722987],
[  6.11136736   5.83294896  26.22814899],
[  5.64885566   7.05343301  26.5576638 ],
[  4.28094312   8.31270459  26.61638983],
[  3.64926105   8.64029558  26.79306308],
[  4.03272756   8.47818163  26.8359228 ],
[  6.56130813   5.1580378   27.04944706],
[  2.48654405   8.9513456   27.21872577],
[  5.74472105   6.76583685  27.42006017],
[  5.66007102   7.01978693  27.5019833 ],
[  5.31350583   7.62432945  27.54037045],
[  6.54722681   5.17915978  27.60183953],
[  3.6768652    8.62925392  27.68795046],
[  5.69624617   6.9112615   27.74610869],
[  4.86476851   7.92348766  27.7698486 ],
[  3.23088517   8.80764593  27.77737748],
[  6.0330225    5.95046625  27.78363779],
[  4.76151075   7.99232617  27.9278862 ],
[  6.77470277   4.83794585  28.24258547],
[  2.4226562    8.95773438  28.33976867],
[  2.26510408   8.97348959  28.45393488],
[  6.08690006   5.86964991  28.5095811 ],
[  3.49263285   8.70294686  28.52184555],
[  5.31036289   7.62642474  29.04532213],
[  5.20779787   7.69480142  29.09091916],
[  6.59973635   5.10039547  29.13186174],
[  3.01444953   8.89422019  29.15124001],
[  4.64537521   8.06974986  29.19093337],
[  5.6578142   7.0265574  29.2012567],
[  4.53139499   8.14573667  29.22973819],
[  4.32502875   8.28331417  29.23825084],
[  2.4024108    8.95975892  29.3988794 ],
[  6.54471211   5.18293183  29.41018731],
[  5.51318147   7.46045558  29.60472706],
[  6.44627945   5.33058083  29.75544993],
[  6.05335745   5.91996383  29.8395852 ],
[  6.82064512   4.76903233  29.88364927],
[  5.81720832   6.54837505  29.95642288],
[  4.09770912   8.43486058  30.19735182],
[  6.3197328    5.52040079  30.23153243],
[  3.97584735   8.50966106  30.32762452],
[  5.48711311   7.50859126  30.33328627],
[  4.28088656   8.31274229  30.34213917],
[  6.81943538   4.77084693  30.36149822],
[  3.48673563   8.70530575  30.41798165],
[  3.17497526   8.8300099   30.52076046],
[  2.84731459   8.91526854  30.5562208 ],
[  4.21970072   8.35353285  30.74468178],
[  4.24055134   8.33963244  30.7522985 ],
[  6.48850148   5.26724778  30.77595401],
[  2.577487     8.9422513   30.80265505],
[  5.89695549   6.30913354  30.80888872],
[  5.46357569   7.52428287  30.92969499],
[  5.51291784   7.46124648  30.93613691],
[  2.37322633   8.96267737  31.16232394],
[  5.19809356   7.70127096  31.48240286],
[  2.53652542   8.94634746  31.57075679],
[  5.66457323   7.00628032  31.66264116],
[  6.97427089   4.53859367  31.68268754],
[  4.88452812   7.91031459  31.80441953],
[  2.55812534   8.94418747  31.9667829 ],
[  6.2675978    5.59860331  32.03903466],
[  3.00482331   8.89807068  32.08878974],
[  2.91262316   8.90873768  32.10059816],
[  3.93578572   8.52568571  32.10399271],
[  2.21610241   8.97838976  32.31289458],
[  4.36973241   8.25351173  32.43073439],
[  6.20847659   5.68728511  32.57366212],
[  5.83442279   6.49673164  32.57594064],
[  5.96780551   6.09658348  32.801028  ],
[  3.86646054   8.55341578  32.80159335],
[  5.11460584   7.75692944  32.8324764 ],
[  6.60652998   5.09020503  32.83478601],
[  4.7765963    7.98226913  33.32318525],
[  5.72613434   6.82159699  33.39859059],
[  4.67619305   8.04920463  33.44141476],
[  6.14444439   5.78333341  33.50000924],
[  6.66828845   4.99756732  33.59409504],
[  6.2133531    5.67997035  33.61687245],
[  4.67272034   8.05151977  33.63231218],
[  2.12280212   8.98771979  33.72112547],
[  6.36480645   5.45279033  33.76700141],
[  6.73509871   4.89735194  33.76820312],
[  4.95736105   7.8617593   34.14222691],
[  6.67268858   4.99096713  34.15217247],
[  4.50594204   8.1627053   34.15475465],
[  5.03551667   7.80965555  34.15941218],
[  6.95939603   4.56090596  34.19432508],
[  4.80669456   7.96220363  34.32070251],
[  4.9558782    7.86274786  34.33623866],
[  3.92047341   8.53181063  34.39328763],
[  6.37572904   5.43640644  34.4027792 ],
[  6.88932295   4.66601557  34.40789593],
[  3.80856044   8.57657583  34.47468502],
[  4.3174734    8.28835107  34.59122884],
[  5.54524766   7.36425701  34.71131196],
[  4.10059172   8.43293886  34.82396479],
[  5.12929879   7.74713414  34.93077878],
[  5.25272077   7.66485282  35.05168843],
[  3.93536369   8.52585453  35.09439406],
[  6.56221734   5.15667399  35.23311401],
[  5.5764379    7.27068631  35.37679496],
[  5.08211969   7.77858687  35.77230407],
[  6.32158241   5.51762638  35.87458642],
[  6.34307022   5.48539467  35.90673715],
[  6.0770094    5.88448591  35.92563558],
[  6.96821481   4.54767778  36.29754527],
[  5.65601543   7.0319537   36.33627803],
[  6.54679063   5.17981405  36.34754393],
[  6.           6.          36.37560537],
[  4.68605165   8.04263224  36.39589944],
[  6.79628729   4.80556906  36.43498331],
[  6.56654717   5.15017925  36.48014745],
[  6.25335796   5.61996306  36.57120679],
[  6.68540215   4.97189678  36.59582698],
[  5.75939174   6.72182478  36.63334472],
[  6.83149675   4.75275487  36.96869348],
[  2.24663574   8.97533643  37.05330148],
[  3.99219528   8.50312189  37.12899648],
[  4.23553871   8.34297419  37.16683368],
[  5.81796147   6.54611559  37.23505572],
[  4.18144521   8.37903653  37.49992527],
[  6.08106687   5.8783997   37.5692805 ],
[  5.02962454   7.81358364  37.70669816],
[  6.4549649    5.31755266  38.13324047],
[  3.40672412   8.73731035  38.4984193 ],
[  3.26155181   8.79537928  38.50208106],
[  6.91918561   4.62122158  38.5037874 ],
[  5.47269896   7.51820069  38.54230637],
[  5.89027043   6.32918872  38.54272126],
[  3.33331939   8.76667224  38.77352538],
[  4.88048086   7.91301276  38.88702331],
[  6.94653388   4.58019918  38.91382402],
[  4.17352868   8.38431421  39.03223768],
[  4.21991443   8.35339038  39.42336828],
[  6.48498187   5.2725272   39.43807825],
[  2.84573984   8.91542602  39.45645961],
[  2.32034595   8.9679654   39.49582375],
[  2.3043695    8.96956305  39.76529121],
[  5.32838699   7.61440867  39.96607992],
[  6.75984136   4.86023796  40.25379186],
[  6.71528613   4.9270708   40.38272718],
[  3.64604917   8.64158033  40.39546494],
[  2.08082895   8.99191711  40.40573223],
[  5.47253801   7.518308    40.50744491],
[  6.81075985   4.78386022  40.52076508],
[  2.70055772   8.92994423  40.69101092],
[  5.75028089   6.74915732  40.76602681],
[  5.79824148   6.60527557  40.78239565],
[  6.84263528   4.73604708  41.05816725],
[  5.21598094   7.68934604  41.12108657],
[  3.15987841   8.83604864  41.17871866],
[  4.73817793   8.00788138  41.2779682 ],
[  3.94061902   8.52375239  41.45251992],
[  2.12242998   8.987757    41.45571178],
[  2.58537461   8.94146254  41.64369479],
[  5.46558431   7.5229438   41.71897158],
[  4.8529615    7.931359    41.86229065],
[  3.98925015   8.50429994  41.87446994],
[  2.42890811   8.95710919  42.03183166],
[  5.44615258   7.53589828  42.1600206 ],
[  6.83036604   4.75445094  42.27914604],
[  5.64489987   7.0653004   42.33305266],
[  2.02999425   8.99700058  42.43988954],
[  2.34692753   8.96530725  42.47497498],
[  6.5789735    5.13153975  42.57580635],
[  6.04516952   5.93224572  42.70569267],
[  4.85154382   7.93230412  42.77022432],
[  5.16047926   7.72634716  42.81451659],
[  6.76020659   4.85969011  42.91454577],
[  5.35725344   7.59516437  43.09555958],
[  4.06653849   8.45564101  43.3175111 ],
[  2.98543009   8.90145699  43.43154254],
[  5.77386062   6.67841813  43.44059581],
[  2.3247515    8.96752485  43.51912312],
[  3.68677677   8.62528929  43.59609668],
[  2.96922468   8.90307753  43.61684233],
[  2.62703624   8.93729638  43.66038916],
[  2.06818087   8.99318191  43.77474474],
[  2.56877576   8.94312242  43.84952135],
[  6.16104355   5.75843467  43.99967532],
[  5.77763386   6.66709843  44.07391588],
[  6.87259381   4.69110929  44.15937591],
[  3.71162518   8.61534993  44.31411919],
[  6.67837163   4.98244255  44.37155471],
[  2.37339624   8.96266038  44.5263025 ],
[  4.89513434   7.90324377  44.62100219],
[  5.28321426   7.64452383  44.64808931],
[  5.88858738   6.33423787  44.78795676],
[  5.50331113   7.49006661  44.86539617],
[  6.65165244   5.02252133  44.9152311 ],
[  5.45637188   7.52908541  44.93350768],
[  5.60674334   7.17976999  45.00538272],
[  6.75775558   4.86336662  45.11071885],
[  5.91926506   6.24220483  45.14753614],
[  6.84903391   4.72644913  45.26636579],
[  3.53933309   8.68426677  45.35832793],
[  6.01192159   5.98211762  45.40864803],
[  2.46187389   8.95381261  45.56660359],
[  5.45755692   7.52829539  45.62432347],
[  4.85802903   7.92798065  45.69988832],
[  6.4960978    5.2558533   46.00461484],
[  3.77686673   8.58925331  46.46032528],
[  6.9142827    4.62857595  46.61322654],
[  3.74577042   8.60169183  46.78179928],
[  5.98334887   6.0499534   46.80224112],
[  3.17460021   8.83015991  46.841652  ],
[  5.94538662   6.16384013  46.92766762],
[  6.68612236   4.97081647  47.04805712],
[  4.09882228   8.43411848  47.27743391],
[  3.3514084    8.75943664  47.44364361],
[  6.97488486   4.53767271  47.54608935],
[  4.61908902   8.08727399  47.5592486 ],
[  5.57093729   7.28718813  47.57452105],
[  5.27984453   7.64677031  47.85780095],
[  5.9328176    6.2015472   47.90583147],
[  3.68272791   8.62690884  47.98313853],
[  5.60469643   7.18591072  48.26303958],
[  4.1782757    8.38114953  48.49083597],
[  6.54494845   5.18257732  48.53751741],
[  3.11624373   8.85350251  48.58038842],
[  6.83823795   4.74264307  48.6695938 ],
[  4.10704193   8.42863872  48.82352216],
[  6.74003811   4.88994284  49.05436232],
[  5.97386588   6.07840235  49.06276021],
[  3.93432805   8.52626878  49.08774675],
[  5.73122768   6.80631696  49.17339256],
[  5.40271828   7.56485448  49.36050552],
[  5.28397376   7.6440175   49.41421805],
[  6.35698206   5.46452692  49.57886331],
[  2.28368663   8.97163134  49.68958289],
[  2.35242975   8.96475702  49.71867194],
[  6.88101898   4.67847153  49.74709833],
[  4.58034975   8.11310017  49.82027097],
[  3.57316985   8.67073206  49.85765985],
[  2.46919077   8.95308092  49.97931378],
[  4.97017719   7.8532152   50.22564856],
[  6.25842222   5.61236666  50.31528188],
[  6.71654465   4.92518303  50.36160554],
[  5.83792712   6.48621864  50.38120733],
[  3.67873446   8.62850622  50.59026872],
[  3.95604622   8.51758151  50.60661705],
[  6.14214167   5.78678749  50.89945476],
[  6.88520769   4.67218847  50.97285784],
[  3.08402793   8.86638883  51.12819081],
[  5.51599418   7.45201747  51.21179088],
[  5.5789814    7.26305581  51.22281916],
[  5.43886239   7.54075841  51.36215611],
[  6.72626036   4.91060946  51.43046345],
[  4.33253038   8.27831308  51.44819863],
[  4.88702123   7.90865251  51.5388529 ],
[  6.75802997   4.86295504  51.63236756],
[  2.40516454   8.95948355  51.65408849],
[  6.23172336   5.65241496  51.84033568],
[  6.76671932   4.84992102  52.12847686],
[  3.29721865   8.78111254  52.26589349],
[  2.36516233   8.96348377  52.27592475],
[  2.77167836   8.92283216  52.45484377],
[  6.53542247   5.1968663   52.67533177],
[  3.23033917   8.80786433  52.69988096],
[  4.45044692   8.19970205  52.80751298],
[  6.11214956   5.83177566  52.84011411],
[  5.44362778   7.53758148  52.89299807],
[  5.24837095   7.6677527   52.94499631],
[  5.53318561   7.40044316  52.95317078],
[  4.35249352   8.26500432  53.00892044],
[  4.30615477   8.29589682  53.07551992],
[  4.29792907   8.30138062  53.16237987],
[  6.39506089   5.40740866  53.26262612],
[  3.54450818   8.68219673  53.33949156],
[  4.39686011   8.2354266   53.36157269],
[  6.72640217   4.91039675  53.392842  ],
[  5.72545035   6.82364894  53.46264311],
[  6.3612587    5.45811195  53.46762828],
[  3.46745593   8.71301763  53.70676206],
[  6.13224631   5.80163054  53.9189332 ],
[  4.78485994   7.97676004  53.92201287],
[  6.9734076   4.5398886  53.9658076],
[  6.70785264   4.93822104  53.99921786],
[  2.57230491   8.94276951  54.12157436],
[  5.9097498    6.27075061  54.21589805],
[  3.49840844   8.70063663  54.50281266],
[  5.23156509   7.67895661  54.56635574],
[  3.50352442   8.69859023  54.62157543],
[  5.67491983   6.9752405   54.67985662],
[  4.24497749   8.33668167  55.1118476 ],
[  4.91387659   7.89074894  55.11416219],
[  6.40050873   5.3992369   55.14948952],
[  3.37554072   8.74978371  55.27787424],
[  6.60830554   5.08754169  55.50374611],
[  5.34374378   7.60417081  55.62086464],
[  5.58009395   7.25971814  55.74267501],
[  5.60066775   7.19799674  55.93350656],
[  4.83099574   7.94600284  55.95323409],
[  6.47172184   5.29241724  56.02356832],
[  5.54181089   7.37456734  56.50439867],
[  2.12262959   8.98773704  56.62412544],
[  2.65707229   8.93429277  56.69980636],
[  5.33013661   7.61324226  56.92662969],
[  5.72892247   6.8132326   57.13414785],
[  2.84788768   8.91521123  57.20953487],
[  5.92667614   6.21997158  57.23558165],
[  6.5166202    5.2250697   57.27010432],
[  5.42291159   7.55139227  57.33687475],
[  6.21116518   5.68325223  57.4026945 ],
[  5.95871087   6.12386739  57.52207252],
[  3.67022851   8.6319086   57.54985765],
[  3.79258005   8.58296798  57.56801672],
[  2.3905153    8.96094847  57.66211562],
[  3.38184222   8.74726311  57.75081827],
[  4.43277666   8.21148223  57.75808779],
[  5.64523452   7.06429645  57.81363487],
[  5.58745381   7.23763858  57.89039495],
[  5.60168303   7.1949509   57.94456951],
[  3.62831479   8.64867408  57.97586074],
[  6.39010206   5.41484691  58.06193366],
[  4.30873412   8.29417725  58.12275782],
[  3.78190338   8.58723865  58.19064042],
[  6.77948967   4.83076549  58.26782262],
[  4.91496056   7.89002629  58.3616915 ],
[  6.05062481   5.92406278  58.55850513],
[  2.06134432   8.99386557  58.66346818],
[  6.8807962    4.67880571  58.6907481 ],
[  5.09257788   7.77161475  58.69835025],
[  6.92654763   4.61017856  58.76117356],
[  2.61953339   8.93804666  58.7654684 ],
[  5.00413368   7.83057755  58.89954704],
[  6.02528111   5.96207834  58.92817393],
[  4.12444153   8.41703898  58.97581041],
[  6.29880507   5.5517924   59.00711866],
[  3.146473     8.8414108   59.12413724],
[  2.5676177    8.94323823  59.16019205],
[  2.32127183   8.96787282  59.16860667],
[  3.37062477   8.75175009  59.2789808 ],
[  5.89308072   6.32075783  59.37765489],
[  5.39988747   7.56674169  59.38040068],
[  5.46428132   7.52381245  59.40379649],
[  6.66294865   5.00557703  59.53675022],
[  5.73675059   6.78974824  59.55546158],
[  2.15851066   8.98414893  59.7832455 ],
[  2.4106163    8.95893837  59.93843028],
[  2.77842536   8.92215746  60.04383723],
[  3.78823044   8.58470782  60.23637567],
[  3.03603947   8.88558421  60.29556452],
[  5.22169044   7.6855397   60.51253989],
[  2.16635455   8.98336454  60.76639988],
[  4.98435911   7.84376059  61.24860663],
[  6.6778152    4.98327719  61.26404009],
[  2.40989994   8.95901001  61.46545138],
[  6.26901892   5.59647162  61.49744143],
[  6.15535864   5.76696205  61.63267792],
[  6.39070828   5.41393759  61.63960247],
[  3.21890562   8.81243775  61.92159283],
[  4.45187904   8.1987473   62.20977927],
[  2.65897332   8.93410267  62.22487671],
[  4.95162719   7.86558187  62.23975206],
[  5.13231454   7.74512364  62.4309869 ],
[  3.81993768   8.57202493  62.43712777],
[  4.95963758   7.86024161  62.50648341],
[  2.08084216   8.99191578  62.52794094],
[  6.90985316   4.63522026  62.5310702 ],
[  6.39389851   5.40915224  62.57934766],
[  4.50950985   8.16032677  62.62060767],
[  4.50239759   8.16506828  62.68497886],
[  6.20398819   5.69401771  62.69079035],
[  2.66611169   8.93338883  62.7130955 ],
[  5.59821217   7.20536348  62.73518604],
[  4.25085496   8.33276336  62.81711077],
[  3.9722872    8.51108512  62.97964182],
[  5.17820844   7.71452771  63.03185576],
[  2.44906926   8.95509307  63.05141138],
[  2.74116475   8.92588352  63.1450432 ],
[  3.50822528   8.69670989  63.20999986],
[  5.2432683    7.67115446  63.29653165],
[  5.38970843   7.57352772  63.36922006],
[  3.76406876   8.5943725   63.44661326],
[  4.69713563   8.03524291  63.64476615],
[  5.27127139   7.65248574  63.67765316],
[  2.68894648   8.93110535  63.7705749 ],
[  4.92805209   7.8812986   63.82493877],
[  2.75017041   8.92498296  63.84522429],
[  4.62033434   8.08644377  63.86173884],
[  2.88547389   8.91145261  64.0581527 ],
[  5.54726099   7.35821704  64.06738216],
[  5.7315765    6.8052705   64.08763892],
[  2.84729523   8.91527048  64.11510122],
[  6.55169543   5.17245685  64.21151919],
[  6.47966334   5.28050499  64.25778438],
[  3.93254633   8.52698147  64.25916006],
[  3.21346939   8.81461224  64.26730988],
[  2.97197468   8.90280253  64.38161225],
[  2.7516279    8.92483721  64.39697101],
[  4.06560958   8.45626028  64.57144161],
[  2.71003422   8.92899658  64.64184355],
[  4.99263428   7.83824381  64.72753069],
[  6.37179952   5.44230072  64.91877138],
[  4.85552764   7.92964824  65.04334184],
[  2.60280828   8.93971917  65.19559675],
[  4.29297259   8.30468494  65.52476731],
[  4.69341779   8.03772147  65.95241132],
[  5.32619922   7.61586718  66.08890888],
[  4.4592375    8.19384167  66.14288577],
[  5.07284981   7.78476679  66.17424955],
[  4.67112031   8.05258646  66.29074322],
[  6.39973744   5.40039383  66.33035734],
[  6.4780356    5.28294659  66.38237149],
[  5.1757563    7.71616247  66.4381572 ],
[  6.72740616   4.90889077  66.43938059],
[  6.2554656    5.61680161  66.52308561],
[  4.35073653   8.26617565  66.63227957],
[  6.31851558   5.52222663  66.65358713],
[  3.90350053   8.53859979  66.9537436 ],
[  2.54436846   8.94556315  67.05129041],
[  4.83489736   7.94340176  67.11266681],
[  3.00079969   8.89968013  67.12675654],
[  6.6932856    4.9600716   67.26987672],
[  5.66850008   6.99449977  67.32199163],
[  2.089892     8.9910108   67.33494851],
[  5.96748423   6.0975473   67.34929821],
[  5.06915223   7.78723185  67.48839784],
[  6.04813354   5.92779969  67.6963832 ],
[  3.00590583   8.89763767  67.71185901],
[  3.41031521   8.73587392  67.86504254],
[  6.94886338   4.57670493  68.20751949],
[  5.79050067   6.62849799  68.39209466],
[  4.32269006   8.28487329  68.54571787],
[  4.8179653    7.9546898   68.67851836],
[  4.83533868   7.94310755  68.71309268],
[  2.93367292   8.90663271  68.73045331],
[  4.19527098   8.36981934  68.73645907],
[  4.45399145   8.19733903  68.8248091 ],
[  6.62139042   5.06791437  68.83558921],
[  6.90095011   4.64857483  68.89888332],
[  5.78940949   6.63177153  68.9245227 ],
[  6.55511385   5.16732923  69.00249599],
[  6.32540712   5.51188933  69.03367664],
[  3.57993202   8.66802719  69.09056935],
[  6.43970533   5.34044201  69.14943476],
[  3.56574477   8.67370209  69.1725473 ],
[  5.97734594   6.06796217  69.29825047],
[  6.23046313   5.65430531  69.58773907],
[  4.28018282   8.31321145  69.77285224],
[  5.07352744   7.78431504  69.87061896],
[  6.00923561   5.98614659  69.95701068],
[  4.31225432   8.29183045  70.30798066],
[  4.71139949   8.02573367  70.35206351],
[  6.67515104   4.98727344  70.43264465],
[  6.72087312   4.91869033  70.44435937],
[  5.65515384   7.03453847  70.61738822],
[  3.52430208   8.69027917  70.68140019],
[  2.85447628   8.91455237  70.96410697],
[  6.29290799   5.56063801  71.09687639],
[  3.84298502   8.56280599  71.48284737],
[  6.58173458   5.12739813  71.48727643],
[  5.83695977   6.48912069  71.69112018],
[  6.71175371   4.93236943  71.84541163],
[  5.51096027   7.46711918  71.88643726],
[  3.99697784   8.50120886  71.97503366],
[  6.53779995   5.19330007  71.98467377],
[  5.17147439   7.71901707  72.07864486],
[  2.05849926   8.99415007  72.27063171],
[  6.32879691   5.50680463  72.32528108],
[  3.50399656   8.69840138  72.41315998],
[  3.57854671   8.66858132  72.49270564],
[  3.58566586   8.66573365  72.5003273 ],
[  2.39994255   8.96000575  72.59822318],
[  4.73708268   8.00861155  72.67270288],
[  2.57332362   8.94266764  72.7640789 ],
[  6.04790485   5.92814273  72.94580001],
[  5.90681085   6.27956744  73.07504788],
[  5.25714917   7.66190055  73.15185639],
[  5.29912507   7.63391662  73.30516235],
[  5.93949314   6.18152058  73.32191667],
[  3.22022153   8.81191139  73.32952589],
[  2.9747788    8.90252212  73.46337072],
[  4.22783013   8.34811324  73.50726169],
[  6.53266398   5.20100403  73.60616005],
[  5.72970243   6.8108927   73.65649424],
[  2.49039624   8.95096038  73.81415249],
[  4.76729325   7.98847117  73.96706867],
[  3.96146363   8.51541455  74.12534195],
[  3.58059898   8.66776041  74.13891549],
[  6.41336916   5.37994626  74.68059576],
[  4.75541555   7.99638963  74.77946059],
[  5.13584458   7.74277028  74.84592629],
[  3.90110085   8.53955966  75.02867391],
[  3.17662336   8.82935066  75.08399545],
[  6.33630229   5.49554656  75.20605989],
[  5.77484029   6.67547913  75.2278618 ],
[  5.58441992   7.24674023  75.31266039],
[  6.06796738   5.89804893  75.33359282],
[  5.30142087   7.63238609  75.39372559],
[  6.98993447   4.5150983   75.39478879],
[  6.48668032   5.26997953  75.40444535],
[  5.88151286   6.35546142  75.4695526 ],
[  2.75518375   8.92448162  75.53646139],
[  5.23156868   7.67895421  75.66177597],
[  5.75737772   6.72786685  75.69473861],
[  6.40761071   5.38858394  75.71326266],
[  3.31091828   8.77563269  75.72078634],
[  5.77410456   6.67768633  76.02105379],
[  4.95266717   7.86488855  76.04785545],
[  5.8290987    6.51270389  76.0806115 ],
[  5.4915673    7.5056218   76.11875771],
[  5.06971323   7.78685785  76.14230148],
[  5.74848641   6.75454078  76.1488366 ],
[  6.71918336   4.92122497  76.25022124],
[  4.96965805   7.8535613   76.40037753],
[  4.48529083   8.17647278  76.56239299],
[  4.21480902   8.35679399  76.69679454],
[  5.35387714   7.59741524  76.91049095],
[  4.97453218   7.85031188  76.9730513 ],
[  6.13914618   5.79128073  77.06343959],
[  5.6895793    6.93126211  77.07574254],
[  3.41716308   8.73313477  77.08287775],
[  3.09088668   8.86364533  77.09670843],
[  5.58422273   7.24733181  77.13468068],
[  3.57409046   8.67036381  77.22300061],
[  5.76361981   6.70914056  77.33151638],
[  6.62657826   5.06013261  77.44168479],
[  5.42291938   7.55138708  77.45049428],
[  6.82469532   4.76295702  77.53028742],
[  5.54214803   7.37355591  77.53712588],
[  6.52883435   5.20674848  77.57978903],
[  4.50326706   8.16448863  77.65942631],
[  5.32115736   7.61922842  77.74152134],
[  2.08493517   8.99150648  77.81247599],
[  6.19764667   5.70352999  77.8430286 ],
[  4.89691755   7.90205496  77.90710904],
[  5.76170058   6.71489826  78.17812516],
[  6.49005962   5.26491057  78.18151015],
[  4.87585017   7.91609989  78.22782778],
[  5.50717794   7.47846617  78.24566201],
[  4.45235005   8.1984333   78.25857341],
[  6.57823269   5.13265096  78.27548406],
[  3.66684491   8.63326203  78.31282338],
[  4.5773063    8.11512913  78.77143769],
[  3.59637022   8.66145191  78.84974036],
[  3.18948592   8.82420563  78.94698766],
[  4.3358835    8.27607767  78.98913828],
[  2.8664072    8.91335928  79.1902479 ],
[  4.3873671    8.24175527  79.53667613],
[  5.44228287   7.53847809  79.56073826],
[  6.29537348   5.55693978  79.65397774],
[  6.75063239   4.87405141  79.78569766],
[  5.00344182   7.83103878  79.79854523],
[  3.83673762   8.56530495  79.84404284],
[  6.41479845   5.37780232  79.8577999 ],
[  5.25112002   7.66591999  80.13789885],
[  6.20637342   5.69043987  80.17510877],
[  6.27987843   5.58018235  80.21201069],
[  6.78529177   4.82206235  80.25348401],
[  4.11580324   8.42279784  80.27349561],
[  5.76836488   6.69490537  80.38686715],
[  6.58553289   5.12170067  80.44392724],
[  6.19178073   5.71232891  80.58283909],
[  5.82516061   6.52451817  80.77777048],
[  2.33488217   8.96651178  80.81875521],
[  4.94726504   7.86848997  80.85642927],
[  4.4433892    8.2044072   80.95672376],
[  5.59882171   7.20353486  80.99734211],
[  5.30377587   7.63081609  81.11749403],
[  3.35800167   8.75679933  81.11997985],
[  4.97062057   7.85291962  81.21244834],
[  3.69211575   8.6231537   81.23956   ],
[  6.5804859    5.12927116  81.4331528 ],
[  5.88117989   6.35646033  81.5921985 ],
[  6.74845419   4.87731871  81.83607387],
[  5.60289037   7.19132889  82.19188573],
[  4.11676863   8.42215425  82.24348314],
[  6.82409318   4.76386023  82.34265706],
[  3.04781733   8.88087307  82.84657133],
[  5.36284352   7.59143765  82.99682508],
[  5.98267808   6.05196576  83.29397973],
[  2.96999608   8.90300039  83.41388632],
[  4.23067291   8.34621806  83.43801788],
[  2.73813849   8.92618615  83.4609659 ],
[  6.4646695    5.30299575  83.49990327],
[  4.13634943   8.40910038  83.51212559],
[  6.04323083   5.93515375  83.62951896],
[  6.35432026   5.4685196   83.67501934],
[  5.86490595   6.40528215  83.7425204 ],
[  2.83896734   8.91610327  83.80782194],
[  6.10751911   5.83872133  83.82509438],
[  4.31524754   8.28983497  83.82665813],
[  6.97692133   4.53461801  83.92065058],
[  3.93490861   8.52603655  84.01297233],
[  6.19720048   5.70419929  84.22218367],
[  2.77927653   8.92207235  84.23840906],
[  6.44448152   5.33327772  84.25326125],
[  4.3264027    8.2823982   84.36199168],
[  6.55900184   5.16149725  84.51429832],
[  6.23405249   5.64892126  84.54515052],
[  2.4738112    8.95261888  84.57188117],
[  5.84275567   6.47173298  84.58204879],
[  4.52804259   8.14797161  84.62507726],
[  6.47604365   5.28593452  84.64064644],
[  6.8537738    4.7193393   84.68840906],
[  5.86479745   6.40560764  84.7099245 ],
[  5.3049295    7.630047    84.71193353],
[  6.84053143   4.73920285  84.71260611],
[  4.96129123   7.85913918  84.89604272],
[  2.4031169    8.95968831  85.01496628],
[  3.47354154   8.71058339  85.10831975],
[  2.74914199   8.9250858   85.29018511],
[  6.13514841   5.79727738  85.3017826 ],
[  4.10106874   8.43262084  85.45599386],
[  5.50790984   7.47627047  85.58131393],
[  6.46277749   5.30583377  85.7199759 ],
[  6.95197107   4.57204339  85.93011381],
[  3.22800875   8.8087965   85.944759  ],
[  6.33120134   5.50319799  85.95609867],
[  5.86197763   6.4140671   85.99658191],
[  4.86252097   7.92498602  86.02950947],
[  6.84867475   4.72698787  86.05109687],
[  4.33827999   8.27448     86.06879319],
[  6.82775314   4.75837028  86.07935033],
[  2.54427975   8.94557202  86.12762572],
[  6.76685041   4.84972438  86.30395239],
[  5.55871426   7.32385723  86.3083695 ],
[  4.35312565   8.2645829   86.4917378 ],
[  3.66053117   8.63578753  86.5678764 ],
[  4.43466943   8.21022038  86.61474423],
[  4.2635163    8.32432246  86.70930412],
[  5.50548874   7.48353378  86.73873905],
[  3.30214085   8.77914366  86.78372225],
[  3.26728709   8.79308516  86.86242651],
[  3.03937632   8.88424947  87.16492975],
[  6.71433831   4.92849254  87.17128932],
[  4.13020976   8.41319349  87.25994565],
[  4.27264418   8.31823721  87.48957858],
[  5.0946966    7.77020227  87.50350668],
[  5.82059589   6.53821234  87.54661136],
[  6.62490266   5.06264601  87.58017001],
[  5.42715145   7.5485657   87.58534956],
[  5.00914189   7.82723874  87.76300912],
[  5.89294161   6.32117516  87.80292943],
[  2.45008737   8.95499126  87.9092607 ],
[  6.12759696   5.80860456  87.95719164],
[  4.16535605   8.38976264  87.97337532],
[  6.51194769   5.23207846  88.25671736],
[  6.53572146   5.19641781  88.50231938],
[  2.73333769   8.92666623  88.60174476],
[  4.71150688   8.02566208  88.75217392],
[  2.76059982   8.92394002  88.82015068],
[  5.74755526   6.75733421  88.9255133 ],
[  3.40260486   8.73895806  88.99864922],
[  6.85880244   4.71179634  89.1629674 ],
[  5.01521386   7.82319076  89.18517624],
[  2.23251152   8.97674885  89.2265796 ],
[  3.43305767   8.72677693  89.3202237 ],
[  6.11404855   5.82892718  89.40229319],
[  5.58126034   7.25621899  89.45794356],
[  4.01263042   8.49157972  89.49015563],
[  6.74847164   4.87729254  89.49401217],
[  5.3422567    7.6051622   89.52498708],
[  5.06234115   7.79177257  89.6252069 ],
[  4.72294652   8.01803565  89.6572199 ],
[  3.01799143   8.89280343  89.73166647],
[  4.97252667   7.85164889  89.82706698],
[  5.57403363   7.2778991   90.15069888],
[  5.3237273    7.61751513  90.18651955],
[  3.60029495   8.65988202  90.21944711],
[  4.57337876   8.11774749  90.22625925],
[  6.01872373   5.9719144   90.34892664],
[  5.73021978   6.80934066  90.37902148],
[  4.5659033    8.12273114  90.4181574 ],
[  5.65098389   7.04704833  90.50587504],
[  4.8860403    7.90930646  90.61809147],
[  2.10317563   8.98968244  90.72004422],
[  5.38245558   7.57836295  90.77228476],
[  2.87350598   8.9126494   90.81443501],
[  4.76122784   7.99251478  91.00908253],
[  5.17468468   7.71687688  91.09567735],
[  4.58759463   8.10827024  91.1701327 ],
[  6.8217334    4.7673999   91.20964294],
[  6.56587256   5.15119117  91.71279095],
[  3.46240102   8.71503959  91.78705871],
[  6.84655052   4.73017422  91.92801743],
[  3.84577395   8.56169042  92.02199382],
[  3.80422828   8.57830869  92.03546005],
[  6.56668078   5.14997884  92.12165557],
[  2.8407605    8.91592395  92.23881792],
[  4.44370138   8.20419908  92.40084872],
[  2.28715932   8.97128407  92.44081549],
[  3.50035753   8.69985699  92.87438261],
[  2.50338375   8.94966163  92.95350091],
[  4.06593741   8.45604173  92.97076195],
[  6.25601148   5.61598277  92.98859285],
[  2.94693399   8.9053066   92.98987227],
[  5.20016811   7.69988793  93.12269398],
[  5.84298185   6.47105446  93.35840339],
[  5.774178     6.67746599  93.70100247],
[  5.28809447   7.64127035  93.8216633 ],
[  5.31458633   7.62360911  94.05516442],
[  2.84110811   8.91588919  94.08943579],
[  2.17481673   8.98251833  94.20675433],
[  6.16842865   5.74735702  94.33257554],
[  6.18649805   5.72025293  94.39686724],
[  6.70025892   4.94961162  94.67044919],
[  4.75467266   7.9968849   94.72271026],
[  6.98935555   4.51596668  94.90070143],
[  6.48707046   5.26939431  94.95179994],
[  3.94458912   8.52216435  95.1058028 ],
[  6.91059038   4.63411444  95.10760227],
[  6.30139021   5.54791468  95.21143027],
[  6.10061176   5.84908237  95.26422309],
[  5.83998598   6.48004207  95.28473095],
[  4.22887211   8.34741859  95.33115484],
[  6.80711749   4.78932377  95.33461283],
[  6.12144946   5.8178258   95.82830868],
[  2.74852625   8.92514737  96.02127598],
[  2.95420648   8.90457935  96.02943969],
[  6.6960684    4.9558974   96.13149248],
[  4.54838271   8.13441153  96.44488376],
[  5.63048875   7.10853374  96.48848403],
[  5.04743751   7.80170832  96.55957924],
[  4.70331534   8.03112311  96.790431  ],
[  2.41777257   8.95822274  96.95050196],
[  4.88927457   7.90715029  97.04362969],
[  6.88512881   4.67230679  97.29237154],
[  2.24695612   8.97530439  97.37175862],
[  4.85807524   7.92794984  97.54161686],
[  4.46598742   8.18934172  97.7529486 ],
[  4.9788718    7.8474188   97.78453075],
[  6.95546087   4.56680869  98.02222909],
[  6.74428712   4.88356932  98.24286723],
[  5.94549539   6.16351383  98.41217324],
[  5.95305872   6.14082383  98.42607043],
[  4.53746497   8.14169002  98.53818878],
[  5.64439611   7.06681166  98.6897016 ],
[  3.58398494   8.66640602  98.71287662],
[  6.13325026   5.8001246   98.73913228],
[  5.79713582   6.60859253  99.10635975],
[  3.62514533   8.64994187  99.21845641],
[  2.69443433   8.93055657  99.26604443],
[  2.19035197   8.9809648   99.3103762 ],
[  5.39052132   7.57298579  99.45477113],
[  5.23393184   7.67737877  99.54361951],
[  5.93341922   6.19974235  99.65523421],
[  4.92230505   7.88512997  99.74261209],
[  4.1642591    8.39049393  99.81965849],
[  6.39341157   5.40988265  99.98943146],
