[ 12.32124487   2.08117571   0.01327928],
[ 12.86246361   3.27507277   0.01884936],
[ 12.06080596   1.83520563   0.0256331 ],
[ 9.05830657  0.49416934  0.02802815],
[ 12.56029626   3.87940749   0.03186133],
[ 12.72873989   3.54252021   0.03264463],
[ 12.98455069   2.97682603   0.04465093],
[ 4.80990073  2.88019855  0.04989732],
[ 11.64520212   1.44269089   0.05727366],
[ 9.72337936  0.42766206  0.06333183],
[ 4.61137207  3.33270703  0.0700255 ],
[ 11.78259514   1.57245097   0.08797979],
[ 9.29266205  0.47073379  0.08869533],
[ 10.77100078   0.57133351   0.08890804],
[ 12.94508112   3.10983776   0.11733553],
[ 5.47748989  1.98840369  0.13191312],
[ 8.18113543  0.5481685   0.13680173],
[ 10.64376322   0.54305849   0.13720131],
[ 12.99985834   3.00028332   0.14759254],
[ 12.01470886   1.79166948   0.15634884],
[ 8.82021775  0.51057543  0.17167148],
[ 4.94154958  2.61690083  0.18767072],
[ 11.49533754   1.28038576   0.19770572],
[ 8.76129644  0.51404139  0.20421031],
[ 12.98249993   2.9737499    0.2073411 ],
[ 5.93029567  1.48132171  0.21057537],
[ 9.83631294  0.41636871  0.21614982],
[ 4.95175982  2.59648037  0.22234215],
[ 5.96587332  1.43981447  0.22457384],
[ 6.43970977  1.12940937  0.22532635],
[ 7.03286481  0.76439089  0.24739273],
[ 10.54467256   0.52103835   0.25034888],
[ 9.96327633  0.40367237  0.25455942],
[ 6.56678832  1.05120719  0.25792618],
[ 5.09222205  2.40119066  0.27934392],
[ 6.11733645  1.32779295  0.2794827 ],
[ 4.71369521  3.08713148  0.33990173],
[ 8.97267973  0.50160707  0.3425804 ],
[ 4.95139278  2.59721443  0.3525832 ],
[ 8.64722221  0.52075163  0.36347224],
[ 4.8440417   2.81191661  0.3956685 ],
[ 9.31131107  0.46886889  0.40316744],
[ 7.87045003  0.56644412  0.4159464 ],
[ 5.11127189  2.38078012  0.42279289],
[ 5.0782635   2.41614625  0.42611165],
[ 10.70509718   0.55668826   0.42873522],
[ 11.18550545   0.92629194   0.43751557],
[ 11.10501634   0.83430439   0.46653947],
[ 11.76640191   1.55715736   0.46931399],
[ 5.25795825  2.22361616  0.47733272],
[ 11.33341559   1.09533211   0.48418264],
[ 8.48649378  0.53020625  0.51579643],
[ 5.90621333  1.50941778  0.52238261],
[ 4.98386602  2.53226797  0.52597253],
[ 4.63875892  3.26697859  0.5268277 ],
[ 4.62928882  3.28970683  0.53280725],
[ 12.18866011   1.95595678   0.54036812],
[ 11.25017076   1.00019516   0.55523969],
[ 9.75859064  0.42414094  0.55684711],
[ 11.84714122   1.63341115   0.55752206],
[ 6.35444478  1.18188013  0.55787543],
[ 4.70368651  3.11115238  0.5625516 ],
[ 7.17042746  0.67973695  0.57972294],
[ 9.77034698  0.4229653   0.58044067],
[ 7.57130806  0.5840407   0.58607706],
[ 10.32888182   0.47308485   0.59639164],
[ 8.61961977  0.52237531  0.59904351],
[ 8.67005741  0.51940839  0.62902662],
[ 10.46066881   0.50237085   0.64623964],
[ 5.85796319  1.56570961  0.65916679],
[ 5.83034788  1.59792747  0.66543767],
[ 7.42228549  0.59280674  0.66948378],
[ 5.73238245  1.71222048  0.68227541],
[ 12.68887281   2.53330922   0.68915925],
[ 6.67547738  0.98432161  0.6913185 ],
[ 12.29925985   2.06041209   0.69486043],
[ 8.11494894  0.55206183  0.71209301],
[ 11.11166436   0.84190213   0.71291613],
[ 12.0355788    1.81137998   0.72609015],
[ 7.67621531  0.57786969  0.72912381],
[ 10.93998863   0.64570129   0.73534791],
[ 5.36128976  2.11290382  0.74376963],
[ 4.5222581   3.54658055  0.74520301],
[ 11.14649666   0.88171047   0.74814872],
[ 11.27201799   1.02516342   0.75701396],
[ 4.73268787  3.0415491   0.75978828],
[ 5.26679151  2.21415195  0.77988189],
[ 5.91896977  1.49453527  0.79817907],
[ 8.37336507  0.53686088  0.79859391],
[ 5.44844949  2.01951841  0.80371723],
[ 6.95665745  0.81128772  0.8152546 ],
[ 12.01838889   1.79514506   0.82642243],
[ 6.17249507  1.29384919  0.84216196],
[ 6.74966781  0.93866596  0.84482305],
[ 8.27153591  0.54285083  0.84720103],
[ 11.02099084   0.73827524   0.85460633],
[ 8.88766914  0.5066077   0.86246816],
[ 12.65810924   2.48716386   0.86400058],
[ 12.96312227   3.07375547   0.87659361],
[ 6.68560363  0.97809007  0.87942102],
[ 12.58787075   3.8242585    0.88176949],
[ 9.13165413  0.48683459  0.89412201],
[ 5.09603884  2.39710125  0.90146836],
[ 12.54950028   3.90099943   0.90601807],
[ 6.02422998  1.38508924  0.91926288],
[ 6.72377106  0.95460243  0.95386015],
[ 10.34778814   0.47728625   0.95831242],
[ 4.54737912  3.48629011  0.97236949],
[ 12.19700874   1.96384158   0.97614712],
[ 10.42860508   0.49524557   0.98904269],
[ 6.35882625  1.17918385  0.9953861 ],
[ 4.96293601  2.57412797  1.00346933],
[ 9.70071453  0.42992855  1.0054818 ],
[ 9.45036374  0.45496363  1.06580272],
[ 8.62623768  0.52198602  1.0669114 ],
[ 4.50165015  3.59603964  1.07307036],
[ 11.52872191   1.31853933   1.07770176],
[ 12.98206678   2.97310017   1.08466108],
[ 10.72054837   0.56012186   1.08700002],
[ 5.38789666  2.08439644  1.09355633],
[ 11.03605394   0.75549021   1.09505116],
[ 12.78083746   2.67125619   1.11685979],
[ 4.7005087   3.11877912  1.11865604],
[ 5.6406446   1.81359507  1.1266271 ],
[ 5.88515052  1.53399105  1.13533002],
[ 7.26109121  0.62394387  1.13654216],
[ 5.80364859  1.62907665  1.14987403],
[ 12.78528746   3.42942508   1.15067209],
[ 12.92314029   3.15371941   1.16110681],
[ 12.80560917   3.38878166   1.20252028],
[ 8.54686511  0.52665499  1.20461686],
[ 10.27528087   0.46117353   1.2070152 ],
[ 7.76484775  0.57265601  1.21096867],
[ 4.59305983  3.3766564   1.21450756],
[ 5.34550985  2.12981087  1.22421125],
[ 4.6140778   3.32621329  1.23087438],
[ 9.79204463  0.42079554  1.23800974],
[ 6.97143456  0.80219412  1.24412085],
[ 4.51748654  3.55803231  1.25705472],
[ 5.90605525  1.50960221  1.26023316],
[ 5.76362604  1.67576962  1.28376653],
[ 12.54338381   3.91323239   1.28992813],
[ 12.96308643   3.07382714   1.31396064],
[ 12.65081546   2.47622319   1.31597759],
[ 4.96811548  2.56376904  1.3201022 ],
[ 10.27603734   0.46134163   1.32813829],
[ 12.3974068    2.15310642   1.33359172],
[ 7.58308841  0.58334774  1.3367129 ],
[ 12.10146921   1.87360981   1.34234788],
[ 11.82287685   1.6104948    1.40654282],
[ 12.58508941   3.82982119   1.41563658],
[ 11.41554938   1.18919929   1.4205186 ],
[ 12.6949632    2.5424448    1.44647827],
[ 4.83505061  2.82989879  1.46359207],
[ 5.70498301  1.74418648  1.48555256],
[ 7.20951595  0.65568249  1.49114487],
[ 5.78049532  1.65608879  1.4950459 ],
[ 5.98343999  1.41932001  1.49817446],
[ 4.67711354  3.17492751  1.49857544],
[ 12.73715318   3.52569363   1.51599446],
[ 11.56233573   1.35695512   1.52027173],
[ 12.59527348   3.80945305   1.52159666],
[ 5.92955197  1.48218936  1.53881282],
[ 4.78719021  2.92561959  1.54038197],
[ 4.83695226  2.82609548  1.56264099],
[ 7.74274579  0.57395613  1.56939003],
[ 7.40329254  0.59392397  1.57672819],
[ 10.05370889   0.41193531   1.58123965],
[ 6.03991972  1.37543402  1.5936364 ],
[ 9.10239054  0.48976095  1.60972309],
[ 6.22674801  1.26046276  1.63083921],
[ 6.8802183   0.8583272   1.64424256],
[ 12.7209167    3.5581666    1.65118822],
[ 10.07168294   0.41592954   1.66027523],
[ 4.61865433  3.31522961  1.66334739],
[ 4.70223188  3.11464349  1.68265526],
[ 4.77087051  2.95825898  1.68644036],
[ 7.68272353  0.57748685  1.6893654 ],
[ 9.55007346  0.44499265  1.69382189],
[ 12.30907885   2.06968558   1.70377111],
[ 12.8734553    3.25308939   1.71625811],
[ 10.40005591   0.48890131   1.72137923],
[ 4.57081488  3.43004428  1.74470505],
[ 5.96622035  1.43940959  1.76592168],
[ 11.18034729   0.9203969    1.76862314],
[ 12.89140404   3.21719191   1.77482796],
[ 11.81037972   1.59869196   1.78065239],
[ 6.89456576  0.849498    1.78338248],
[ 4.78420908  2.93158183  1.79165625],
[ 8.9790934   0.5012298   1.79698615],
[ 12.8724845    3.255031     1.82484459],
[ 5.71258452  1.73531806  1.82553538],
[ 6.57442716  1.04650637  1.82646009],
[ 4.74487689  3.01229547  1.83615504],
[ 4.61339023  3.32786346  1.84596484],
[ 5.53246265  1.9295043   1.8576364 ],
[ 4.59760588  3.36574588  1.86270718],
[ 12.653907     2.48086049   1.86478071],
[ 9.43645963  0.45635404  1.87684501],
[ 10.78927415   0.57539426   1.88516303],
[ 9.85008368  0.41499163  1.8865045 ],
[ 11.51563679   1.3035849    1.88682016],
[ 6.49804542  1.09351051  1.90822403],
[ 12.89131358   3.21737285   1.91805033],
[ 5.06112729  2.43450648  1.93621991],
[ 9.8190662   0.41809338  1.93632156],
[ 12.78625657   3.42748687   1.94364115],
[ 12.0489175    1.82397764   1.95352798],
[ 12.91468118   3.17063763   1.95652508],
[ 6.12554065  1.32274421  1.99158225],
[ 10.94249515   0.64856589   2.02604449],
[ 8.42623845  0.53375068  2.06079904],
[ 9.40227739  0.45977226  2.06372839],
[ 4.58610642  3.3933446   2.06570376],
[ 12.99664058   2.99496087   2.10948208],
[ 4.97152158  2.55695685  2.10952389],
[ 10.33554415   0.47456537   2.12153355],
[ 12.40438708   2.15969891   2.12229218],
[ 11.34894652   1.11308174   2.1315582 ],
[ 12.73403699   3.53192602   2.13874534],
[ 4.83557761  2.82884477  2.15430744],
[ 6.56353902  1.05320676  2.1660201 ],
[ 6.44139278  1.12837367  2.16812747],
[ 11.89942305   1.68278844   2.17233362],
[ 8.89955594  0.50590847  2.19777623],
[ 10.7963381    0.57696402   2.21644918],
[ 8.04897998  0.55594235  2.22643282],
[ 6.78144328  0.91911183  2.22667021],
[ 10.75950436   0.56877875   2.23308393],
[ 7.44346227  0.59156104  2.23378285],
[ 11.18862875   0.92986143   2.2412556 ],
[ 5.63174737  1.82312782  2.2433362 ],
[ 5.73301897  1.71147787  2.25520718],
[ 12.62322213   3.75355575   2.26440026],
[ 11.75910629   1.55026705   2.26543599],
[ 10.21981545   0.44884788   2.26590659],
[ 5.79792753  1.63575121  2.26614073],
[ 11.33700668   1.09943621   2.26957004],
[ 9.36420226  0.46357977  2.28105996],
[ 12.97364504   3.05270992   2.28190083],
[ 12.83259852   3.33480296   2.28616059],
[ 6.82443421  0.89265587  2.28681258],
[ 6.89281609  0.85057472  2.2903105 ],
[ 12.01910724   1.79582351   2.29277388],
[ 5.75588549  1.68480026  2.29297655],
[ 12.47122587   2.22282443   2.34021711],
[ 12.94618702   2.91928052   2.34137647],
[ 6.82415868  0.89282543  2.35332415],
[ 12.7191375    2.57870626   2.36282886],
[ 12.77988795   2.66983192   2.37486171],
[ 12.67595821   3.64808358   2.37834354],
[ 12.65883695   3.6823261    2.38819258],
[ 4.94663961  2.60672078  2.40409602],
[ 5.29384798  2.18516288  2.4086475 ],
[ 5.79079404  1.64407361  2.40943774],
[ 5.70794488  1.74073097  2.41178672],
[ 12.96925165   3.06149669   2.43011698],
[ 12.7822868    2.6734302    2.43077092],
[ 12.68873198   3.62253604   2.44589019],
[ 4.88560668  2.72878665  2.44815789],
[ 6.64178988  1.00505238  2.45509317],
[ 12.78744135   3.42511731   2.46772387],
[ 9.13105884  0.48689412  2.46827411],
[ 11.63825451   1.43612926   2.47509927],
[ 12.50976911   3.98046179   2.48471367],
[ 10.39317647   0.48737255   2.48641588],
[ 12.73069044   3.53861912   2.49749657],
[ 12.74576661   3.50846677   2.50026372],
[ 6.92679662  0.82966362  2.50301345],
[ 12.30103143   2.06208524   2.51865881],
[ 10.6259609    0.53910242   2.52644382],
[ 4.8255831   2.8488338   2.53034689],
[ 12.1558291    1.92494971   2.54400622],
[ 5.89538501  1.52205082  2.55360041],
[ 11.6353905    1.43342436   2.55590133],
[ 10.93085447   0.63526225   2.56931546],
[ 12.88382164   3.23235671   2.57434013],
[ 12.79845708   3.40308583   2.57907192],
[ 4.67166219  3.18801075  2.58267116],
[ 12.56330888   3.87338224   2.5830941 ],
[ 5.97611839  1.42786188  2.58686958],
[ 6.57223534  1.04785517  2.58948828],
[ 5.48328451  1.98219517  2.60756937],
[ 12.60372008   3.79255984   2.62022299],
[ 11.57304961   1.36919956   2.6242234 ],
[ 5.92962391  1.48210544  2.63629429],
[ 9.73769157  0.42623084  2.6513697 ],
[ 12.85240114   2.77860172   2.65978541],
[ 5.29999944  2.17857203  2.66828862],
[ 4.74205931  3.01905764  2.67907677],
[ 5.89902673  1.51780215  2.68676601],
[ 5.52192335  1.94079641  2.72273364],
[ 6.56107002  1.05472614  2.7247274 ],
[ 5.81604122  1.61461857  2.74247995],
[ 10.51190295   0.51375621   2.75923071],
[ 10.86304148   0.591787     2.76124317],
[ 4.68702127  3.15114895  2.77149596],
[ 5.09710988  2.3959537   2.77791196],
[ 4.56404701  3.44628716  2.81077498],
[ 9.51129667  0.44887033  2.83488944],
[ 10.41380144   0.49195588   2.83745586],
[ 8.41401146  0.53446991  2.85647388],
[ 5.81158908  1.61981273  2.85704815],
[ 4.84490687  2.81018627  2.86540708],
[ 4.82501522  2.84996956  2.86781309],
[ 5.79938331  1.63405281  2.91081446],
[ 6.70345093  0.96710712  2.93759277],
[ 5.95458727  1.45298152  2.95996082],
[ 12.60295242   2.40442863   2.96317495],
[ 9.67513093  0.43248691  2.98704344],
[ 9.67218395  0.43278161  2.99402025],
[ 5.78214368  1.6541657   3.00829685],
[ 9.94658599  0.4053414   3.01253639],
[ 9.016741    0.4983259   3.03215572],
[ 5.57068563  1.88855111  3.05848552],
[ 8.43190221  0.53341752  3.0842154 ],
[ 12.76919514   3.46160972   3.08825923],
[ 10.66316731   0.54737051   3.08830373],
[ 4.71328211  3.08812293  3.0906918 ],
[ 12.96543786   2.9481568    3.09254876],
[ 5.91116483  1.50364103  3.1057136 ],
[ 9.44743357  0.45525664  3.1152662 ],
[ 12.64950375   3.7009925    3.11798828],
[ 11.42476118   1.19972706   3.13929051],
[ 12.8307084    3.33858321   3.14910271],
[ 10.68815581   0.55292351   3.15039253],
[ 9.22132462  0.47786754  3.16028189],
[ 4.82200421  2.85599158  3.16801175],
[ 9.43121526  0.45687847  3.18868372],
[ 12.87339446   3.25321108   3.19626574],
[ 9.84677639  0.41532236  3.23763146],
[ 7.8526772   0.56748958  3.24891414],
[ 4.61961042  3.312935    3.25612881],
[ 7.40117665  0.59404843  3.25799968],
[ 9.85922311  0.41407769  3.27111435],
[ 11.5197563    1.30829292   3.27354817],
[ 11.01604017   0.73261733   3.28218903],
[ 5.23699978  2.24607167  3.29972373],
[ 4.79708669  2.90582661  3.30307622],
[ 4.77526271  2.94947458  3.30338249],
[ 9.04883928  0.49511607  3.3129767 ],
[ 4.59013132  3.38368484  3.34970117],
[ 12.71787322   3.56425356   3.35267016],
[ 4.51468174  3.56476383  3.35347611],
[ 12.80496271   2.70744406   3.36250102],
[ 5.83110332  1.59704612  3.37265184],
[ 11.71332379   1.50702802   3.37874251],
[ 10.71254306   0.5583429    3.3791619 ],
[ 12.62408724   3.75182551   3.38526891],
[ 12.61080774   3.77838451   3.40096909],
[ 12.02969487   1.80582294   3.4059781 ],
[ 5.52077478  1.94202702  3.40878732],
[ 4.761308    2.977384    3.41721166],
[ 6.11697447  1.32801571  3.41973242],
[ 5.79855648  1.63501744  3.42114812],
[ 11.96308548   1.74291406   3.42910915],
[ 8.69847048  0.51773703  3.43665006],
[ 4.94948139  2.60103723  3.43916816],
[ 12.67822273   3.64355455   3.43929004],
[ 5.15822109  2.33047741  3.44356495],
[ 9.71378375  0.42862163  3.45391206],
[ 11.2386262    0.98700137   3.46055056],
[ 10.19708806   0.44379735   3.46798023],
[ 9.77174432  0.42282557  3.47351474],
[ 12.50020739   3.99958522   3.48120445],
[ 8.82846782  0.51009013  3.48978287],
[ 10.49241216   0.50942492   3.49177794],
[ 5.87891425  1.54126671  3.49281448],
[ 12.98573628   3.02852743   3.49484072],
[ 10.34317533   0.47626118   3.49532317],
[ 12.97918296   3.04163408   3.50339028],
[ 4.56527776  3.44333338  3.50508228],
[ 12.88934863   3.22130274   3.52529998],
[ 9.25381682  0.47461832  3.52852369],
[ 11.46971874   1.25110713   3.52923343],
[ 8.03416426  0.55681387  3.56622921],
[ 4.60350249  3.35159402  3.58804623],
[ 4.96212054  2.57575893  3.59043166],
[ 12.69910406   3.60179189   3.59927137],
[ 12.67785877   3.64428247   3.61030633],
[ 12.50392836   3.99214327   3.6498942 ],
[ 9.88002026  0.41199797  3.65685717],
[ 12.36409901   2.12164906   3.65761667],
[ 5.70104402  1.74878198  3.66397167],
[ 5.77426725  1.66335488  3.66548899],
[ 6.70308167  0.96733436  3.67009521],
[ 12.75212793   3.49574415   3.67086372],
[ 12.94751032   2.92126547   3.68010024],
[ 12.92897304   3.14205392   3.69698221],
[ 7.49615303  0.58846159  3.69878026],
[ 4.52726278  3.53456933  3.70074875],
[ 12.80323775   2.70485662   3.7050138 ],
[ 7.26916277  0.61897676  3.71654818],
[ 6.69337871  0.97330541  3.71705489],
[ 11.33658225   1.09895114   3.73201115],
[ 12.81364974   3.37270052   3.73904156],
[ 8.76356818  0.51390775  3.7399379 ],
[ 12.96585421   3.06829158   3.74660934],
[ 8.79978375  0.51177743  3.74777484],
[ 9.66359775  0.43364022  3.77204998],
[ 8.53164533  0.52755027  3.77275898],
[ 7.11812483  0.71192318  3.77760955],
[ 5.58392036  1.87437104  3.80090081],
[ 12.62024777   3.75950445   3.80867965],
[ 4.61277606  3.32933745  3.81261336],
[ 6.91284375  0.83825     3.81344449],
[ 12.04162408   1.81708941   3.82893829],
[ 12.59357018   3.81285964   3.83305214],
[ 12.92993605   3.14012789   3.83384434],
[ 4.70464236  3.10885834  3.85124087],
[ 11.3550934    1.12010674   3.87224687],
[ 4.99496396  2.51007209  3.87471006],
[ 6.99923073  0.78508878  3.88799512],
[ 11.89390888   1.67758061   3.89422129],
[ 6.32392225  1.20066323  3.94077053],
[ 10.88846886   0.59743752   3.95012603],
[ 4.84092621  2.81814757  3.95592429],
[ 5.92815978  1.4838136   3.97162984],
[ 9.12915025  0.48708498  3.97413841],
[ 4.81221438  2.87557124  3.97564814],
[ 4.76797407  2.96405186  4.03232739],
[ 4.83947177  2.82105645  4.03751991],
[ 4.74280321  3.0172723   4.05040352],
[ 12.75023825   2.62535738   4.05337713],
[ 5.74446081  1.69812906  4.05784124],
[ 5.25837596  2.22316862  4.07026809],
[ 10.73845617   0.56410137   4.10585466],
[ 12.54735226   3.90529547   4.11674022],
[ 4.78651711  2.92696578  4.18261826],
[ 6.88205415  0.85719745  4.18630775],
[ 11.83911148   1.62582751   4.22908756],
[ 9.16509966  0.48349003  4.24619395],
[ 12.78271454   3.43457092   4.24960329],
[ 12.51462278   3.97075445   4.25275983],
[ 12.61401101   3.77197798   4.25810253],
[ 8.38889694  0.53594724  4.26040433],
[ 5.88640648  1.53252577  4.26604831],
[ 12.01757407   1.79437551   4.27427222],
[ 4.64857724  3.24341463  4.2839012 ],
[ 11.35148538   1.11598329   4.28476214],
[ 10.50528834   0.5122863    4.29179347],
[ 5.50493237  1.95900103  4.30519619],
[ 12.91895971   2.87843956   4.31870162],
[ 6.85421734  0.87432779  4.32041423],
[ 12.77156822   2.65735233   4.32780824],
[ 12.9734378    2.96015671   4.33392953],
[ 11.38876541   1.15858904   4.34452535],
[ 5.71092742  1.73725134  4.34712402],
[ 7.19406778  0.66518906  4.36259513],
[ 12.6652317    3.6695366    4.39639293],
[ 10.86276763   0.59172614   4.40109481],
[ 12.65637768   2.48456652   4.40733549],
[ 4.65916294  3.21800894  4.41643906],
[ 9.59439856  0.44056014  4.41809366],
[ 4.70758539  3.10179507  4.42117679],
[ 4.806639    2.886722    4.43435719],
[ 4.78305014  2.93389973  4.44823149],
[ 9.60478592  0.43952141  4.45428092],
[ 10.3435085    0.47633522   4.46596533],
[ 12.12643129   1.89718511   4.47971034],
[ 4.5590019   3.45839545  4.47998864],
[ 11.52999207   1.31999093   4.49100016],
[ 12.93106931   2.89660396   4.49307799],
[ 12.84989226   3.30021547   4.5030092 ],
[ 12.53533676   2.30300514   4.50582215],
[ 7.56897311  0.58417805  4.51109908],
[ 4.96980079  2.56039842  4.51192896],
[ 9.92799391  0.40720061  4.56367289],
[ 12.86361624   3.27276753   4.56712863],
[ 11.99903998   1.77687109   4.58909299],
[ 12.61759367   3.76481266   4.59658479],
[ 4.99194264  2.51611472  4.60292465],
[ 10.92432516   0.62780018   4.61078543],
[ 12.90886995   3.18226009   4.63142983],
[ 12.42245485   2.17676291   4.63429365],
[ 12.8274777    2.74121656   4.64460716],
[ 12.8623094    2.7934641    4.64902849],
[ 12.67986177   3.64027646   4.66534378],
[ 12.7583577    3.48328461   4.66648358],
[ 12.69693938   3.60612124   4.69731847],
[ 5.42737959  2.0420933   4.70300106],
[ 11.3318705    1.09356628   4.71682226],
[ 10.56312115   0.52513803   4.72199792],
[ 12.75249982   3.49500037   4.75448559],
[ 7.89961705  0.56472841  4.75529626],
[ 12.76421692   3.47156615   4.7789236 ],
[ 4.86340324  2.77319352  4.7861325 ],
[ 4.83636368  2.82727264  4.80219083],
[ 4.52761824  3.53371622  4.84494413],
[ 5.65974838  1.79312674  4.8452304 ],
[ 5.97484125  1.42935187  4.86069493],
[ 6.13413264  1.31745684  4.86123677],
[ 9.4971432   0.45028568  4.86131731],
[ 12.62530941   3.74938118   4.86151268],
[ 12.61645229   3.76709542   4.86490676],
[ 12.03344334   1.80936315   4.86834215],
[ 4.89566111  2.70867778  4.87248897],
[ 11.09705146   0.82520167   4.87615785],
[ 12.9102978    3.17940441   4.89436402],
[ 10.1552488    0.43449973   4.90666102],
[ 7.53505328  0.58617334  4.92033395],
[ 12.80979421   3.38041159   5.02154701],
[ 5.85167707  1.57304341  5.03120654],
[ 4.52575397  3.53819047  5.03669017],
[ 12.5270048    2.2905072    5.03795889],
[ 4.93162729  2.63674543  5.056236  ],
[ 10.62562517   0.53902782   5.07253843],
[ 11.52861498   1.31841712   5.07307785],
[ 10.77659034   0.57257563   5.08258566],
[ 5.40505561  2.06601185  5.10466992],
[ 5.50353833  1.96049465  5.10703231],
[ 5.01459225  2.48436544  5.11235899],
[ 11.82184623   1.60952144   5.11834132],
[ 6.004486    1.39723939  5.12739364],
[ 5.79389256  1.64045868  5.12751367],
[ 12.81566497   3.36867005   5.1315394 ],
[ 12.11811386   1.88932976   5.13238976],
[ 4.75272003  2.99455994  5.13448233],
[ 10.98142407   0.69305607   5.16223886],
[ 5.15429459  2.33468437  5.16872106],
[ 12.25375635   2.01743655   5.19763682],
[ 11.34710125   1.11097286   5.23368777],
[ 4.736444    3.03253441  5.24258398],
[ 10.49658999   0.51035333   5.2776695 ],
[ 12.44253319   2.19572579   5.28546128],
[ 6.23763999  1.25376     5.28652564],
[ 7.05231079  0.75242413  5.30615726],
[ 11.1800238    0.9200272    5.34123674],
[ 11.99336495   1.77151134   5.3530528 ],
[ 9.64555828  0.43544417  5.39854043],
[ 6.09377457  1.34229257  5.43270208],
[ 12.33273275   2.09202538   5.4478103 ],
[ 10.99332257   0.70665436   5.45417835],
[ 10.03606993   0.40801554   5.47407425],
[ 5.3785135   2.09444983  5.4783397 ],
[ 12.76187964   2.64281946   5.49318748],
[ 4.83124178  2.83751645  5.51576825],
[ 10.72319135   0.56070919   5.53817668],
[ 4.75902482  2.98195037  5.54487461],
[ 5.94426082  1.46502904  5.55317028],
[ 6.18082043  1.28872589  5.55570475],
[ 4.58689787  3.3914451   5.57633769],
[ 12.81285851   3.37428299   5.60106968],
[ 5.24849872  2.23375137  5.60663283],
[ 5.35556949  2.11903269  5.6210156 ],
[ 6.74705835  0.94027179  5.6530796 ],
[ 4.7639303   2.9721394   5.65974173],
[ 10.22530332   0.45006741   5.65985548],
[ 7.60650858  0.58197008  5.6975962 ],
[ 9.83428613  0.41657139  5.69860177],
[ 7.2856151   0.60885225  5.70857283],
[ 12.59520751   3.80958497   5.71365674],
[ 11.44740393   1.22560449   5.71398804],
[ 6.49245126  1.09695307  5.72416336],
[ 4.77301374  2.95397253  5.7344369 ],
[ 11.58001332   1.37715808   5.74470652],
[ 12.76503593   3.46992813   5.74494221],
[ 11.42241779   1.19704891   5.7569978 ],
[ 6.12088302  1.32561045  5.76136249],
[ 12.47080798   2.22242976   5.77808972],
[ 11.78911832   1.57861175   5.78003453],
[ 4.58087573  3.40589825  5.78715522],
[ 9.07588053  0.49241195  5.80539962],
[ 10.29001154   0.46444701   5.8069573 ],
[ 4.5939681   3.37447656  5.81323416],
[ 5.95456858  1.45300332  5.81337863],
[ 11.52870114   1.31851559   5.8225748 ],
[ 4.64000541  3.26398701  5.82605241],
[ 9.54345737  0.44565426  5.82641505],
[ 11.35999801   1.12571202   5.83511854],
[ 4.82835367  2.84329266  5.84591453],
[ 5.01063599  2.4886043   5.84662751],
[ 4.71477433  3.08454162  5.8664869 ],
[ 8.34738502  0.53838912  5.87890892],
[ 5.29874504  2.17991602  5.89354151],
[ 4.66806735  3.19663836  5.90936067],
[ 10.31468639   0.46993031   5.91217801],
[ 12.67918283   2.51877424   5.91522279],
[ 4.63482694  3.27641533  5.91730332],
[ 6.39326061  1.15799347  5.92453652],
[ 12.48969086   2.24026359   5.92758036],
[ 7.05199619  0.75261773  5.93613686],
[ 10.20787421   0.44619427   5.93722608],
[ 4.99975859  2.50048281  5.94194776],
[ 10.46339609   0.50297691   5.94876122],
[ 12.44128921   2.19455092   5.95364021],
[ 5.37082377  2.10268882  5.95819589],
[ 5.97923466  1.42422623  5.97836062],
[ 6.40056771  1.15349679  5.98680039],
[ 12.8695781    3.2608438    6.00058082],
[ 4.52187435  3.54750156  6.02590386],
[ 4.55468891  3.46874661  6.03410276],
[ 9.07402542  0.49259746  6.04143165],
[ 5.9503747   1.45789619  6.05019292],
[ 10.68104459   0.55134324   6.05509961],
[ 5.05868565  2.43712252  6.07994564],
[ 11.39029401   1.16033601   6.09030322],
[ 9.7508449   0.42491551  6.09585103],
[ 4.96772241  2.56455518  6.09937425],
[ 11.3183799    1.07814845   6.11319736],
[ 7.92559955  0.56320003  6.1218848 ],
[ 10.97050076   0.6805723    6.12315163],
[ 7.26463829  0.62176106  6.13620274],
[ 4.72001761  3.07195774  6.14571283],
[ 7.44051115  0.59173464  6.16661645],
[ 10.44046878   0.49788195   6.17208519],
[ 4.55308571  3.47259429  6.17228127],
[ 10.36190969   0.48042438   6.17764835],
[ 4.71790257  3.07703383  6.17901837],
[ 12.41091065   2.16586006   6.18738167],
[ 9.10493403  0.4895066   6.19301458],
[ 9.13865064  0.48613494  6.19829981],
[ 12.75080908   3.49838184   6.19863545],
[ 11.28343894   1.03821593   6.20213009],
[ 11.53150506   1.32172007   6.24334126],
[ 9.19274415  0.48072559  6.24820243],
[ 12.81242021   3.37515959   6.26139994],
[ 12.3196623    2.07968106   6.29446249],
[ 8.8824129   0.50691689  6.29530735],
[ 9.50577964  0.44942204  6.31324254],
[ 11.84741182   1.63366672   6.32764958],
[ 11.75318728   1.54467687   6.32940757],
[ 12.63440666   3.73118667   6.33450714],
[ 9.91806952  0.40819305  6.35269142],
[ 5.7777462   1.6592961   6.35664573],
[ 6.43904189  1.12982038  6.36302171],
[ 10.89597983   0.59910663   6.37870689],
[ 12.8038175    3.392365     6.38229709],
[ 5.86900948  1.55282228  6.39012744],
[ 4.51506235  3.56385037  6.39886441],
[ 11.14607578   0.88122946   6.40335933],
[ 11.3054315    1.06335028   6.42921065],
[ 5.47218012  1.99409273  6.42987664],
[ 4.74977633  3.00053681  6.43011872],
[ 12.68675126   3.62649748   6.4527294 ],
[ 4.91476941  2.67046118  6.45518746],
[ 4.80301125  2.8939775   6.45944656],
[ 12.62566964   3.74866073   6.48118913],
[ 12.72922244   3.54155512   6.49252723],
[ 4.6696563   3.19282488  6.50715555],
[ 6.20557324  1.27349339  6.51070654],
[ 11.08135585   0.80726383   6.51831154],
[ 10.13582042   0.43018232   6.52316085],
[ 6.01223859  1.39246856  6.53211294],
[ 10.689713     0.55326956   6.54577526],
[ 10.7307056    0.56237902   6.54815413],
[ 8.53050385  0.52761742  6.56810664],
[ 12.62965676   2.44448515   6.57252483],
[ 12.24310135   2.0073735    6.57721289],
[ 11.17805579   0.91777805   6.58121049],
[ 12.04169222   1.81715377   6.59407353],
[ 6.11971257  1.32633073  6.63862888],
[ 12.72818063   2.59227094   6.63912565],
[ 11.884159     1.66837239   6.67191208],
[ 4.8332492   2.8335016   6.70634387],
[ 5.76161928  1.67811084  6.71861806],
[ 12.91737133   3.16525734   6.72398331],
[ 4.83520226  2.82959548  6.72778913],
[ 12.22837065   1.99346117   6.72936634],
[ 12.41163681   2.16654588   6.74021202],
[ 11.13852011   0.87259441   6.75543447],
[ 5.95233518  1.45560895  6.7608912 ],
[ 7.02357668  0.77010666  6.77523957],
[ 5.904842    1.51101767  6.78378573],
[ 4.6656857   3.20235433  6.78539481],
[ 12.66561573   3.66876854   6.78737625],
[ 12.57252917   3.85494166   6.79196765],
[ 10.93022131   0.63453864   6.80474963],
[ 12.88203846   2.82305768   6.8065791 ],
[ 9.78513812  0.42148619  6.80881521],
[ 4.71017409  3.09558217  6.80939129],
[ 5.22889133  2.25475929  6.81937439],
[ 12.77973384   2.66960077   6.82100625],
[ 4.64816467  3.2444048   6.82915957],
[ 10.07647693   0.41699487   6.83382306],
[ 5.80125659  1.63186732  6.83907653],
[ 5.89100007  1.52716659  6.84276486],
[ 5.23524544  2.24795131  6.84861249],
[ 5.05992089  2.43579905  6.85273903],
[ 12.75577634   3.48844731   6.85699947],
[ 12.84493698   2.76740547   6.87509137],
[ 4.70327963  3.11212889  6.88521428],
[ 6.43339811  1.13329347  6.90095281],
[ 10.81862623   0.58191694   6.90932369],
[ 6.78795198  0.91510647  6.92538922],
[ 9.80577597  0.4194224   6.93822999],
[ 12.69034889   3.61930221   6.94595071],
[ 9.93444836  0.40655516  6.9520184 ],
[ 12.51892695   3.9621461    6.95859758],
[ 5.67854245  1.77299024  6.99514838],
[ 10.32077142   0.47128254   7.03210638],
[ 5.46294234  2.00399035  7.04488016],
[ 4.6163272   3.32081473  7.04837383],
[ 12.92732013   2.89098019   7.05105541],
[ 7.56534855  0.58439126  7.05145447],
[ 8.68921601  0.51828141  7.05203698],
[ 12.7906463    3.41870741   7.06597958],
[ 12.94019436   2.91029154   7.08766923],
[ 8.47536864  0.53086067  7.12079834],
[ 12.76760088   2.65140132   7.14284393],
[ 12.71877139   3.56245722   7.15084849],
[ 6.99676211  0.78660793  7.1596675 ],
[ 4.68569172  3.15433988  7.16688212],
[ 9.32901809  0.46709819  7.19144754],
[ 6.73340756  0.94867227  7.19875987],
[ 12.8331836    2.7497754    7.20407175],
[ 6.93385041  0.82532283  7.22939028],
[ 11.69526134   1.48996904   7.25268519],
[ 6.35427628  1.18198383  7.25537306],
[ 11.20939663   0.95359615   7.25771834],
[ 12.42264552   2.17694299   7.25873741],
[ 12.73185644   3.53628711   7.26170888],
[ 4.73076441  3.04616542  7.27295703],
[ 11.85936118   1.64495223   7.27895955],
[ 12.75909976   2.63864964   7.28179599],
[ 11.24160181   0.99040206   7.28561048],
[ 12.66939308   3.66121383   7.28984883],
[ 5.72053077  1.72604743  7.29198783],
[ 4.61835035  3.31595917  7.29317997],
[ 8.02846895  0.55714889  7.31386068],
[ 4.62432278  3.30162534  7.31664413],
[ 5.16271125  2.32566651  7.32015019],
[ 11.76954339   1.56012431   7.32394818],
[ 4.85648896  2.78702209  7.33041604],
[ 10.9175482    0.62005509   7.33635115],
[ 10.61389831   0.53642185   7.4036072 ],
[ 5.28350284  2.19624696  7.41122676],
[ 4.78330084  2.93339832  7.42213859],
[ 10.78236152   0.57385812   7.42708491],
[ 11.12734972   0.85982825   7.45021576],
[ 5.76281681  1.67671373  7.45379448],
[ 12.77892964   2.66839446   7.45519567],
[ 8.80915797  0.511226    7.45620685],
[ 12.72771106   2.59156658   7.4700644 ],
[ 5.6654403   1.78702825  7.47168395],
[ 6.65882573  0.99456878  7.50832931],
[ 12.90043199   3.19913603   7.51750145],
[ 9.83497063  0.41650294  7.51781965],
[ 9.27629127  0.47237087  7.52337863],
[ 9.10303622  0.48969638  7.52358807],
[ 12.69084312   2.53626467   7.54430905],
[ 12.72935468   2.59403201   7.54982856],
[ 10.51760286   0.51502286   7.55041174],
[ 12.89799487   3.20401025   7.57497823],
[ 12.99944762   2.99917144   7.58442619],
[ 12.73616335   2.60424502   7.59706718],
[ 9.40397331  0.45960267  7.6003435 ],
[ 11.67490497   1.47074358   7.61463823],
[ 5.91354523  1.50086389  7.61572365],
[ 5.28828612  2.19112202  7.63178022],
[ 5.20085883  2.28479411  7.63818498],
[ 11.97511424   1.75427456   7.64086666],
[ 9.48251249  0.45174875  7.641991  ],
[ 9.59361769  0.44063823  7.64495503],
[ 4.75679455  2.98641089  7.64671378],
[ 5.79751364  1.63623409  7.68145468],
[ 12.96276727   2.9441509    7.68349637],
[ 12.08422322   1.85732193   7.6911132 ],
[ 5.70674134  1.7421351   7.69424706],
[ 7.51718112  0.58722464  7.71893972],
[ 12.70550397   3.58899205   7.71982799],
[ 5.08164816  2.41251983  7.72505853],
[ 4.86181609  2.77636781  7.72602013],
[ 6.32483285  1.20010286  7.7375607 ],
[ 6.97923656  0.79739289  7.74713592],
[ 12.74668253   2.62002379   7.74817028],
[ 12.13409503   1.90442309   7.74866382],
[ 11.06888626   0.79301286   7.75722423],
[ 11.78695422   1.57656788   7.77499026],
[ 5.42852649  2.04086448  7.77911108],
[ 11.25335831   1.00383807   7.78837381],
[ 8.85688333  0.50841863  7.79576255],
[ 5.96441782  1.44151254  7.80353446],
[ 5.63228672  1.82254994  7.80655795],
[ 5.504633    1.95932178  7.81398651],
[ 5.84825974  1.57703031  7.82163844],
[ 12.84509041   3.30981917   7.82300681],
[ 11.41064382   1.18359294   7.8274643 ],
[ 9.54227235  0.44577277  7.82983398],
[ 12.34322235   2.10193222   7.83240264],
[ 12.86140581   3.27718837   7.83530793],
[ 4.77128644  2.95742713  7.83730162],
[ 10.8946148    0.59880329   7.84052232],
[ 11.81639687   1.60437482   7.89242194],
[ 5.70050551  1.74941024  7.89415919],
[ 4.83813377  2.82373246  7.92739257],
[ 4.64134695  3.26076731  7.92763442],
[ 11.88424358   1.66845227   7.95084301],
[ 12.75528832   3.48942336   7.9750555 ],
[ 12.88358247   2.8253737    7.98716948],
[ 6.49131065  1.09765498  7.99533142],
[ 12.66844318   3.66311365   8.00141857],
[ 5.61997302  1.8357432   8.00406691],
[ 9.31126521  0.46887348  8.00846901],
[ 5.17056995  2.31724648  8.01906883],
[ 12.99863083   2.99794624   8.04325724],
[ 4.95871039  2.58257922  8.07045532],
[ 4.93593722  2.62812556  8.07072931],
[ 11.43574499   1.21227998   8.07660085],
[ 12.35893724   2.11677406   8.08389336],
[ 4.68021826  3.16747617  8.14653393],
[ 9.58082222  0.44191778  8.14825486],
[ 7.10488221  0.72007248  8.16772095],
[ 12.678618     2.517927     8.19549889],
[ 12.50722352   3.98555296   8.19617434],
[ 5.81127672  1.62017716  8.19709933],
[ 10.14297057   0.43177124   8.21830459],
[ 11.12645252   0.85880288   8.22261048],
[ 5.70347155  1.74594986  8.22351403],
[ 11.28588966   1.04101676   8.22934339],
[ 8.07153815  0.5546154   8.23229051],
[ 12.90193302   2.85289953   8.23591552],
[ 4.81868206  2.86263588  8.25001983],
[ 8.05807887  0.55540713  8.28716197],
[ 12.88720735   3.22558531   8.29150265],
[ 4.72678646  3.0557125   8.29323618],
[ 6.20641709  1.2729741   8.30189022],
[ 12.39701137   2.15273296   8.30477737],
[ 12.93414034   3.13171933   8.31078067],
[ 9.61608286  0.43839171  8.31131194],
[ 10.10389208   0.42308713   8.33245773],
[ 12.95991309   2.93986963   8.33465316],
[ 9.59711052  0.44028895  8.33566748],
[ 8.64035394  0.52115565  8.33981419],
[ 9.73165295  0.4268347   8.34013687],
[ 5.98439804  1.41820229  8.34308698],
[ 12.55305119   2.32957678   8.3445768 ],
[ 12.904992     3.19001599   8.355933  ],
[ 11.74050421   1.53269842   8.36096725],
[ 4.64506351  3.25184758  8.36348441],
[ 11.54650321   1.33886081   8.37237326],
[ 12.53174933   3.93650134   8.38349864],
[ 4.61125736  3.33298235  8.38854636],
[ 4.5797923   3.40849848  8.39021445],
[ 9.80287326  0.41971267  8.39543931],
[ 11.24017049   0.98876627   8.39732996],
[ 11.03874591   0.75856675   8.41516527],
[ 8.78050585  0.51291142  8.41764722],
[ 8.2251767   0.54557784  8.42029571],
[ 7.66970122  0.57825287  8.4223699 ],
[ 12.74134798   2.61202196   8.42314966],
[ 6.19287797  1.28130587  8.42333167],
[ 10.08903944   0.41978654   8.42540171],
[ 9.02770305  0.49722969  8.43545889],
[ 12.21660872   1.98235268   8.44710184],
[ 10.33158837   0.4736863    8.47870457],
[ 5.93128358  1.48016915  8.48501193],
[ 8.74658258  0.51490691  8.48688636],
[ 6.55140801  1.06067199  8.48911193],
[ 12.70767919   3.58464162   8.50219269],
[ 8.2250656   0.54558438  8.50739487],
[ 11.33022965   1.09169102   8.52755653],
[ 12.6305257    2.44578854   8.53258143],
[ 7.7324048   0.57456442  8.54864341],
[ 6.75827521  0.9333691   8.55588395],
[ 12.85271868   3.29456264   8.55970232],
[ 6.28907791  1.2221059   8.56789114],
[ 6.25620445  1.24233572  8.59536271],
[ 12.86034223   2.79051334   8.60410332],
[ 5.94460308  1.46462974  8.60522913],
[ 4.92034659  2.65930682  8.62200037],
[ 4.62577339  3.29814386  8.63427395],
[ 12.55152855   3.8969429    8.63720752],
[ 12.55091643   3.89816714   8.64431509],
[ 10.70857604   0.55746134   8.6597905 ],
[ 10.08732773   0.41940616   8.67217545],
[ 12.73477859   3.53044282   8.68963444],
[ 4.90767858  2.68464284  8.70833747],
[ 12.74942413   3.50115173   8.71534322],
[ 6.50904055  1.08674428  8.7299186 ],
[ 7.6209612   0.58111993  8.73806854],
[ 12.51378118   3.97243764   8.75490208],
[ 12.53418032   2.30127048   8.76423589],
[ 12.75712749   2.63569124   8.81197584],
[ 5.67469753  1.77710979  8.83938107],
[ 12.6318184    3.73636321   8.84420077],
[ 11.59519259   1.39450582   8.85643516],
[ 9.57201854  0.44279815  8.86229914],
[ 9.70474291  0.42952571  8.86547077],
[ 9.16259794  0.48374021  8.87997817],
[ 4.99958133  2.50083733  8.87999572],
[ 11.08440533   0.81074895   8.89087912],
[ 7.73094815  0.57465011  8.89787485],
[ 4.65613956  3.22526506  8.91061318],
[ 4.52247733  3.54605441  8.91886437],
[ 6.86674496  0.86661849  8.93112847],
[ 12.73853127   3.52293745   8.96103472],
[ 12.37638601   2.13325345   8.96939914],
[ 4.85675725  2.7864855   8.97388701],
[ 12.70107106   3.59785788   8.98043929],
[ 5.36527182  2.10863734  8.98876851],
[ 10.40091859   0.48909302   9.00630372],
[ 8.54229321  0.52692393  9.01158548],
[ 5.93955329  1.47052116  9.01797906],
[ 12.71760895   2.57641343   9.02527363],
[ 8.24376277  0.54448454  9.02840859],
[ 4.66456056  3.20505465  9.03476987],
[ 5.38452045  2.0880138   9.04085707],
[ 10.60469075   0.53437572   9.04581715],
[ 4.67695916  3.17529803  9.05834373],
[ 5.60612198  1.85058359  9.06563553],
[ 8.28443615  0.54209199  9.0925086 ],
[ 4.78313776  2.93372449  9.09375663],
[ 12.60979143   3.78041714   9.10872364],
[ 4.57189151  3.42746039  9.11620569],
[ 7.58016779  0.58351954  9.12439838],
[ 7.28934307  0.60655811  9.13349229],
[ 12.55765444   2.33648165   9.14167035],
[ 12.60036252   3.79927496   9.16282312],
[ 6.16124443  1.30077266  9.16865191],
[ 5.7940311   1.64029705  9.21707259],
[ 12.86839391   2.80259087   9.22458405],
[ 9.46844544  0.45315546  9.24202961],
[ 4.65487277  3.22830536  9.24811199],
[ 11.9348268    1.71622531   9.25985799],
[ 12.76943736   2.65415604   9.26942831],
[ 12.57816619   3.84366762   9.2804931 ],
[ 8.39520459  0.5355762   9.28658367],
[ 6.96979169  0.80320511  9.31838987],
[ 7.03336217  0.76408482  9.34299707],
[ 12.62803137   2.44204705   9.35028306],
[ 10.30664646   0.46814366   9.35114118],
[ 9.87571457  0.41242854  9.35245285],
[ 9.22169518  0.47783048  9.35311269],
[ 12.86515036   3.26969927   9.35951844],
[ 4.70860667  3.099344    9.37014582],
[ 5.80526068  1.62719587  9.37143831],
[ 12.67717549   2.51576324   9.37642723],
[ 5.69961668  1.7504107   9.37982898],
[ 4.92595571  2.64808858  9.38481117],
[ 5.9705432   1.43436626  9.38960284],
[ 11.18583155   0.92666463   9.3984088 ],
[ 12.93477339   3.13045321   9.41720864],
[ 5.99304558  1.40811349  9.4352595 ],
[ 6.24993395  1.24619449  9.4739913 ],
[ 9.79022256  0.42097774  9.478471  ],
[ 6.37438952  1.16960645  9.4841723 ],
[ 5.47041039  1.99598886  9.50871671],
[ 4.69991989  3.12019227  9.51238369],
[ 6.30152221  1.21444787  9.54385202],
[ 12.96361574   2.9454236    9.54431451],
[ 4.94232086  2.61535829  9.55810606],
[ 9.12651651  0.48734835  9.5606844 ],
[ 4.59933697  3.36159127  9.57513752],
[ 11.28582687   1.04094499   9.59988437],
[ 12.77540001   3.44919997   9.61313107],
[ 12.82116159   3.35767682   9.61817826],
[ 12.0781868    1.85162087   9.61961203],
[ 4.77322942  2.95354116  9.63893362],
[ 11.90270503   1.68588808   9.64426937],
[ 10.83533548   0.58563011   9.64673386],
[ 10.96797645   0.67768737   9.65798785],
[ 12.93626754   3.12746492   9.66502431],
[ 6.0051178   1.39685058  9.675645  ],
[ 12.80642852   3.38714297   9.67620106],
[ 11.38241722   1.15133397   9.68850859],
[ 12.95040174   2.92560261   9.69096461],
[ 6.54177862  1.06659777  9.71415476],
[ 9.31708378  0.46829162  9.73054727],
[ 10.40874238   0.49083164   9.73806551],
[ 12.85949482   3.28101035   9.76298506],
[ 12.73201966   2.59802949   9.76580588],
[ 12.8548099    3.29038019   9.77994907],
[ 12.96700623   3.06598754   9.78347406],
[ 4.80979925  2.88040149  9.80511831],
[ 9.59191106  0.44080889  9.81066243],
[ 10.89972668   0.59993926   9.83330995],
[ 9.8282456   0.41717544  9.83413977],
[ 5.86055529  1.5626855   9.83744451],
[ 7.79709462  0.57075914  9.86003572],
[ 6.99745494  0.78618158  9.86024867],
[ 5.86614121  1.55616859  9.87182232],
[ 6.03442585  1.37881486  9.87513375],
[ 11.12457106   0.85665264   9.88360594],
[ 12.85821745   3.2835651    9.92475673],
[ 5.78819214  1.64710917  9.92720902],
[ 12.66569069   2.49853604   9.9322627 ],
[ 9.22056844  0.47794316  9.94091875],
[ 12.73831008   2.60746512   9.94139268],
[ 4.77092015  2.95815971  9.94817908],
[ 4.65865654  3.2192243   9.95656842],
[ 5.82262131  1.6069418   9.95829429],
[ 12.50202883   2.25304324   9.95970111],
[ 5.01844627  2.48023614  9.96252399],
[ 10.72822278   0.56182728   9.97802418],
[ 4.71047471  3.0948607   9.98199858],
[ 12.56338437   3.87323127   9.98281206],
[ 4.69195991  3.13929621  9.98749336],
[ 12.6346375    3.73072501   9.98878447],
[ 8.22925982  0.54533766  9.99923406],
[ 10.1814463    0.4403214   10.00965432],
[ 11.56753919   1.36290193  10.01043588],
[ 10.93975514   0.64543445  10.01047689],
[  5.84683196   1.57869605  10.02163572],
[  4.54823691   3.48423142  10.04009406],
[  5.70019632   1.74977096  10.04539135],
[  4.78621852   2.92756296  10.05548385],
[  7.61838192   0.58127165  10.05870806],
[ 12.9469702    3.10605961  10.06232422],
[  5.77844552   1.65848023  10.06689425],
[  5.84930182   1.57581455  10.07792546],
[  4.57060652   3.43054435  10.08891367],
[  9.20527383   0.47947262  10.09852125],
[  5.44846748   2.01949913  10.10291914],
[ 12.4125354    2.16739454  10.10431262],
[ 12.25357098   2.01726148  10.1098137 ],
[  8.10329879   0.55274713  10.13080889],
[ 11.41641201   1.19018516  10.15711216],
[ 10.34295447   0.47621211  10.1657605 ],
[  9.53216026   0.44678397  10.17414977],
[ 11.23665837   0.98475242  10.19030975],
[ 12.67196302   3.65607396  10.19223446],
[ 12.84867816   3.30264369  10.19538165],
[  9.01338862   0.49866114  10.20488334],
[  7.69358943   0.57684768  10.21225339],
[ 11.37683405   1.1449532   10.21384378],
[ 11.36618835   1.13278669  10.22734783],
[ 12.55154118   3.89691764  10.22827979],
[  5.92423504   1.48839245  10.24955309],
[  7.63977141   0.58001345  10.25297162],
[  5.16231004   2.32609638  10.27307769],
[  5.04021838   2.45690888  10.28304958],
[  5.84752162   1.57789145  10.28598363],
[ 12.54156728   3.91686543  10.29566411],
[ 12.90853671   2.86280507  10.29766983],
[  5.76023498   1.67972586  10.31767619],
[  5.10597233   2.38645822  10.32663645],
[  4.66440414   3.20543005  10.33930126],
[ 11.80780266   1.59625807  10.35401588],
[ 12.60307631   3.79384738  10.3610339 ],
[  5.05028409   2.44612419  10.36593663],
[ 12.65516693   3.68966614  10.37446122],
[ 12.13599405   1.9062166   10.3754422 ],
[  5.95192517   1.4560873   10.37914195],
[ 12.08006304   1.85339288  10.39750355],
[  5.91575668   1.49828387  10.40458898],
[  4.5422594    3.49857744  10.40888731],
[ 11.47152508   1.25317151  10.41112769],
[ 10.15503777   0.43445284  10.41775748],
[ 11.01539985   0.73188554  10.42654379],
[  4.55263172   3.47368387  10.43230324],
[  4.64494514   3.25213165  10.44488769],
[ 12.73936648   2.60904973  10.44764639],
[ 12.69912803   3.60174395  10.44894424],
[ 12.76175601   3.47648797  10.4528542 ],
[  7.56382345   0.58448097  10.45343153],
[ 12.51757149   2.27635724  10.47717935],
[  7.29554544   0.60274127  10.48611722],
[ 10.59703305   0.53267401  10.49348293],
[  4.65437242   3.22950619  10.49916212],
[ 11.44363737   1.22129985  10.52233232],
[  4.76618574   2.96762853  10.5374416 ],
[  5.44576478   2.02239488  10.56350162],
[ 12.84485818   2.76728727  10.59254993],
[  6.43593091   1.13173483  10.59686295],
[ 11.58173207   1.37912237  10.60314122],
[ 11.32499872   1.08571283  10.61023217],
[  6.71908326   0.95748722  10.62914113],
[ 11.20823488   0.95226843  10.6345994 ],
[  7.5722188    0.58398713  10.63798007],
[ 12.91995125   3.1600975   10.64721079],
[  4.91361602   2.67276796  10.64819955],
[  6.94082996   0.82102772  10.66709932],
[  6.09364914   1.34236976  10.66874414],
[  4.70150409   3.11639019  10.6756373 ],
[ 12.87206056   3.25587888  10.68419615],
[ 12.52716582   3.94566836  10.68822096],
[ 11.44933055   1.22780635  10.70828821],
[  5.82047605   1.60944461  10.72992046],
[ 12.54359497   2.31539246  10.72999962],
[ 10.49017295   0.50892732  10.738085  ],
[ 12.62312289   3.75375422  10.74458236],
[ 12.9212379    2.88185685  10.75650924],
[  8.09949836   0.55297068  10.76225394],
[ 11.48935089   1.27354387  10.76256343],
[  5.07040859   2.42456222  10.76667195],
[ 12.76039116   2.64058674  10.77556273],
[  4.7559896    2.9880208   10.78219445],
[ 12.59273982   3.81452036  10.78893932],
[  5.21152417   2.27336696  10.78913134],
[ 12.76601647   3.46796705  10.80999132],
[  6.42219332   1.14018873  10.81090906],
[  4.93227457   2.63545086  10.81725599],
[  4.8128855    2.874229    10.83210764],
[ 11.5696048    1.36526263  10.83733487],
[ 12.65319896   2.47979845  10.85010584],
[  4.51796543   3.55688297  10.86355378],
[  5.83678307   1.59041975  10.86634576],
[  7.78160381   0.57167036  10.87211893],
[  4.64155641   3.26026463  10.878043  ],
[  4.66941665   3.19340003  10.90752831],
[  7.40446054   0.59385526  10.92208049],
[  5.96874114   1.43646866  10.92443668],
[ 11.3777001    1.14594298  10.93781368],
[  9.51523655   0.44847635  10.96502456],
[ 12.87245544   3.25508913  10.97306937],
[ 11.29795543   1.05480621  10.97741258],
[ 11.76182583   1.55283551  11.0057081 ],
[ 10.97023927   0.68027345  11.00955348],
[ 11.32859059   1.08981782  11.01098989],
[  4.84071689   2.81856623  11.01369572],
[  5.82050197   1.60941437  11.01425824],
[  4.59869653   3.36312833  11.02437956],
[  5.91094736   1.50389475  11.02465714],
[ 12.96825069   3.06349862  11.02496161],
[  4.58138666   3.40467202  11.0273725 ],
[  8.37492255   0.53676926  11.02748668],
[  9.60712714   0.43928729  11.0412413 ],
[ 10.02393141   0.40531809  11.04745902],
[  4.66521532   3.20348324  11.04994473],
[ 10.05779187   0.41284264  11.0624701 ],
[  4.79713906   2.90572188  11.06283687],
[ 11.71056677   1.50442418  11.0635063 ],
[  5.73721414   1.7065835   11.06625594],
[  9.323984    0.4676016  11.0683659],
[  4.64587388   3.24990269  11.07108288],
[  5.97287775   1.43164263  11.07625089],
[  5.50845069   1.9552314   11.07666272],
[ 12.76333294   3.47333413  11.07861393],
[  4.80058742   2.89882515  11.08823471],
[ 12.57699323   3.84601353  11.089329  ],
[ 10.41971867   0.49327082  11.14422112],
[ 10.9989897    0.71313108  11.15024922],
[  5.11115926   2.3809008   11.16784568],
[ 12.79282321   3.41435358  11.18382513],
[  9.90477787   0.40952221  11.19154409],
[ 12.61848932   2.42773398  11.19568838],
[  5.96971291   1.43533494  11.19900777],
[ 12.90739246   3.18521509  11.20452639],
[ 10.69568978   0.55459773  11.21113818],
[ 12.69732241   2.54598362  11.22104974],
[  8.90824024   0.50539763  11.22409951],
[  5.75635258   1.68425532  11.23678426],
[  8.10660597   0.55255259  11.24683442],
[  6.02081805   1.38718889  11.25198396],
[ 12.02586613   1.8022069   11.25578097],
[ 10.93578092   0.64089248  11.26424412],
[  5.22610651   2.25774303  11.28196694],
[ 12.84698141   3.30603717  11.2820733 ],
[ 12.50732792   3.98534416  11.28426182],
[  4.52631573   3.53684225  11.30443922],
[ 11.15386673   0.89013341  11.30544398],
[  6.09715161   1.34021439  11.30550019],
[ 10.49491188   0.50998042  11.32113782],
[ 12.63907384   2.45861076  11.33638951],
[  5.38460913   2.08791879  11.35054416],
[  6.47954455   1.10489566  11.35578655],
[  9.00729645   0.49927035  11.36187143],
[  4.69470945   3.13269732  11.38936682],
[ 12.68935054   3.62129893  11.38946406],
[  4.78759905   2.92480189  11.4018327 ],
[  5.94297738   1.46652639  11.40246322],
[ 10.75822195   0.56849377  11.40446285],
[  5.92177658   1.49126066  11.40475343],
[  6.67755691   0.9830419   11.41524975],
[ 12.61307246   3.77385507  11.42080103],
[ 12.13675414   1.90693447  11.42206904],
[  5.79212496   1.64252088  11.45295009],
[  6.59145189   1.0360296   11.46138917],
[  4.90889131   2.68221738  11.47770033],
[  8.8916765    0.50637197  11.48756121],
[  9.14772922   0.48522708  11.50454407],
[  5.308911     2.16902393  11.5073636 ],
[  6.38379968   1.16381558  11.50896886],
[ 12.96271118   3.07457763  11.52224438],
[ 12.96632023   2.94948035  11.55057852],
[  4.57951424   3.40916583  11.55180278],
[  5.72401936   1.72197741  11.56135485],
[ 11.0152661    0.73173269  11.58241838],
[  4.62800966   3.29277682  11.59400356],
[  9.73427428   0.42657257  11.62520505],
[ 11.30026806   1.05744921  11.63182268],
[ 12.80481956   3.39036088  11.63669875],
[  6.04301722   1.37352786  11.6375836 ],
[  7.58885454   0.58300856  11.64974519],
[  8.85337951   0.50862473  11.68724747],
[ 12.66373565   3.6725287   11.7148898 ],
[ 11.95358054   1.73393718  11.73224139],
[ 12.40067906   2.15619689  11.74148487],
[  5.75297868   1.68819154  11.74206859],
[ 11.28105954   1.03549661  11.74268523],
[ 10.6148523    0.53663384  11.74473237],
[  4.90510675   2.6897865   11.7465275 ],
[ 12.82255395   3.3548921   11.7535519 ],
[  4.81019615   2.8796077   11.75413932],
[ 12.52646923   3.94706154  11.76374639],
[ 11.23059032   0.9778175   11.76695648],
[  6.81758267   0.8968722   11.77112262],
[ 10.37093451   0.48242989  11.77247735],
[  5.75218435   1.68911825  11.77712332],
[ 12.12917843   1.89977963  11.77767047],
[ 12.53670745   2.30506117  11.78541931],
[ 12.69205629   2.53808443  11.79567779],
[ 12.56291838   3.87416324  11.80057542],
[  5.40870354   2.06210335  11.80098694],
[ 12.70845609   3.58308782  11.80679952],
[ 10.03462688   0.40769486  11.81755681],
[  7.58070063   0.5834882   11.83420413],
[  5.81390854   1.6171067   11.83541012],
[  5.79310645   1.64137581  11.85638226],
[ 11.49666325   1.28190085  11.87052538],
[  4.5888573    3.38674247  11.87507692],
[  5.47915958   1.98661473  11.88103495],
[  6.56566113   1.05190084  11.8824456 ],
[ 11.06388234   0.7872941   11.91873504],
[  5.73824062   1.70538594  11.92056898],
[ 12.87985428   3.24029144  11.92849578],
[  5.74143912   1.70165436  11.93204881],
[  8.90449399   0.505618    11.94269733],
[  8.40184562   0.53518555  11.9505107 ],
[  4.52363619   3.54327314  11.98722704],
[  6.50136305   1.09146889  11.98822458],
[ 12.32947031   2.08894419  11.99014308],
[ 12.61287692   3.77424617  12.00009307],
[ 12.75525196   2.63287794  12.00275899],
[  5.29828975   2.18040384  12.00548519],
[  5.73387918   1.71047429  12.0259425 ],
[  9.44358813   0.45564119  12.02977753],
[  9.74809583   0.42519042  12.03413074],
[ 11.33235061   1.09411498  12.03792983],
[ 12.79109774   3.41780452  12.04866063],
[  5.85299994   1.57150008  12.0498256 ],
[ 12.48647535   2.23722672  12.0548649 ],
[ 12.91012731   2.86519096  12.06160618],
[ 11.6802602    1.4758013   12.06781761],
[ 11.38317021   1.15219452  12.07201596],
[ 11.59002233   1.38859695  12.09074634],
[ 11.31571625   1.07510428  12.10168433],
[  6.56110764   1.05470299  12.10751814],
[ 11.17390378   0.91303289  12.10841751],
[ 12.48955544   2.24013569  12.11020912],
[  9.55548838   0.44445116  12.11222924],
[  8.39613971   0.53552119  12.12220736],
[  6.91584738   0.83640161  12.13244601],
[ 12.62823375   2.44235063  12.13586792],
[  9.53275573   0.44672443  12.1457665 ],
[  5.40736674   2.06353563  12.18567765],
[ 12.61600422   3.76799156  12.18860419],
[  6.08748263   1.34616454  12.19738708],
[ 12.1322653    1.90269501  12.2056775 ],
[ 11.33602868   1.09831849  12.2090195 ],
[  7.15758923   0.6876374   12.20934041],
[ 11.96041896   1.74039568  12.23420789],
[  5.11360318   2.3782823   12.25902833],
[  5.81852159   1.61172481  12.26933729],
[ 12.75260444   3.49479113  12.26999027],
[ 12.85141239   3.29717522  12.2705451 ],
[  8.01998869   0.55764772  12.27556313],
[ 12.89171896   3.21656208  12.28267386],
[  4.98964072   2.52071856  12.28896928],
[  7.51648774   0.58726543  12.29607013],
[ 12.14158902   1.91150074  12.32969052],
[ 11.20774946   0.95171366  12.35249673],
[  4.61790085   3.31703797  12.35723805],
[  8.72883679   0.51595078  12.3573202 ],
[  9.18468074   0.48153193  12.37068559],
[  5.45515406   2.01233493  12.37406433],
[ 12.71455423   3.57089154  12.37626974],
[  4.8762725    2.747455    12.43385194],
[ 12.97017985   2.95526978  12.43547187],
[ 11.37827741   1.14660276  12.4414023 ],
[ 12.83951      2.759265    12.44575431],
[ 11.12686706   0.85927664  12.44977338],
[  6.29497295   1.21847819  12.45420194],
[ 12.99538471   3.00923058  12.46264601],
[ 12.63269561   3.73460878  12.47725224],
[  7.42630863   0.59257008  12.47799529],
[  5.23241929   2.25097933  12.48428919],
[ 12.86759821   3.26480357  12.4866673 ],
[ 10.60632399   0.53473867  12.5096256 ],
[  6.39708043   1.15564281  12.51012068],
[  5.24929473   2.23289851  12.5255969 ],
[ 12.62793708   3.74412583  12.54262334],
[ 12.86172655   3.2765469   12.55545314],
[  6.41895699   1.14218031  12.56773471],
[  6.85168519   0.87588604  12.58899528],
[ 10.75777323   0.56839405  12.59126377],
[ 12.76659413   3.46681174  12.59682255],
[  7.79241157   0.57103461  12.60985561],
[  4.51944752   3.55332595  12.63106956],
[  7.02237582   0.77084565  12.64022553],
[  6.9642566    0.80661132  12.64126187],
[  6.70614047   0.96545202  12.66299594],
[  9.58941435   0.44105856  12.66475392],
[ 11.85171818   1.63773383  12.67023212],
[ 12.93168386   3.13663227  12.68555233],
[  6.10360387   1.33624377  12.68659769],
[  7.35092709   0.59700429  12.68982072],
[ 11.14213747   0.87672854  12.709088  ],
[  5.84070244   1.58584715  12.73884862],
[ 11.34855389   1.11263302  12.74062699],
[  5.9130987    1.50138485  12.74329563],
[  6.25571681   1.24263581  12.74580363],
[ 11.05711074   0.77955514  12.75067699],
[  4.90357322   2.69285356  12.75840453],
[  5.99250306   1.40874643  12.77007649],
[ 10.02967238   0.40659386  12.78509231],
[ 12.21361151   1.97952198  12.7894637 ],
[  7.10097589   0.72247638  12.82224023],
[  4.82573213   2.84853573  12.83694113],
[ 11.21754454   0.96290804  12.86426531],
[  4.81039125   2.8792175   12.86855855],
[  4.59684322   3.36757626  12.8696502 ],
[ 10.4493935    0.49986522  12.87013885],
[ 12.87854564   2.81781846  12.87307092],
[  6.83744255   0.88465074  12.88197691],
[ 12.971316     3.05736801  12.90562775],
[ 12.85062976   2.77594463  12.91330325],
[ 12.8562056    2.78430841  12.91417969],
[  6.41731513   1.14319069  12.915999  ],
[  7.50284281   0.58806807  12.94571469],
[  5.9628795    1.44330726  12.94941981],
[ 12.60959376   3.78081248  12.95719066],
[ 10.95798183   0.66626495  12.98975107],
[  4.60385808   3.35074061  13.01452789],
[  4.98010712   2.53978577  13.01891245],
[ 12.91367461   3.17265079  13.01981903],
[ 12.88640759   2.82961138  13.02768594],
[ 10.46704976   0.50378883  13.0281285 ],
[ 12.88259322   3.23481356  13.0379734 ],
[  6.23435872   1.25577925  13.06115269],
[ 12.57794913   3.84410174  13.07388899],
[ 11.00137636   0.71585869  13.08410167],
[ 10.81572423   0.58127205  13.09912363],
[  6.14951827   1.30798876  13.09927505],
[  4.68678493   3.15171617  13.11649488],
[  6.2695965    1.23409446  13.13549289],
[  5.24469413   2.23782772  13.15713912],
[  9.03211239   0.49678876  13.16467043],
[  5.94677789   1.46209246  13.16589863],
[  4.83018277   2.83963446  13.19236386],
[ 12.17345944   1.94160058  13.19369604],
[  6.55996192   1.05540805  13.20852384],
[ 12.94691121   2.92036681  13.2087975 ],
[  5.26454916   2.21655447  13.21019006],
[ 12.58771086   2.38156629  13.21814209],
[ 11.56749961   1.3628567   13.22461575],
[ 12.81040043   2.71560064  13.22994043],
[ 10.71488488   0.55886331  13.23940417],
[  5.93320354   1.4779292   13.25004908],
[ 10.32733733   0.47274163  13.25599894],
[ 11.83163593   1.61876727  13.26767283],
[  7.40207335   0.59399569  13.27442473],
[  4.66270993   3.20949617  13.28208187],
[ 10.67869154   0.55082034  13.28952169],
[  8.20300197   0.54688224  13.33136362],
[ 12.87462702   3.25074597  13.33319942],
[  4.76272183   2.97455635  13.34470294],
[ 10.94943848   0.65650111  13.35245697],
[  7.40065887   0.59407889  13.3684217 ],
[ 11.70251338   1.49681819  13.40056624],
[  6.2004508    1.27664566  13.40247936],
[  5.89350721   1.52424158  13.40432582],
[ 11.71252858   1.50627699  13.40722901],
[ 12.68109301   3.63781398  13.40814306],
[ 12.91234652   3.17530697  13.40908598],
[  9.9258696    0.40741304  13.41823189],
[  4.95746541   2.58506917  13.41832118],
[ 12.74814674   2.62222011  13.42103248],
[ 12.76116213   3.47767574  13.43834354],
[ 12.74288598   3.51422805  13.44620085],
[  4.6600752    3.21581951  13.46637886],
[  9.73399489   0.42660051  13.48582459],
[  5.99129315   1.41015799  13.49106507],
[  7.00277405   0.78290828  13.49142467],
[ 11.01099962   0.72685671  13.49365719],
[  4.72756135   3.05385275  13.49637929],
[  4.57972181   3.40866766  13.49783461],
[  9.7924142    0.42075858  13.50801638],
[  8.47169148   0.53107697  13.52841997],
[ 10.24779231   0.45506496  13.53253096],
[ 11.55192614   1.34505844  13.54100296],
[ 12.7376422    2.6064633   13.54770215],
[  4.92417362   2.65165276  13.57025147],
[ 11.08854398   0.81547884  13.57111964],
[ 12.66260874   3.67478252  13.57319849],
[ 12.51669924   2.27504887  13.586444  ],
[ 11.05017902   0.77163317  13.60979654],
[ 12.58607741   3.82784518  13.61212218],
[  6.04297773   1.37355217  13.61818033],
[ 12.83427782   2.75141673  13.62115472],
[  4.66600578   3.20158613  13.62350289],
[  4.51494492   3.56413218  13.64175359],
[  7.26304829   0.62273952  13.65331673],
[ 12.58206461   3.83587077  13.65493745],
[  9.95514817   0.40448518  13.65790806],
[ 12.6008798    3.79824039  13.65819587],
[ 11.01868324   0.73563799  13.66603552],
[  8.75647015   0.51432529  13.66656425],
[  4.54660459   3.48814899  13.66685905],
[  9.96779279   0.40322072  13.67176867],
[ 12.85098968   2.77648452  13.68218514],
[  8.0845499    0.55385001  13.7078792 ],
[  4.70734702   3.10236716  13.71091954],
[  7.30573768   0.59966249  13.71476227],
[  4.78886539   2.92226921  13.71584919],
[ 12.1067429    1.87859051  13.73206327],
[  5.49736006   1.96711422  13.75066934],
[ 11.7987125    1.58767291  13.7579911 ],
[ 12.8637485    3.27250301  13.76584106],
[  4.96075177   2.57849645  13.76650327],
[  7.33062429   0.59819857  13.76984318],
[  6.7819429    0.91880437  13.77016918],
[  5.70012222   1.74985741  13.79855272],
[ 10.04672675   0.41038372  13.80488724],
[ 12.91930337   3.16139326  13.80704719],
[  4.78961783   2.92076434  13.83118883],
[  6.93432471   0.82503095  13.84314235],
[ 12.88091313   3.23817374  13.84363422],
[ 12.12095791   1.89201581  13.84477482],
[  4.79751819   2.90496363  13.8469818 ],
[ 11.97559187   1.75472565  13.85407915],
[  7.11845155   0.71172212  13.85976416],
[  7.69155548   0.57696732  13.86533474],
[ 10.71147444   0.55810543  13.8697591 ],
[ 12.47540607   2.2267724   13.87136818],
[  7.58937129   0.58297816  13.87185935],
[ 10.52309757   0.5162439   13.8976011 ],
[  5.9327532   1.4784546  13.9128421],
[  4.80434738   2.89130525  13.9169347 ],
[  9.42796515   0.45720349  13.92634765],
[ 12.74923061   3.50153877  13.92990738],
[  5.40973113   2.06100236  13.94574474],
[  4.72974853   3.04860354  13.95215951],
[ 10.86833317   0.59296293  13.97893526],
[ 12.12976237   1.90033112  13.99140269],
[  7.73691361   0.5742992   14.00037978],
[  7.74224032   0.57398586  14.00136284],
[  5.88542147   1.53367495  14.01255913],
[  4.89997109   2.70005782  14.01296595],
[ 12.64425434   3.71149131  14.02257936],
[  5.77752609   1.6595529   14.05434637],
[  9.17774651   0.48222535  14.07470648],
[  9.46099442   0.45390056  14.07645153],
[  5.91036246   1.50457713  14.09157959],
[  4.67394653   3.18252833  14.09201667],
[  7.07750923   0.7369174   14.09232135],
[ 12.27920896   2.04147513  14.09496225],
[  5.83188682   1.59613204  14.10008723],
[  7.08899206   0.72985104  14.12855421],
[ 12.79879651   2.69819476  14.1337376 ],
[ 12.91098509   3.17802981  14.14941433],
[ 12.0950146    1.86751379  14.17033918],
[  4.77941338   2.94117324  14.18101718],
[  8.70190173   0.51753519  14.18482499],
[  5.97216026   1.4324797   14.18644723],
[ 10.06721686   0.41493708  14.18993729],
[ 12.92048818   2.88073228  14.19010061],
[  5.83708417   1.59006847  14.20958723],
[  4.90924599   2.68150803  14.21507357],
[ 12.84422491   2.76633737  14.22019486],
[ 12.6902296    3.61954079  14.23030931],
[ 10.06932921   0.41540649  14.23845997],
[  8.73056058   0.51584938  14.26719619],
[ 10.73601564   0.56355903  14.26773272],
[  4.51528484   3.56331639  14.28022963],
[  5.77865483   1.65823603  14.28501087],
[ 12.20840597   1.97460563  14.29638076],
[ 11.02853044   0.74689193  14.30068917],
[  5.94943973   1.45898698  14.30406191],
[ 11.7444053    1.53638279  14.31390879],
[  5.91910317   1.49437963  14.3262795 ],
[  9.78744212   0.42125579  14.33707912],
[  5.73057049   1.71433443  14.35316752],
[  5.68149316   1.76982875  14.35552294],
[ 11.51868151   1.30706459  14.35606569],
[ 12.65475357   2.48213036  14.37642461],
[ 10.8464255    0.58809456  14.37861693],
[  7.77804544   0.57187968  14.39536265],
[  4.52667137   3.5359887   14.40338199],
[ 11.62656999   1.42509388  14.41362001],
[  7.07713648   0.73714678  14.42187168],
[ 12.58398569   2.37597854  14.45116758],
[  4.58193172   3.40336388  14.45298344],
[  4.53389685   3.51864757  14.45556604],
[  5.05871057   2.43709582  14.47074452],
[ 10.13389286   0.42975397  14.48653019],
[  4.61419187   3.32593951  14.4898151 ],
[ 12.99353236   3.01293528  14.49208093],
[ 11.01897268   0.73596878  14.4994464 ],
[  4.94955866   2.60088268  14.50730526],
[ 12.40403187   2.15936343  14.51166859],
[  4.5381476    3.50844575  14.51181887],
[  9.87319874   0.41268013  14.51205586],
[  4.92278498   2.65443005  14.53910639],
[ 12.33653418   2.09561562  14.54620125],
[ 12.89730294   3.20539413  14.55791774],
[  5.70041898   1.74951119  14.56483344],
[ 12.66502563   2.49753844  14.57066896],
[  9.82865871   0.41713413  14.58106354],
[  4.55615613   3.46522528  14.58451199],
[  4.99923741   2.50152517  14.58614808],
[  9.91039795   0.40896021  14.5869593 ],
[ 11.04189866   0.76216989  14.60916958],
[ 12.96150474   3.07699051  14.62638088],
[  4.75491753   2.99016493  14.64702122],
[ 12.91751406   3.16497188  14.65994512],
[  5.61160937   1.84470425  14.6801184 ],
[ 12.70880508   3.58238983  14.71141124],
[  8.22253606   0.54573317  14.72402484],
[  4.62165515   3.30802764  14.72986709],
[  5.89965663   1.51706726  14.73475262],
[ 12.60411573   3.79176854  14.73509347],
[  5.38662193   2.08576222  14.74378233],
[ 12.94474676   3.11050648  14.76977977],
[  5.63252505   1.82229459  14.77257159],
[ 12.84989936   2.77484903  14.78849365],
[ 10.60751609   0.53500358  14.7898807 ],
[  4.90406445   2.69187111  14.80818829],
[ 12.03022992   1.80632825  14.81330259],
[  4.91002058   2.67995883  14.83464183],
[  8.45009801   0.53234718  14.83992528],
[ 10.28019948   0.46226655  14.84940442],
[  5.26548658   2.21555009  14.85340593],
[  4.62774916   3.29340201  14.85762746],
[ 11.32182315   1.08208359  14.88934053],
[  5.96539575   1.44037162  14.88960256],
[ 12.91420166   3.17159668  14.90735752],
[ 12.90489328   3.19021344  14.90800663],
[  5.34222866   2.13332643  14.90973085],
[  4.88433036   2.73133928  14.91093444],
[ 12.77188774   2.65783161  14.92171525],
[  7.45384671   0.59095019  14.92876328],
[  5.14230345   2.34753202  14.93344079],
[  9.45985448   0.45401455  14.93652185],
[ 12.8236289    3.3527422   14.93960215],
[  9.36510534   0.46348947  14.95082896],
[  4.91240866   2.67518268  14.9854258 ],
[  5.99288627   1.40829936  15.00033802],
[ 12.86686778   3.26626445  15.00809204],
[  5.17364908   2.31394741  15.00928057],
[  7.06472624   0.74478385  15.02152721],
[ 12.98279448   3.03441104  15.02266592],
[ 12.9407606    3.11847879  15.02996532],
[ 12.15322428   1.92248959  15.03201077],
[ 11.53374569   1.32428078  15.04435508],
[ 11.40856523   1.18121741  15.04794452],
[ 12.92640622   2.88960932  15.05267219],
[  5.81831953   1.61196054  15.05832224],
[  5.0788081    2.41556275  15.07566385],
[ 12.78816044   2.68224066  15.07586533],
[  7.186945     0.66957231  15.08059995],
[ 12.62595388   2.43893083  15.10587129],
[ 10.17727345   0.4393941   15.11296055],
[ 11.01444895   0.7307988   15.13743456],
[ 12.67744561   2.51616841  15.13886324],
[  9.47710065   0.45228993  15.14370056],
[ 12.18324152   1.95083921  15.15330405],
[  5.94247877   1.46710811  15.15382778],
[ 12.73115302   3.53769395  15.17201252],
[  6.71149602   0.96215629  15.18049776],
[  5.91667517   1.4972123   15.18340281],
[ 11.78338601   1.5731979   15.22231925],
[ 12.53729661   2.30594491  15.22332617],
[ 12.15755392   1.9265787   15.22875542],
[ 11.30255639   1.06006444  15.24424961],
[ 12.60814281   3.78371437  15.27639633],
[  8.0815252    0.55402793  15.28343333],
[  5.36973052   2.10386016  15.28620169],
[  5.87575056   1.54495769  15.30944248],
[  5.84617926   1.57945753  15.3183274 ],
[  4.9025878    2.6948244   15.33345217],
[ 10.79516786   0.57670397  15.3345632 ],
[  5.27352011   2.20694274  15.33510328],
[  4.82105343   2.85789315  15.36227417],
[  5.3144754    2.16306207  15.38992447],
[ 11.79583417   1.58495449  15.43514841],
[ 10.13845021   0.43076671  15.44613301],
[  4.84087588   2.81824823  15.44752876],
[  5.97957724   1.42382655  15.46987598],
[ 12.7229192    3.55416161  15.47031514],
[ 12.75986885   3.4802623   15.47354332],
[  4.85532868   2.78934264  15.47763156],
[ 11.87625714   1.66090952  15.49228306],
[ 12.62931583   2.44397375  15.4999423 ],
[ 11.98334659   1.76204956  15.53165359],
[  5.20849046   2.27661737  15.54572388],
[  8.84305292   0.50923218  15.55039884],
[ 12.72018994   3.55962012  15.55087991],
[ 10.85523659   0.59005258  15.56083037],
[  6.16176579   1.30045182  15.57559526],
[ 11.40960826   1.18240944  15.58887054],
[ 12.72672435   2.59008652  15.6008395 ],
[  9.34771803   0.4652282   15.60116592],
[ 12.58718168   3.82563664  15.62065962],
[ 12.94628808   3.10742384  15.62945302],
[ 11.24745793   0.99709478  15.63103147],
[ 12.77711598   3.44576805  15.63436896],
[  5.8797026    1.54034696  15.63462565],
[ 11.00422793   0.71911763  15.63537359],
[  6.57127191   1.04844805  15.64842877],
[ 12.83171237   2.74756855  15.66424574],
[ 11.80724814   1.59573435  15.67989952],
[ 12.66433403   2.49650105  15.68442443],
[  5.83277323   1.5950979   15.70656519],
[  8.1247747    0.55148384  15.7336156 ],
[  5.73844847   1.70514346  15.76274674],
[  5.81166114   1.61972867  15.7673313 ],
[  8.87338248   0.50744809  15.77966535],
[  4.86637389   2.76725221  15.78233399],
[  4.78716403   2.92567194  15.79081672],
[  5.99178652   1.4095824   15.79804039],
[  5.75391275   1.68710179  15.82547076],
[  4.67170971   3.18789671  15.8265433 ],
[ 12.57303562   3.85392875  15.82766247],
[ 10.71325829   0.55850184  15.84508188],
[  5.82308919   1.60639595  15.84756141],
[  5.97738807   1.42638059  15.85871644],
[  6.82278872   0.89366848  15.89401462],
[ 10.24698328   0.45488517  15.89782485],
[  6.31348364   1.20708699  15.90533857],
[ 12.72617993   3.54764014  15.90844804],
[  6.86697573   0.86647647  15.90912692],
[ 12.96965331   3.06069338  15.90968137],
[ 12.90570327   3.18859347  15.92096128],
[  9.16780205   0.48321979  15.9212596 ],
[  4.50969488   3.57673228  15.9371077 ],
[  4.82807459   2.84385081  15.94458284],
[  6.22621531   1.26079058  15.94769075],
[ 12.98635083   3.02729834  15.95178426],
[  5.26266931   2.2185686   15.9661957 ],
[ 12.07845868   1.85187764  15.98576778],
[ 12.83400782   3.33198436  15.99737915],
[  5.91609131   1.49789347  16.00395728],
[ 10.22811421   0.45069205  16.00853176],
[ 11.77284654   1.56324396  16.01380259],
[  9.7512614    0.42487386  16.02571423],
[ 11.65980766   1.45648501  16.03905067],
[  4.75785656   2.98428688  16.05683563],
[ 11.81653993   1.60450993  16.0593249 ],
[  6.97751231   0.79845396  16.0605486 ],
[ 10.32173796   0.47149732  16.06751234],
[  6.2681227    1.23500141  16.0774824 ],
[ 12.9416579    3.1166842   16.08204072],
[  4.73292035   3.04099115  16.08414328],
[ 11.83368253   1.62070017  16.08854386],
[  7.56137078   0.58462525  16.09862755],
[  4.99927816   2.50144369  16.11680776],
[ 11.9034786    1.68661868  16.12158058],
[ 11.92275795   1.70482695  16.1321621 ],
[  4.9788461    2.54230781  16.14299629],
[ 12.70510415   2.55765623  16.16170712],
[ 11.9789967    1.75794133  16.17167892],
[  5.00074253   2.49920443  16.18398917],
[  7.55090559   0.58524085  16.20150209],
[ 11.97957314   1.75848574  16.20515362],
[  9.54278199   0.4457218   16.21186749],
[ 12.81622562   2.72433842  16.22826734],
[ 10.22222628   0.44938362  16.24039211],
[ 11.78540438   1.57510414  16.24500608],
[  4.83074976   2.83850048  16.26841153],
[ 12.65656882   3.68686237  16.27738859],
[  9.24321961   0.47567804  16.29203351],
[ 12.86496564   3.27006871  16.30083108],
[ 12.62487003   3.75025994  16.30415379],
[  4.95251509   2.59496982  16.33548199],
[  5.11222325   2.3797608   16.34300291],
[  7.48449202   0.58914753  16.34875455],
[  7.24804981   0.63196935  16.35703908],
[  5.63286772   1.82192744  16.357258  ],
[  5.80800474   1.62399447  16.35843942],
[  5.53865932   1.92286501  16.3600801 ],
[  9.18557948   0.48144205  16.36346219],
[ 11.64670823   1.44411333  16.36450883],
[ 10.11645354   0.42587856  16.37059752],
[  7.11983536   0.71087055  16.37139391],
[  5.52100834   1.94177678  16.37451884],
[ 12.89257794   2.8388669   16.38851503],
[  5.0849056    2.40902971  16.40112439],
[ 12.80542209   2.70813314  16.40324643],
[  7.64003124   0.57999816  16.40540751],
[  6.66721807   0.98940426  16.43827385],
[ 12.81713234   3.36573531  16.45258855],
[ 11.69722152   1.49182032  16.45739073],
[  5.94533188   1.46377947  16.46137738],
[  6.76462744   0.92946004  16.47165403],
[ 11.837239     1.62405906  16.4776783 ],
[ 12.71247713   3.57504574  16.47811456],
[  9.09086253   0.49091375  16.49035606],
[  9.31107585   0.46889242  16.49475502],
[  6.54847579   1.06247644  16.49583419],
[  4.82234747   2.85530506  16.50671007],
[  5.96666782   1.43888754  16.51920889],
[ 12.71278175   3.5744365   16.54395677],
[ 11.08809665   0.8149676   16.56792355],
[ 12.64832661   3.70334678  16.58357365],
[ 11.21318415   0.95792474  16.58400475],
[  5.93746798   1.47295402  16.60910611],
[ 12.75342085   3.49315831  16.60994468],
[  5.74754306   1.6945331   16.61535223],
[ 11.84907936   1.63524162  16.65211653],
[  9.09114873   0.49088513  16.66142182],
[ 10.71924055   0.55983123  16.68073943],
[  9.96122467   0.40387753  16.68989989],
[ 10.79715215   0.57714492  16.69782522],
[ 12.68973376   3.62053249  16.70309345],
[ 11.31223211   1.07112241  16.70479184],
[  4.99317758   2.51364483  16.71029641],
[ 10.44428056   0.49872901  16.73350612],
[  4.76281282   2.97437436  16.75474447],
[  9.29592769   0.47040723  16.77161591],
[  4.85673254   2.78653493  16.77906175],
[ 11.22115533   0.96703466  16.79038406],
[ 10.5187516    0.51527813  16.79768469],
[ 12.5288023    3.94239541  16.80666928],
[ 12.53312998   3.93374005  16.80986896],
[ 12.67905036   3.64189928  16.81993146],
[  6.61498965   1.02154483  16.82577826],
[ 10.85440542   0.58986787  16.82831758],
[ 10.88385839   0.59641298  16.8332666 ],
[  4.56081362   3.45404732  16.84463586],
[  4.99931145   2.5013771   16.85326453],
[  4.64886635   3.24272077  16.86583097],
[  5.18687238   2.2997796   16.86969974],
[ 12.58545039   3.82909922  16.88007747],
[  4.83631132   2.82737737  16.88532866],
[  5.64995906   1.80361529  16.8870362 ],
[  8.19461407   0.54737564  16.89914433],
[  6.47691494   1.10651388  16.90615164],
[  6.18219868   1.28787774  16.91228963],
[ 12.78734609   2.68101914  16.94785576],
[ 11.79613919   1.58524257  16.95149451],
[  4.64697612   3.24725731  16.95150587],
[  8.85681366   0.50842273  16.98285913],
[ 12.60196631   3.79606738  17.01014828],
[  4.73177947   3.04372928  17.02684076],
[  4.50849896   3.5796025   17.06518349],
[ 12.90184521   2.85276782  17.10287303],
[  7.87339766   0.56627073  17.12111326],
[ 12.5854195    3.829161    17.13046339],
[  4.65868604   3.21915351  17.15862973],
[  8.36960347   0.53708215  17.16754334],
[ 12.57478598   3.85042804  17.17137866],
[ 10.64719758   0.54382169  17.17163793],
[  5.85064885   1.57424301  17.17492471],
[  4.7598246    2.98035081  17.17707812],
[  8.56784887   0.52542065  17.17928044],
[ 10.68209091   0.55157576  17.18406943],
[  5.14073051   2.34921732  17.2092138 ],
[  6.68916035   0.97590132  17.21280497],
[ 12.83331546   2.74997318  17.22408729],
[ 10.50686029   0.51263562  17.22433805],
[  4.56353379   3.44751889  17.22637826],
[  4.97089469   2.55821061  17.23656834],
[  8.9753351    0.50145088  17.243278  ],
[  4.76739784   2.96520433  17.24565667],
[  9.48859717   0.45114028  17.24689417],
[  8.74691869   0.51488714  17.25239164],
[ 12.74946916   3.50106167  17.25354426],
[ 12.93276989   2.89915484  17.26224673],
[  6.47156151   1.1098083   17.26527064],
[  5.03794347   2.45934629  17.2771918 ],
[ 12.8106715    3.378657    17.29841976],
[  4.80052261   2.89895479  17.30274908],
[  4.70336142   3.1119326   17.30429159],
[  4.60280765   3.35326163  17.3298496 ],
[  9.42795582   0.45720442  17.33095122],
[ 11.685909     1.48113627  17.33329943],
[  4.63137261   3.28470573  17.33342647],
[ 11.04458477   0.76523973  17.35885837],
[  4.53713587   3.51087391  17.3790939 ],
[ 12.89582665   3.2083467   17.3852073 ],
[  9.97914377   0.40208562  17.38686794],
[ 12.52032795   2.28049193  17.39433196],
[ 12.82641486   3.34717028  17.39521102],
[ 12.63980684   3.72038633  17.39634464],
[  5.65286444   1.80050239  17.40138185],
[ 12.72520895   2.58781343  17.42191525],
[ 12.58524339   3.82951323  17.43601235],
[ 12.54188443   2.31282664  17.4388639 ],
[ 12.91534624   3.16930752  17.46310007],
[ 11.05151578   0.77316089  17.46596498],
[ 12.4315569    2.18535929  17.47433113],
[ 12.09167471   1.86435945  17.49268664],
[ 10.80477825   0.57883961  17.49946172],
[  4.86595744   2.76808512  17.52904077],
[ 12.53228694   2.29843042  17.53135941],
[  9.29948319   0.47005168  17.53286256],
[  4.733379     3.0398904   17.53501809],
[  5.97177864   1.43292492  17.54635483],
[ 12.96404495   2.94606743  17.55347848],
[ 12.98417322   2.97625983  17.57147787],
[  9.46974018   0.45302598  17.58918512],
[  5.8438361    1.58219122  17.59489352],
[ 10.62089726   0.53797717  17.59498753],
[ 11.89134362   1.67515787  17.62593807],
[ 11.23513042   0.9830062   17.63144916],
[  5.65676501   1.7963232   17.64536988],
[ 12.66218142   2.49327213  17.64814772],
[  5.39071408   2.08137777  17.65003329],
[  4.69410952   3.13413716  17.66819324],
[  4.69519821   3.1315243   17.68671896],
[ 12.04792683   1.82304201  17.7066502 ],
[ 12.80645347   2.70968021  17.70691958],
[ 12.5027804    3.99443921  17.72041057],
[ 10.07447256   0.41654946  17.73414027],
[ 12.50700156   3.98599687  17.75197546],
[  8.02800603   0.55717612  17.7690105 ],
[ 12.46631393   2.21818538  17.77246039],
[  6.03994627   1.37541768  17.78411317],
[ 12.84443678   2.76665517  17.79561393],
[ 12.98228392   3.03543216  17.79668372],
[ 12.85394262   3.29211477  17.80178837],
[ 10.7680331    0.57067402  17.81227012],
[ 11.12073824   0.85227228  17.821009  ],
[ 12.80841902   3.38316197  17.8397179 ],
[  6.84149446   0.88215726  17.84425637],
[ 12.94143594   3.11712813  17.86396777],
[  5.72841181   1.71685289  17.8639771 ],
[ 12.66739788   3.66520424  17.86676097],
[ 12.74677994   3.50644012  17.86743336],
[ 12.66963415   3.6607317   17.87102066],
[  7.28777429   0.60752352  17.87167712],
[  5.55906518   1.9010016   17.879918  ],
[  5.92977588   1.48192814  17.89256239],
[ 10.98477426   0.69688487  17.93968768],
[  5.81826858   1.61201999  17.9401552 ],
[  4.5889704    3.38647104  17.94060882],
[ 10.73178964   0.56261992  17.96976519],
[  5.7790942    1.65772344  17.98310737],
[ 12.91524358   2.87286538  17.98425148],
[ 12.94816497   3.10367006  17.99032432],
[ 11.1842645    0.92487372  17.99521845],
[  5.73825995   1.70536339  17.9959788 ],
[ 12.76639841   2.64959762  18.00240707],
[  6.29443545   1.21880895  18.00635279],
[  7.5122223    0.58751634  18.0107539 ],
[ 12.37198401   2.12909601  18.01992288],
[  4.94560447   2.60879105  18.03595707],
[ 12.07932789   1.85269856  18.04581385],
[ 12.94884458   2.92326688  18.05977076],
[ 12.58263936   3.83472128  18.06723484],
[ 11.97748042   1.75650929  18.07040194],
[ 12.60294436   3.79411128  18.08361717],
[ 11.19920928   0.94195347  18.08645797],
[  6.58642526   1.03912291  18.10830621],
[  9.58166931   0.44183307  18.11024591],
[  6.24524594   1.24907942  18.11635758],
[  8.67215449   0.51928503  18.11958097],
[  9.92481045   0.40751895  18.13870165],
[  4.8539361    2.79212781  18.14198192],
[ 11.13878523   0.8728974   18.15825541],
[  4.80613851   2.88772297  18.18798259],
[  4.90889767   2.68220465  18.19017956],
[  6.93087398   0.82715447  18.19598359],
[ 12.6326178    2.44892669  18.19903018],
[ 10.84198542   0.58710787  18.21217834],
[ 12.79863638   2.69795457  18.21443134],
[  6.19168937   1.28203731  18.21488447],
[ 11.54484694   1.33696793  18.23152598],
[  7.00277464   0.78290792  18.24884552],
[ 10.99048642   0.70341305  18.26066657],
[ 11.64277053   1.44039439  18.27254276],
[  9.53603958   0.44639604  18.2734717 ],
[ 12.15488332   1.92405647  18.27669834],
[ 12.82944243   3.34111514  18.29126108],
[  6.50235818   1.09085651  18.2952566 ],
[  5.51360378   1.94971024  18.29987913],
[  4.75558176   2.98883648  18.31335824],
[  5.55173522   1.90885512  18.32872607],
[  4.59960504   3.3609479   18.33474247],
[ 12.50252296   3.99495408  18.3435817 ],
[  4.66037554   3.2150987   18.366089  ],
[ 12.79748149   3.40503703  18.36853209],
[ 11.68550662   1.48075626  18.37176972],
[ 12.65253614   3.69492772  18.37630575],
[ 10.59149129   0.53144251  18.37934156],
[  4.51900711   3.55438295  18.41518788],
[ 12.72618013   3.54763973  18.41971019],
[ 10.99428068   0.70774935  18.44649408],
[  4.88747718   2.72504564  18.44724293],
[ 12.70174195   3.59651609  18.45237403],
[ 12.72270528   2.58405793  18.45278104],
[ 11.42771442   1.20310219  18.45592965],
[  4.70692603   3.10337754  18.47939519],
[  5.84916145   1.57597831  18.48509369],
[  8.32249514   0.53985323  18.48600103],
[  8.35563133   0.53790404  18.5417267 ],
[  5.60534777   1.8514131   18.55296486],
[ 12.72869627   2.5930444   18.56992376],
[ 12.76568192   3.46863617  18.57110679],
[ 12.54826212   3.90347576  18.57937538],
[  5.98840631   1.41352598  18.5984138 ],
[  5.45640818   2.01099124  18.59893247],
[ 11.05112052   0.77270917  18.61685593],
[ 10.60131817   0.53362626  18.62030367],
[  5.46786652   1.99871444  18.6213576 ],
[  5.93318062   1.47795595  18.62275765],
[  4.55368694   3.47115133  18.63470601],
[  5.32945707   2.14701029  18.63482165],
[  4.77091761   2.95816479  18.64369874],
[ 12.68900177   3.62199647  18.65615005],
[ 12.51740517   2.27610776  18.66616605],
[ 11.07552098   0.80059541  18.67421933],
[ 11.14056231   0.87492835  18.67505105],
[ 12.61077177   2.41615765  18.67640087],
[ 10.68969195   0.55326488  18.68403824],
[  7.72666238   0.57490221  18.68783668],
[  5.01763508   2.48110527  18.69621938],
[  5.73355703   1.71085013  18.70037188],
[  5.09643866   2.39667286  18.70412883],
[  4.54962158   3.48090821  18.71559034],
[  9.24141336   0.47585866  18.72214386],
[ 12.7086151    3.5827698   18.72464757],
[  4.70398225   3.1104426   18.74986292],
[ 12.70409092   3.59181816  18.75665386],
[ 10.39027545   0.48672788  18.78095696],
[  9.68103074   0.43189693  18.78276745],
[  9.76268286   0.42373171  18.78537007],
[ 12.9026655    3.19466901  18.78679238],
[  9.62507423   0.43749258  18.79690316],
[  6.38226536   1.16475978  18.80766901],
[  5.94854367   1.46003238  18.81932734],
[ 11.94475223   1.72559933  18.82235346],
[ 12.56394602   3.87210797  18.82464827],
[  5.80072183   1.6324912   18.82676541],
[  6.62370435   1.01618194  18.86642404],
[  9.78000407   0.42199959  18.88824748],
[  5.1326639    2.35786011  18.92494815],
[ 10.64471234   0.54326941  18.94240899],
[  7.41501995   0.59323412  18.95050902],
[  5.69769988   1.75246441  18.95241385],
[  5.92853594   1.48337474  18.9531291 ],
[  4.62906509   3.29024379  18.95561208],
[  5.98483667   1.41769055  18.96647744],
[ 10.6739187    0.54975971  18.97002356],
[ 11.0508665    0.77241885  19.00229185],
[ 12.73208032   3.53583935  19.01565244],
[  4.93747235   2.6250553   19.03350699],
[ 10.114295     0.42539889  19.03775987],
[ 12.39636325   2.15212085  19.07040281],
[  4.68961611   3.14492132  19.07498355],
[  4.67703249   3.17512203  19.07579555],
[ 12.52306362   3.95387276  19.08793783],
[  5.77504322   1.66244958  19.09338555],
[ 12.71051516   3.57896969  19.09359338],
[ 12.91699995   2.87549993  19.14864519],
[  5.04937156   2.44710189  19.17469542],
[  5.37556206   2.09761208  19.18161162],
[  5.89114551   1.5269969   19.20264206],
[ 11.56039159   1.35473325  19.20396038],
[  5.97220671   1.43242551  19.20711687],
[ 10.241975     0.45377222  19.23730685],
[ 12.5835546    3.83289081  19.24975227],
[ 12.52509915   3.9498017   19.25506047],
[ 12.52315427   3.95369147  19.26079948],
[  6.5885595    1.03780954  19.29206838],
[ 11.7032683    1.49753117  19.33525024],
[ 12.56470738   3.87058523  19.33702171],
[ 12.98059362   3.03881276  19.37870852],
[  5.29437669   2.18459641  19.3792578 ],
[  9.17902865   0.48209713  19.38445337],
[  8.28975522   0.5417791   19.39812068],
[  8.39844519   0.53538558  19.41024468],
[  8.25321357   0.54392861  19.42710283],
[  8.77059805   0.51349423  19.46455161],
[ 11.97251986   1.75182431  19.46504254],
[  5.8627947    1.56007285  19.47401883],
[ 12.47958972   2.23072362  19.47627092],
[  5.71671137   1.7305034   19.50461919],
[  5.85348109   1.57093873  19.51342821],
[ 12.71230503   3.57538995  19.51772098],
[ 11.64963486   1.44687737  19.51869991],
[  5.03880735   2.4584207   19.53757439],
[ 12.8026297    2.70394456  19.53793067],
[  9.08104843   0.49189516  19.57638555],
[ 10.83522458   0.58560546  19.57997019],
[  4.68447587   3.15725791  19.58210177],
[  9.15061169   0.48493883  19.58986665],
[ 11.85708993   1.64280715  19.60113097],
[ 12.86833062   3.26333876  19.6322531 ],
[ 12.26897348   2.03180829  19.63226651],
[  5.744894     1.69762367  19.63835822],
[  8.93155204   0.50402635  19.64572544],
[  9.09181303   0.4908187   19.65157836],
[  7.88358924   0.56567122  19.65339064],
[ 11.07653244   0.80175136  19.65710134],
[ 12.34319422   2.10190565  19.66243816],
[  9.53249222   0.44675078  19.66325784],
[  6.50094954   1.09172336  19.66989534],
[  4.72686823   3.05551624  19.67677743],
[  8.31465135   0.54031463  19.71543496],
[  4.7881396    2.9237208   19.72789071],
[ 12.97346836   3.05306327  19.73210884],
[  5.79300573   1.64149331  19.73935521],
[  6.48547222   1.10124787  19.74728344],
[ 12.341691     2.10048594  19.76442775],
[  4.91350933   2.67298133  19.76597621],
[  4.85152174   2.79695652  19.76963371],
[ 12.98762129   3.02475743  19.77603123],
[  4.63504142   3.27590058  19.78005109],
[ 10.96468819   0.67392936  19.78259913],
[ 12.52728299   3.94543402  19.78837821],
[  4.71083354   3.0939995   19.84687162],
[ 12.85096183   3.29807634  19.85966028],
[ 12.82384579   2.73576868  19.8797884 ],
[ 10.93285557   0.63754922  19.89508883],
[  6.38017821   1.16604418  19.91480741],
[  9.09722262   0.49027774  19.92310405],
[ 12.89042674   2.83564011  19.92345332],
[  7.17495057   0.67695349  19.93015023],
[ 12.23848021   2.00300909  19.93155782],
[ 12.31534224   2.07560101  19.94381744],
[ 11.06650607   0.79029265  19.94876761],
[ 12.83757229   2.75635843  19.95342689],
[ 12.45822153   2.21054256  19.96423957],
[ 12.78309026   2.67463538  19.98556001],
[  6.3093289    1.20964376  20.00361402],
[ 12.57652126   3.84695748  20.00394172],
[ 11.34145588   1.104521    20.05748495],
[  6.03229676   1.38012507  20.06669407],
[ 11.56460178   1.35954489  20.072336  ],
[ 12.70822174   3.58355651  20.07613208],
[ 11.42147436   1.19597069  20.09419022],
[  5.94320843   1.46625683  20.10008734],
[  5.23083819   2.25267337  20.12066426],
[  5.95307652   1.45474406  20.13429138],
[  5.97555823   1.4285154   20.14442411],
[ 12.59213374   3.81573252  20.14489302],
[  5.64976153   1.80382693  20.16525935],
[  9.42998283   0.45700172  20.19561671],
[  4.65033204   3.2392031   20.20480051],
[ 12.9286179    2.89292685  20.21724438],
[ 11.747567     1.53936884  20.22213074],
[ 12.77212656   3.45574689  20.22623154],
[  9.04420152   0.49557985  20.24452036],
[ 11.06586713   0.78956244  20.24690953],
[ 10.36759858   0.48168857  20.25641401],
[ 12.99175792   2.98763688  20.26533887],
[  7.26206661   0.62334362  20.27097927],
[  4.50578717   3.58611078  20.27888849],
[  7.24712226   0.63254015  20.29776527],
[  9.02563172   0.49743683  20.29896034],
[ 12.83099343   2.74649014  20.29922226],
[  5.87822014   1.54207651  20.31515686],
[  9.09846692   0.49015331  20.31540184],
[ 12.66469814   3.67060372  20.33589213],
[  5.78185456   1.65450301  20.3520838 ],
[  7.55128177   0.58521872  20.35282636],
[  5.34074985   2.13491087  20.37076492],
[  4.63405909   3.27825819  20.3743911 ],
[  5.59191409   1.86580633  20.37504632],
[ 12.77709832   3.44580336  20.37866276],
[  6.49348446   1.09631725  20.37870551],
[ 11.63325259   1.43140523  20.3918343 ],
[  4.80777728   2.88444545  20.40879171],
[ 12.82782354   3.34435293  20.41319083],
[  8.6183433    0.52245039  20.41532594],
[ 11.63280857   1.43098587  20.41812629],
[  9.18134781   0.48186522  20.44781539],
[ 12.78344793   3.43310415  20.4678036 ],
[  7.19849234   0.66246625  20.50310525],
[ 12.85271042   3.29457916  20.50454647],
[  5.78777015   1.64760149  20.50592501],
[  5.81353758   1.61753949  20.54084429],
[ 12.06039106   1.83481378  20.55542507],
[ 12.7947855    3.41042901  20.55753946],
[ 12.72667818   2.59001727  20.58940579],
[ 12.55688493   2.3353274   20.59045479],
[ 11.1081428    0.83787748  20.59323321],
[ 12.90858587   2.86287881  20.59324823],
[ 12.6434032    3.71319359  20.60331914],
[  6.75984539   0.93240284  20.60616851],
[  8.94648612   0.50314788  20.64035771],
[  4.61777088   3.3173499   20.6433243 ],
[  4.58000185   3.40799556  20.64483923],
[ 10.4193697    0.49319327  20.65447874],
[ 12.83945429   3.32109142  20.66573931],
[ 11.51597827   1.30397517  20.66999212],
[ 12.88236057   3.23527885  20.68035433],
[ 10.03392279   0.4075384   20.68828974],
[ 10.25593294   0.45687399  20.68848004],
[  5.17657608   2.31081134  20.72067755],
[  5.61483861   1.84124435  20.72678736],
[ 12.53405517   3.93188967  20.73364699],
[ 12.88404809   3.23190381  20.74522824],
[ 11.81177845   1.60001298  20.74682471],
[ 12.64735653   3.70528693  20.75652183],
[ 12.95835815   3.08328369  20.75979095],
[  5.08234407   2.41177421  20.7639147 ],
[  4.95569803   2.58860394  20.76489474],
[  6.91414769   0.83744758  20.76600906],
[ 11.28892075   1.04448086  20.76952239],
[ 12.83385053   3.33229894  20.77860767],
[ 11.06382995   0.78723423  20.78235721],
[  4.74860199   3.00335522  20.7862298 ],
[ 12.64586722   3.70826555  20.78861509],
[  8.29700411   0.5413527   20.81335811],
[ 12.92323196   3.15353609  20.81532336],
[  6.82190176   0.8942143   20.8361568 ],
[  7.96828379   0.56068919  20.8382286 ],
[ 10.58519126   0.5300425   20.84671155],
[  5.90271112   1.51350369  20.85310027],
[  8.9707829    0.50171865  20.85852261],
[ 12.76540552   2.64810828  20.86170475],
[  5.96981405   1.43521694  20.86370564],
[ 12.72667686   3.54664627  20.87789897],
[  5.51924473   1.94366636  20.88118602],
[  4.99586136   2.50827727  20.88488728],
[  4.76484316   2.97031368  20.88558924],
[ 11.01580091   0.7323439   20.89584186],
[  4.83499685   2.8300063   20.91645952],
[ 12.7511225    3.497755    20.93776062],
[  8.52684413   0.5278327   20.9433329 ],
[  7.93540377   0.56262331  20.95130362],
[  6.07748866   1.35231467  20.97474317],
[ 12.51999193   3.96001614  20.97846392],
[  5.97166653   1.43305572  20.98191904],
[ 12.87193511   3.25612978  20.99225941],
[ 12.56070669   3.87858661  20.99515233],
[ 10.42480884   0.49440196  20.9989031 ],
[  9.31174436   0.46882556  20.99943445],
[  7.04856644   0.75472835  21.0290588 ],
[  6.09116036   1.34390132  21.03162779],
[  8.57790738   0.52482898  21.03295297],
[ 11.29734618   1.05410991  21.03334329],
[ 12.34160149   2.10040141  21.03668078],
[  6.50578962   1.08874485  21.03695159],
[  5.61637152   1.83960194  21.04218891],
[ 12.96683633   3.06632734  21.05553461],
[  4.59885348   3.36275164  21.05877622],
[  6.03207611   1.38026086  21.06460187],
[ 12.5719429    3.85611421  21.1027819 ],
[  8.86357943   0.50802474  21.10714318],
[  5.50630398   1.95753145  21.11494754],
[ 10.08683984   0.41929774  21.12284378],
[  5.93087808   1.48064224  21.14114074],
[  9.05219134   0.49478087  21.1486848 ],
[  6.1439657    1.31140572  21.16625375],
[  5.94671477   1.46216611  21.17907332],
[ 11.13126426   0.86430201  21.17996417],
[ 12.55111425   3.89777151  21.1800534 ],
[  6.11127913   1.33152053  21.1845654 ],
[ 11.97826414   1.75724946  21.18709258],
[ 10.97197039   0.68225188  21.19096032],
[ 12.59049557   2.38574336  21.19179762],
[ 11.73041125   1.52316618  21.21283974],
[  8.93801616   0.50364611  21.25081343],
[  4.73342012   3.0397917   21.26530277],
[ 12.70033607   3.59932787  21.26654197],
[  6.64029198   1.00597416  21.27508008],
[ 11.26188761   1.01358583  21.28272822],
[ 11.62896631   1.42735707  21.29591426],
[ 11.41144749   1.18451142  21.30285316],
[  5.13559312   2.35472166  21.31076729],
[ 10.73515171   0.56336705  21.31808339],
[ 10.04797221   0.41066049  21.32258012],
[ 12.44451568   2.19759814  21.32744959],
[  9.34462427   0.46553757  21.33711627],
[ 11.81323933   1.6013927   21.34955354],
[ 10.24526149   0.45450255  21.3643446 ],
[  4.6600607    3.21585433  21.37995073],
[ 10.5456894    0.52126431  21.38256637],
[  8.00464679   0.55855019  21.39436813],
[  6.09326737   1.3426047   21.40961277],
[  5.97691749   1.4269296   21.41080615],
[ 12.44697715   2.19992287  21.4154265 ],
[  4.75747468   2.98505063  21.41986116],
[ 12.63459796   2.45189693  21.43637888],
[  7.32458766   0.59855367  21.44133519],
[  4.92813985   2.64372029  21.45471617],
[  4.74784747   3.00516607  21.4588917 ],
[  5.87709673   1.54338714  21.45928003],
[  9.48823844   0.45117616  21.47731982],
[ 12.8275262    3.34494761  21.47987032],
[  4.82884594   2.84230811  21.48308614],
[  5.7791585    1.65764842  21.48476571],
[ 12.74335929   3.51328141  21.48704672],
[ 11.70297655   1.49725563  21.488897  ],
[  4.63398769   3.27842955  21.4891853 ],
[  6.68130757   0.9807338   21.50360631],
[  6.38930379   1.16042844  21.50830538],
[  7.56444318   0.58444452  21.52420757],
[ 12.19541303   1.96233453  21.52618552],
[  9.47884719   0.45211528  21.54937232],
[  8.8974451    0.50603264  21.56723357],
[ 12.40775031   2.16287529  21.56743264],
[  9.20157397   0.4798426   21.58120715],
[ 11.81825862   1.60613314  21.60517621],
[ 12.65792018   2.48688027  21.61715083],
[  4.70341728   3.11179853  21.61745553],
[ 12.74110066   3.51779868  21.63081091],
[  5.90203584   1.51429152  21.63276551],
[ 12.78339527   2.67509291  21.64367015],
[ 12.55994189   3.88011623  21.6702    ],
[ 10.39651005   0.48811335  21.67646577],
[ 12.31900254   2.07905795  21.68219447],
[ 12.72966229   3.54067543  21.70452858],
[  5.90589441   1.50978986  21.71697645],
[ 12.84283213   3.31433575  21.72776119],
[  5.91534781   1.49876089  21.73526205],
[ 10.56179423   0.52484316  21.73618762],
[  5.98750985   1.41457184  21.7423893 ],
[  5.44713899   2.02092251  21.74665694],
[ 12.06901109   1.84295492  21.75911528],
[ 12.92379311   2.88568966  21.76142983],
[ 12.77323026   3.45353948  21.77295781],
[ 10.23228781   0.45161951  21.81210657],
[  5.75863891   1.68158794  21.812605  ],
[  7.83928088   0.5682776   21.82437661],
[ 10.3156847    0.47015215  21.83693085],
[ 12.94757421   2.92136132  21.85702491],
[ 11.56327676   1.35803058  21.86056377],
[  4.89170726   2.71658548  21.88552095],
[ 11.87766414   1.66223836  21.885911  ],
[  4.90485333   2.69029334  21.88997752],
[ 11.10490815   0.83418074  21.92774345],
[ 10.28273933   0.46283096  21.92893895],
[ 11.14443875   0.87935857  21.94664838],
[ 11.16418823   0.90192941  21.94899055],
[  9.8069414    0.41930586  21.95092364],
[ 12.56757142   3.86485716  21.96551989],
[ 12.69483068   3.61033864  21.96707709],
[  8.13098862   0.55111832  21.98131975],
[  4.92610697   2.64778607  21.99501926],
[  4.55952086   3.45714993  21.99990356],
[  4.57361502   3.42332396  22.02885675],
[  4.53377849   3.51893163  22.0501001 ],
[  9.20376707   0.47962329  22.07302618],
[  4.82901278   2.84197443  22.08035668],
[  5.52731037   1.9350246   22.1105131 ],
[ 12.11161983   1.88319651  22.11625146],
[  9.51663471   0.44833653  22.11832465],
[  5.32149457   2.15554153  22.14007067],
[  8.36180412   0.53754093  22.15366827],
[  7.7486772    0.57360722  22.16167634],
[  7.2805249    0.61198468  22.1740298 ],
[  9.1310429    0.48689571  22.17725718],
[  5.08398424   2.41001689  22.18105564],
[ 10.74304879   0.56512195  22.18512456],
[  5.83725392   1.58987043  22.19224684],
[ 12.79393768   2.69090652  22.20494542],
[  4.66291554   3.2090027   22.21096931],
[  5.05324019   2.44295694  22.21576243],
[  9.4039868    0.45960132  22.22777426],
[ 10.36205779   0.48045729  22.24899575],
[  5.41812298   2.0520111   22.25013808],
[  6.01440287   1.39113669  22.25387586],
[ 11.58846029   1.38681176  22.2637618 ],
[ 12.22221102   1.98764374  22.26891112],
[  4.86253464   2.77493072  22.26978927],
[  4.57002097   3.43194966  22.27035614],
[  4.60013373   3.35967904  22.27450924],
[  4.90630604   2.68738792  22.27694053],
[ 12.95017956   2.92526934  22.28206015],
[ 12.1404479    1.91042302  22.28955437],
[ 11.30401606   1.06173264  22.29171649],
[ 12.21002434   1.9761341   22.30792946],
[  6.54705252   1.0633523   22.31413903],
[  4.50633813   3.58478848  22.33134467],
[ 10.52976648   0.51772589  22.33672097],
[  9.29617778   0.47038222  22.34101685],
[  4.59353058   3.37552661  22.36673609],
[ 11.31157917   1.0703762   22.39214282],
[ 12.77404513   2.6610677   22.4144411 ],
[  9.4303176    0.45696824  22.42334297],
[  4.62897392   3.2904626   22.45964834],
[  5.7296181    1.71544555  22.46294148],
[  7.61691806   0.58135776  22.47240668],
[  5.95059187   1.45764282  22.47573258],
[  8.40267162   0.53513696  22.47613555],
[  5.7572158    1.68324824  22.48948927],
[  5.74611096   1.69620388  22.49122503],
[ 10.13174984   0.42927774  22.52372107],
[  5.16806369   2.31993176  22.52625389],
[ 10.61646214   0.53699159  22.53369052],
[  5.79557776   1.63849261  22.54071708],
[  5.89685369   1.52033736  22.54156522],
[  4.76067406   2.97865188  22.54621512],
[ 12.63419396   2.45129094  22.5722418 ],
[ 11.70250469   1.49680998  22.58160177],
[ 12.6594735    2.48921026  22.5852541 ],
[  7.76786371   0.57247861  22.59767757],
[  7.32617812   0.59846011  22.62193256],
[ 12.92585043   2.88877564  22.62230055],
[ 12.68769849   3.62460303  22.63366537],
[ 12.97764867   3.04470266  22.63789989],
[ 10.57290657   0.52731257  22.64297254],
[ 12.82590186   3.34819628  22.6561928 ],
[  9.30053757   0.46994624  22.66345541],
[ 12.75247768   2.62871652  22.66593902],
[  4.80642875   2.88714249  22.67096205],
[  4.84618364   2.80763272  22.69328097],
[ 12.09061553   1.86335911  22.70222681],
[  4.94843118   2.60313764  22.70678237],
[  7.99820411   0.55892917  22.71229635],
[  4.71076093   3.09417377  22.72738323],
[  5.33368223   2.14248333  22.73938165],
[ 12.77702992   3.44594016  22.74719178],
[  4.72453198   3.06112324  22.75026743],
[ 11.37824777   1.14656888  22.77049167],
[  5.5247869    1.93772832  22.77477539],
[  7.31810474   0.59893502  22.77955831],
[ 12.06705695   1.84110934  22.78589142],
[ 12.91145495   3.17709011  22.79873317],
[  6.35279643   1.1828945   22.81782552],
[ 12.69381377   2.54072065  22.85828002],
[  5.90150414   1.51491183  22.86312108],
[  7.20981928   0.65549583  22.86761983],
[ 12.6132295    2.41984425  22.86823932],
[  4.69199803   3.13920472  22.89420963],
[ 12.9501515    2.92522724  22.91513574],
[ 10.55398774   0.52310839  22.9166831 ],
[  4.61278209   3.32932299  22.92825709],
[ 12.50543276   3.98913448  22.9369359 ],
[ 11.8059255    1.5944852   22.94510668],
[  4.59833915   3.36398603  22.94680956],
[ 12.77011107   2.65516661  22.94984595],
[ 12.41213547   2.16701683  22.96076181],
[ 12.32777663   2.0873446   22.96531177],
[ 12.87318151   2.80977227  23.01084052],
[  5.82216591   1.6074731   23.01239179],
[  5.51732581   1.94572235  23.04005146],
[  5.76675602   1.67211798  23.05722715],
[  4.9889571    2.52208581  23.06057066],
[  5.74879034   1.69307794  23.06817746],
[  8.35867847   0.5377248   23.07322895],
[  6.15093272   1.30711833  23.0849659 ],
[ 10.71633657   0.5591859   23.09013023],
[ 12.92218705   2.88328058  23.09312935],
[ 12.87398856   3.25202287  23.09516874],
[ 10.8111297    0.58025104  23.10433022],
[ 12.77899738   3.44200524  23.11530836],
[ 10.13095884   0.42910197  23.13037084],
[ 10.95813436   0.66643927  23.13950001],
[  4.67277481   3.18534046  23.14161047],
[  4.98909837   2.52180327  23.15862112],
[ 11.63292565   1.43109645  23.17908585],
[  8.18986291   0.54765512  23.18718497],
[ 10.86429858   0.59206635  23.1930101 ],
[  4.78031892   2.93936215  23.19421712],
[  7.24696637   0.63263608  23.20052413],
[ 12.46187087   2.21398915  23.20952388],
[  4.69134399   3.14077443  23.21217533],
[  4.84432107   2.81135786  23.21887962],
[  8.88823335   0.50657451  23.24874821],
[  5.00811588   2.49130441  23.24937681],
[  4.64055251   3.26267398  23.27049491],
[  9.16989327   0.48301067  23.28612011],
[  9.44127942   0.45587206  23.29195402],
[ 12.07125249   1.84507179  23.30632556],
[  5.6113084    1.84502672  23.31405874],
[  4.90765764   2.68468472  23.32314127],
[  8.66726885   0.51957242  23.38796796],
[  8.28057516   0.54231911  23.41008616],
[ 12.84490797   3.31018406  23.41477751],
[  5.98090418   1.42227846  23.41867575],
[  7.11517799   0.71373662  23.45825011],
[ 12.79041185   3.41917631  23.46359951],
[ 11.80617228   1.59471827  23.46578819],
[ 12.8672681    3.2654638   23.47571665],
[  4.82360298   2.85279404  23.47853561],
[  5.75986736   1.68015475  23.47949777],
[ 12.85761224   2.78641836  23.49244128],
[ 12.70871427   3.58257146  23.50260992],
[  7.88899272   0.56535337  23.51117486],
[  5.6315194    1.82337207  23.52659225],
[  4.79886945   2.90226111  23.52940292],
[  7.06216557   0.74635965  23.53581755],
[ 11.81326941   1.60142111  23.53777547],
[ 11.72069426   1.51398903  23.54140903],
[ 12.70077693   2.5511654   23.57050961],
[ 11.41314749   1.18645428  23.57473712],
[ 12.65134417   3.69731165  23.57912745],
[ 11.62096614   1.41980135  23.57945649],
[  9.01624788   0.49837521  23.58202119],
[ 12.80370293   3.39259414  23.58454458],
[ 12.90376872   2.85565308  23.58501018],
[ 11.06649577   0.79028088  23.58503844],
[  9.14856168   0.48514383  23.59395688],
[ 12.71725634   3.56548731  23.59964981],
[ 12.9701147    3.05977061  23.608317  ],
[ 10.60333795   0.5340751   23.6243108 ],
[ 12.99583994   3.00832012  23.63700208],
[ 11.59379785   1.39291183  23.6594938 ],
[  4.54031938   3.50323349  23.66577952],
[  5.83910496   1.58771088  23.67941196],
[ 12.4273831    2.18141737  23.68048647],
[ 11.14928165   0.88489331  23.68503   ],
[  9.72577458   0.42742254  23.69616072],
[  9.75011696   0.4249883   23.70022327],
[  5.46472385   2.00208159  23.74498033],
[  9.35517252   0.46448275  23.76140044],
[ 10.21956656   0.44879257  23.76393668],
[ 11.93166876   1.71324272  23.7774214 ],
[  4.8844671    2.73106579  23.77825493],
[ 12.56905701   3.86188598  23.77984923],
[  6.10929311   1.3327427   23.81166341],
[ 12.42481364   2.17899066  23.84096837]