[ 3.59983903  8.66006439  0.12011333],
[ 6.03538315  5.94692528  0.13048117],
[ 6.0120382   5.9819427   0.18444752],
[ 5.97377697  6.07866909  0.23624682],
[ 4.84716082  7.93522612  0.38980644],
[ 4.45559525  8.19626983  0.52574769],
[ 4.71812419  8.02125054  0.52897389],
[ 4.46989967  8.18673356  1.04549777],
[ 4.71631785  8.02245477  1.11045457],
[ 4.96815536  7.85456309  1.1303455 ],
[ 4.62365198  8.08423202  1.15766017],
[ 4.03696938  8.47535375  1.32595366],
[ 6.69826561  4.95260158  1.57090133],
[ 5.8219931   6.53402071  1.69084728],
[ 2.77346017  8.92265398  1.75196203],
[ 6.05606876  5.91589686  1.86986501],
[ 3.35010479  8.75995809  2.24359571],
[ 5.63537528  7.09387417  2.30580894],
[ 2.75742908  8.92425709  2.38393296],
[ 6.88735092  4.66897361  2.47912413],
[ 5.51653502  7.45039495  2.61426157],
[ 4.89871218  7.90085855  2.6996001 ],
[ 6.4496577   5.32551345  2.70286828],
[ 6.75549505  4.86675742  2.72072747],
[ 6.02203338  5.96694992  2.94275809],
[ 6.49070978  5.26393533  3.06780409],
[ 2.65271402  8.9347286   3.33596373],
[ 3.2215746   8.81137016  3.35329307],
[ 5.96062745  6.11811766  3.35445288],
[ 2.45488651  8.95451135  3.5049969 ],
[ 6.72653732  4.91019402  3.65234285],
[ 5.99627262  6.01118215  3.769537  ],
[ 6.82628748  4.76056878  3.8819278 ],
[ 6.25909689  5.61135467  4.01630827],
[ 5.94457659  6.16627023  4.37695101],
[ 2.18882793  8.98111721  4.39328301],
[ 6.88366777  4.67449835  4.41382804],
[ 5.99765985  6.00702045  4.79400491],
[ 2.69885561  8.93011444  5.10789717],
[ 5.8781673  6.3654981  5.1099994],
[ 6.85025008  4.72462488  5.29365931],
[ 3.91958386  8.53216646  5.33166701],
[ 6.68541081  4.97188379  5.39583005],
[ 5.2277629   7.6814914   5.46796872],
[ 4.4436435   8.20423767  5.62943637],
[ 6.70409098  4.94386354  5.92982095],
[ 6.53840957  5.19238564  5.94423596],
[ 3.88296367  8.54681453  6.05921362],
[ 6.02843865  5.95734203  6.13399983],
[ 5.05068745  7.7995417   6.21477693],
[ 3.18315917  8.82673633  6.23379307],
[ 6.72889944  4.90665083  6.24642886],
[ 4.08361779  8.44425481  6.28080161],
[ 2.05358262  8.99464174  6.33578327],
[ 5.87987338  6.36037987  6.46918111],
[ 4.03778121  8.47481253  6.47593908],
[ 5.6426881   7.07193569  6.67870628],
[ 4.30643075  8.29571283  6.68577017],
[ 4.98575581  7.84282946  6.72142676],
[ 4.75193007  7.99871328  6.97571476],
[ 6.71955592  4.92066612  6.97829733],
[ 5.61874367  7.14376899  7.01828362],
[ 5.27684902  7.64876732  7.11035437],
[ 2.51250124  8.94874988  7.11154667],
[ 2.65437     8.934563    7.15048831],
[ 4.48164158  8.17890561  7.17322928],
[ 5.22519308  7.68320461  7.47079271],
[ 2.74843326  8.92515667  7.55612265],
[ 2.72007727  8.92799227  7.63264456],
[ 6.37969406  5.4304589   7.66011331],
[ 5.05445499  7.79703001  7.68669023],
[ 5.06985342  7.78676439  7.83202582],
[ 6.7808865   4.82867026  7.86781705],
[ 2.48392645  8.95160735  7.89700137],
[ 3.94960476  8.5201581   7.91514464],
[ 6.19725495  5.70411757  7.97029774],
[ 4.21609078  8.35593948  8.01917399],
[ 6.02357469  5.96463796  8.09677132],
[ 6.35890257  5.46164615  8.23022955],
[ 5.24844659  7.66770227  8.2716278 ],
[ 6.89502525  4.65746212  8.2854429 ],
[ 5.9899612   6.0301164   8.47974786],
[ 6.84611021  4.73083469  8.7967108 ],
[ 6.31445492  5.52831762  9.09232399],
[ 3.77419321  8.59032271  9.10899798],
[ 5.5489083  7.3532751  9.173599 ],
[ 2.77441121  8.92255888  9.30298041],
[ 2.07793154  8.99220685  9.38441721],
[ 6.88495227  4.67257159  9.47709029],
[ 4.42472485  8.2168501   9.51999659],
[  2.90330962   8.90966904  10.06207867],
[  6.39796265   5.40305602  10.1812701 ],
[  6.16569825   5.75145262  10.21237731],
[  4.11581492   8.42279005  10.26014834],
[  2.53809971   8.94619003  10.3608027 ],
[  4.60617679   8.09588214  10.47748199],
[  5.48893657   7.50737562  10.56365629],
[  4.53706036   8.14195976  10.71048235],
[  2.11215285   8.98878472  10.72189448],
[  3.07680497   8.86927801  10.77033556],
[  6.16952122   5.74571817  10.79067244],
[  3.98578135   8.50568746  10.94071979],
[  4.98828018   7.84114655  11.04666756],
[  6.00334049   5.99498926  11.40521153],
[  5.6050385    7.1848845   11.61144871],
[  2.61644352   8.93835565  11.712023  ],
[  6.25202883   5.62195675  11.95482602],
[  2.50079739   8.94992026  12.08864012],
[  3.78381432   8.58647427  12.19668599],
[  2.81239091   8.91876091  12.20225296],
[  4.87087313   7.91941791  12.42108696],
[  6.99432807   4.5085079   12.69210991],
[  4.25319855   8.33120096  12.82259394],
[  4.87096775   7.91935483  12.90880047],
[  4.57589522   8.11606986  12.9301914 ],
[  6.13572587   5.79641119  12.95733457],
[  4.43328486   8.21114342  13.03350501],
[  3.35302244   8.75879102  13.06359263],
[  2.87068968   8.91293103  13.11042921],
[  5.60512132   7.18463604  13.13302942],
[  6.97867753   4.5319837   13.19208011],
[  2.55275089   8.94472491  13.23195379],
[  2.01498328   8.99850167  13.25500793],
[  3.44128919   8.72348433  13.51565941],
[  6.97131023   4.54303465  13.79885382],
[  6.1121788    5.83173181  13.81211735],
[  5.61237005   7.16288986  14.12684073],
[  3.03479411   8.88608236  14.16959687],
[  3.43105438   8.72757825  14.27540518],
[  4.67236874   8.05175417  14.31143356],
[  6.38433269   5.42350096  14.46961458],
[  6.2174779    5.67378315  14.64154263],
[  4.00986231   8.49342513  14.64366473],
[  5.96984348   6.09046957  14.66444578],
[  6.60783529   5.08824706  15.09138336],
[  4.93992725   7.87338183  15.12362281],
[  6.40323295   5.39515058  15.1709067 ],
[  5.839511     6.48146699  15.1822574 ],
[  6.91856538   4.62215193  15.32330865],
[  5.19753891   7.70164072  15.33069306],
[  2.9765678    8.90234322  15.34410646],
[  2.94617597   8.9053824   15.48987379],
[  4.72998324   8.01334451  15.6138483 ],
[  6.140647     5.7890295   15.70411957],
[  4.42269921   8.21820053  16.29569418],
[  5.78879089   6.63362732  16.34319317],
[  2.10209887   8.98979011  16.3782923 ],
[  4.93919585   7.87386943  16.40779142],
[  3.59070213   8.66371915  16.45560481],
[  3.41029435   8.73588226  16.78821118],
[  3.91693158   8.53322737  16.8743891 ],
[  4.76269727   7.99153516  16.87838576],
[  4.68555031   8.04296646  16.9381921 ],
[  5.5734312    7.2797064   17.14780702],
[  3.85049723   8.55980111  17.23374168],
[  5.9016177    6.29514689  17.35769671],
[  6.22089489   5.66865766  17.49289143],
[  6.63681754   5.04477369  17.5961284 ],
[  4.29855429   8.30096381  17.71007429],
[  2.16293254   8.98370675  17.7729106 ],
[  6.98476895   4.52284658  17.95055024],
[  2.00308936   8.99969106  18.10118046],
[  3.13537745   8.84584902  18.18483216],
[  5.9215279    6.23541631  18.26058715],
[  2.49091931   8.95090807  18.33122399],
[  5.13013924   7.74657384  18.37109171],
[  5.8416277    6.4751169   18.43616637],
[  4.27712253   8.31525165  18.48859014],
[  4.04138507   8.47240996  18.93089539],
[  4.57753962   8.11497359  19.14800327],
[  6.68079977   4.97880035  19.28358652],
[  4.34999517   8.26666988  19.29303243],
[  6.56347301   5.15479048  19.33354763],
[  4.41478323   8.22347784  19.36774862],
[  6.61375909   5.07936136  19.42675968],
[  3.36075588   8.75569765  19.43251868],
[  3.91896568   8.53241373  19.47676193],
[  6.09359425   5.85960862  19.48594563],
[  2.4938089    8.95061911  19.52670909],
[  2.9198252    8.90801748  19.58111613],
[  5.64457202   7.06628394  19.60907183],
[  3.47067472   8.71173011  19.94273554],
[  2.58161294   8.94183871  20.00121549],
[  6.92510652   4.61234022  20.13925692],
[  6.62821213   5.0576818   20.55984925],
[  4.92070744   7.88619504  20.60653763],
[  6.70064695   4.94902957  20.67290474],
[  2.04816439   8.99518356  20.67758093],
[  5.44169692   7.53886872  20.93894577],
[  4.27454273   8.31697151  21.01373642],
[  2.21639654   8.97836035  21.15460092],
[  6.21415395   5.67876908  21.18959871],
[  6.14623686   5.7806447   21.25743349],
[  6.16465369   5.75301946  21.50638207],
[  5.43425527   7.54382982  21.61756299],
[  4.04099842   8.47266772  21.74048942],
[  2.497671     8.9502329   21.75344195],
[  4.56554525   8.12296983  21.79921121],
[  5.03656731   7.80895513  22.00250991],
[  3.17967168   8.82813133  22.64923575],
[  6.86885523   4.69671716  23.02734757],
[  6.79274719   4.81087921  23.28494759],
[  4.8406253    7.93958314  23.68865349],
[  3.86274366   8.55490254  23.70439797],
[  3.76904477   8.59238209  23.71583525],
[  5.66097711   7.01706868  23.72948995],
[  3.96142409   8.51543036  23.7635789 ],
[  6.53338221   5.19992669  24.05594571],
[  2.95230878   8.90476912  24.19972012],
[  6.43771984   5.34342024  24.24683496],
[  4.11031341   8.42645773  24.31832328],
[  6.08298186   5.87552722  24.34021982],
[  2.967196     8.9032804   24.50072887],
[  2.91330507   8.90866949  24.81139245],
[  6.85953878   4.71069183  24.85055199],
[  3.14673774   8.8413049   24.85290163],
[  2.50151172   8.94984883  24.90929252],
[  4.86257194   7.92495204  24.94576037],
[  3.8086709    8.57653164  25.06296247],
[  4.87682165   7.91545223  25.09906497],
[  6.18327825   5.72508262  25.28720349],
[  4.64351256   8.07099163  25.33705974],
[  4.98230786   7.84512809  25.41626089],
[  3.16022396   8.83591041  25.45622015],
[  3.1329089    8.84683644  25.53188004],
[  5.32640922   7.61572719  25.53736143],
[  2.7795473    8.92204527  25.68504764],
[  6.6812548    4.9781178   25.75626811],
[  2.37873295   8.9621267   25.98059547],
[  5.98489523   6.04531432  25.98919786],
[  4.50071377   8.16619082  26.08633055],
[  4.01201934   8.49198711  26.35944867],
[  5.28780869   7.64146088  26.49045504],
[  3.66149225   8.6354031   26.55665074],
[  6.32231225   5.51653162  26.59381083],
[  4.50299653   8.16466898  27.05445134],
[  3.43515072   8.72593971  27.27211104],
[  6.31456601   5.52815099  27.28165226],
[  5.24882015   7.66745324  27.32388485],
[  5.49107589   7.50594941  27.40225283],
[  3.83372174   8.56651131  27.51190217],
[  5.9609991    6.1170027   27.53269262],
[  6.35935163   5.46097256  27.53884191],
[  4.37325119   8.25116587  27.58307533],
[  5.14493207   7.73671195  27.67701444],
[  2.11335554   8.98866445  27.77004951],
[  4.95293969   7.86470687  27.81550751],
[  3.14216102   8.84313559  27.8320164 ],
[  2.77386402   8.9226136   27.83340498],
[  5.3762468    7.58250213  27.85029237],
[  2.79937301   8.9200627   27.89822205],
[  2.22222455   8.97777755  28.00678515],
[  3.80170045   8.57931982  28.0793006 ],
[  5.14295393   7.73803072  28.22830656],
[  5.9171124    6.24866281  28.2634093 ],
[  6.63939423   5.04090865  28.33150202],
[  2.09230055   8.99076995  28.33986801],
[  6.04540353   5.9318947   28.4392412 ],
[  5.20523111   7.69651259  28.52309395],
[  2.61903944   8.93809606  28.54953547],
[  5.20709082   7.69527279  28.56855394],
[  4.67517953   8.04988031  28.58516218],
[  4.85107573   7.93261618  28.68129604],
[  5.98610737   6.04167789  28.72918074],
[  4.89562422   7.90291719  28.95177409],
[  3.09387329   8.86245068  29.01531557],
[  2.09048965   8.99095104  29.0539869 ],
[  5.96701294   6.09896117  29.14881684],
[  4.05880712   8.46079525  29.17453972],
[  6.02521133   5.962183    29.34840209],
[  2.56904684   8.94309532  29.37067473],
[  5.12280311   7.75146459  29.44784398],
[  6.31004444   5.53493334  29.62630256],
[  6.83990477   4.74014285  29.73426023],
[  2.09102842   8.99089716  29.83122415],
[  6.7370085    4.89448725  29.86020667],
[  6.84474842   4.73287736  29.99213892],
[  3.59952042   8.66019183  30.25094235],
[  5.03784006   7.80810663  30.28905172],
[  4.55463647   8.13024235  30.30659634],
[  5.18733067   7.70844622  30.4051133 ],
[  6.42552412   5.36171382  30.56902771],
[  4.13720006   8.40853329  30.66624795],
[  4.24852171   8.33431886  30.72923519],
[  2.01977351   8.99802265  30.8277534 ],
[  6.50211146   5.24683282  30.87204018],
[  3.1103316    8.85586736  30.91468156],
[  3.50506191   8.69797524  30.98169684],
[  3.18624678   8.82550129  31.19607009],
[  4.73885997   8.00742668  31.26105759],
[  5.98271757   6.0518473   31.34637053],
[  6.86750373   4.6987444   31.50543315],
[  6.96747812   4.54878282  31.59893637],
[  5.49054159   7.5063056   31.60562049],
[  3.29727989   8.78108805  31.66357886],
[  5.66190496   7.01428512  31.68032191],
[  2.14963783   8.98503622  31.69761145],
[  2.07359763   8.99264024  31.82967723],
[  5.42655412   7.54896392  31.84595809],
[  6.97157719   4.54263421  31.85116775],
[  5.54333656   7.36999032  32.15039465],
[  2.16553585   8.98344642  32.21345517],
[  6.33297525   5.50053712  32.2634785 ],
[  6.44753679   5.32869481  32.28218649],
[  3.40491891   8.73803243  32.326273  ],
[  4.28365208   8.31089861  32.41390823],
[  6.31312564   5.53031153  32.79017176],
[  4.26470423   8.32353051  32.85310574],
[  3.26834547   8.79266181  32.9554439 ],
[  5.52604049   7.42187852  32.9555223 ],
[  4.31016583   8.29322278  33.03351302],
[  2.88945847   8.91105415  33.23137195],
[  6.34219782   5.48670327  33.28378806],
[  5.4430522    7.5379652   33.37221307],
[  3.53052439   8.68779024  33.42211844],
[  5.02711204   7.81525864  33.45036304],
[  5.26991393   7.65339072  33.54846679],
[  2.32346334   8.96765367  33.59621522],
[  3.8367886    8.56528456  33.62566505],
[  6.18812583   5.71781126  33.69138541],
[  5.52357844   7.42926467  33.75324898],
[  2.28217987   8.97178201  33.77690416],
[  3.10466423   8.85813431  33.88673513],
[  4.75121491   7.99919006  33.98309522],
[  6.45194281   5.32208579  34.00816617],
[  3.25361303   8.79855479  34.45317772],
[  3.54875435   8.68049826  34.52817687],
[  6.37201122   5.44198316  34.57434757],
[  4.19706431   8.36862379  34.60139831],
[  2.68718834   8.93128117  34.6284454 ],
[  6.78761162   4.81858257  34.64125768],
[  6.26238201   5.60642698  34.6837927 ],
[  6.18579932   5.72130102  34.72951857],
[  5.90188227   6.29435318  34.73917106],
[  5.12754558   7.74830295  34.923876  ],
[  4.18272216   8.37818523  34.97125041],
[  6.29932072   5.55101892  35.0373953 ],
[  4.01297589   8.49134941  35.07221993],
[  6.17144004   5.74283995  35.37002182],
[  5.68859595   6.93421216  35.5229743 ],
[  3.55966086   8.67613565  35.55089526],
[  6.10893116   5.83660326  35.61195966],
[  4.34516834   8.26988778  35.62157598],
[  6.79151056   4.81273416  35.71798174],
[  6.26261271   5.60608093  35.74089591],
[  5.99321933   6.02034202  35.74690602],
[  5.69884071   6.90347787  36.17358655],
[  6.27281437   5.59077845  36.19479766],
[  4.95167147   7.86555235  36.22899336],
[  4.12880681   8.41412879  36.31951293],
[  6.01926148   5.97110777  36.34873391],
[  4.52876996   8.14748669  36.48590594],
[  6.56697597   5.14953604  36.49145622],
[  3.84737547   8.56104981  36.49234787],
[  5.82040828   6.53877517  36.83026166],
[  6.58545196   5.12182205  36.84608631],
[  6.40802557   5.38796165  36.96783757],
[  4.1979174    8.36805507  36.99637909],
[  4.15666751   8.39555499  37.01554361],
[  6.6136387    5.07954195  37.19486093],
[  2.19690961   8.98030904  37.22791413],
[  4.54821963   8.13452025  37.27236504],
[  4.58601651   8.10932233  37.31162832],
[  6.74237402   4.88643897  37.36883736],
[  3.4578916    8.71684336  37.43946591],
[  5.16841679   7.72105547  37.45372649],
[  2.37039419   8.96296058  37.54139886],
[  5.38217735   7.57854844  37.65213797],
[  6.79860654   4.80209019  37.66417461],
[  2.41269611   8.95873039  37.69600203],
[  6.16317936   5.75523097  37.7000218 ],
[  3.1509381    8.83962476  37.70882003],
[  6.79153683   4.81269476  37.71648194],
[  4.77381199   7.98412534  38.00838845],
[  4.73228522   8.01180986  38.00852665],
[  6.27252004   5.59121994  38.01213531],
[  6.37816307   5.4327554   38.18120892],
[  3.58212578   8.66714969  38.18719177],
[  2.66689749   8.93331025  38.29083504],
[  5.70255096   6.89234712  38.35524572],
[  6.53790651   5.19314023  38.49628903],
[  2.7513531    8.92486469  38.51644186],
[  6.24397036   5.63404446  38.62799305],
[  2.79667023   8.92033298  38.67433226],
[  3.37777511   8.74888996  38.91027448],
[  5.97246181   6.08261457  38.94954395],
[  6.77077084   4.84384374  39.16706884],
[  5.64050698   7.07847906  39.19267377],
[  4.87025524   7.91982984  39.19726816],
[  4.38381687   8.24412208  39.32092709],
[  4.49549288   8.16967142  39.38265164],
[  3.59328456   8.66268617  39.4297587 ],
[  6.60399905   5.09400142  39.57691321],
[  5.14087655   7.73941563  39.69133745],
[  5.70976629   6.87070113  39.74073802],
[  6.71388658   4.92917013  40.14985707],
[  6.54065717   5.18901425  40.54056311],
[  6.51744048   5.22383928  40.63153412],
[  5.12187799   7.75208134  40.66334032],
[  4.01346736   8.49102176  40.8518462 ],
[  5.59465322   7.21604034  40.93889246],
[  2.92017694   8.90798231  41.02536233],
[  3.39015161   8.74393936  41.2832611 ],
[  6.5763026   5.1355461  41.7177234],
[  2.29331439   8.97066856  41.72355785],
[  6.18175665   5.72736502  41.79868591],
[  5.52374886   7.42875341  41.88039135],
[  3.51283571   8.69486571  41.9158845 ],
[  3.77229769   8.59108092  41.92717104],
[  6.40840949   5.38738577  42.1167868 ],
[  3.46988154   8.71204739  42.16534721],
[  6.92776919   4.60834622  42.37085924],
[  6.77268103   4.84097846  42.44446764],
[  3.66552055   8.63379178  42.66952175],
[  3.21458054   8.81416778  42.69037352],
[  4.94701016   7.86865989  42.70320938],
[  2.62557598   8.9374424   42.82186086],
[  5.03256121   7.81162586  42.86156786],
[  4.55971689   8.12685541  43.02675834],
[  3.8896205    8.5441518   43.09827972],
[  2.78116035   8.92188396  43.10777137],
[  6.23871063   5.64193405  43.12498318],
[  6.74175766   4.8873635   43.16105376],
[  4.0202255    8.48651633  43.24878591],
[  4.73748065   8.00834624  43.26082324],
[  4.03526959   8.47648694  43.28131507],
[  3.99066844   8.50373262  43.34264142],
[  6.22037333   5.66944001  43.35559095],
[  6.02965753   5.95551371  43.36803073],
[  5.25644774   7.66236818  43.41649775],
[  5.82740703   6.51777891  43.57433971],
[  3.53891091   8.68443563  43.5856444 ],
[  6.47328194   5.29007709  43.66549028],
[  4.22570232   8.34953179  43.704699  ],
[  6.41517951   5.37723073  43.97561969],
[  2.60808261   8.93919174  44.00051681],
[  2.91497973   8.90850203  44.01523701],
[  4.88374642   7.91083572  44.11857664],
[  3.85711848   8.55715261  44.16060618],
[  4.77469232   7.98353845  44.30463197],
[  4.95147023   7.86568651  44.33927734],
[  6.80488203   4.79267696  44.40968711],
[  6.93026976   4.60459535  44.56679936],
[  4.49045569   8.17302954  44.67200781],
[  4.67120873   8.05252752  44.75276478],
[  4.21672368   8.35551755  44.82158719],
[  6.58331925   5.12502112  44.88535045],
[  6.70939189   4.93591217  44.9399211 ],
[  6.7085988    4.9371018   45.09414518],
[  5.98757247   6.03728258  45.12381226],
[  5.51833989   7.44498034  45.36625289],
[  5.18071169   7.71285887  45.5275226 ],
[  6.60112921   5.09830618  45.54667841],
[  5.12709605   7.74860263  45.57460074],
[  5.44188811   7.53874126  45.59134628],
[  4.81305468   7.95796355  45.64047666],
[  5.97741365   6.06775904  45.68547737],
[  2.25134131   8.97486587  45.71120457],
[  6.44643623   5.33034565  45.75277088],
[  5.19753933   7.70164045  45.7785928 ],
[  3.69255045   8.62297982  45.80363872],
[  5.02426247   7.81715836  45.87250544],
[  6.48426873   5.2735969   45.96975545],
[  6.88371005   4.67443492  46.0977889 ],
[  4.55927913   8.12714725  46.2274315 ],
[  5.15493527   7.73004315  46.23118145],
[  3.55891528   8.67643389  46.26775001],
[  6.3525202    5.4712197   46.34087967],
[  5.65471885   7.03584346  46.45038247],
[  2.83831933   8.91616807  46.64015269],
[  2.04213078   8.99578692  46.73252138],
[  4.31944191   8.28703872  46.7924406 ],
[  6.20577876   5.69133186  46.93752382],
[  2.91611929   8.90838807  47.21753729],
[  6.34411186   5.48383221  47.38231634],
[  2.06140178   8.99385982  47.40314333],
[  4.86966713   7.92022192  47.45155889],
[  4.01787086   8.4880861   47.45962163],
[  5.81261132   6.56216605  47.5560282 ],
[  3.82067328   8.57173069  47.59165116],
[  3.9818968    8.50724128  47.74644886],
[  2.46366567   8.95363343  47.8082227 ],
[  6.27638996   5.58541505  47.90298362],
[  2.31348196   8.9686518   47.96882658],
[  3.64493208   8.64202717  48.00959035],
[  6.1109156    5.8336266   48.11007746],
[  5.53891148   7.38326555  48.31798468],
[  3.45799848   8.71680061  48.3264125 ],
[  4.40556368   8.22962421  48.86798367],
[  4.95704227   7.86197182  49.05806317],
[  6.72665731   4.91001403  49.06628875],
[  2.95963072   8.90403693  49.40114332],
[  2.73791585   8.92620842  49.42831195],
[  6.41553572   5.37669642  49.48522874],
[  6.65545995   5.01681007  49.5061763 ],
[  3.45062213   8.71975115  49.53908322],
[  5.63496198   7.09511407  49.61927451],
[  4.08399994   8.44400004  49.77655844],
[  2.35830609   8.96416939  49.90208355],
[  3.2634956    8.79460176  50.11795251],
[  6.98425756   4.52361366  50.18631824],
[  6.88761245   4.66858132  50.21433131],
[  5.44231037   7.53845976  50.2983134 ],
[  6.85559135   4.71661297  50.63102081],
[  4.86350545   7.9243297   50.66297284],
[  5.82641874   6.52074378  50.8852629 ],
[  6.5557369    5.16639465  50.92294468],
[  3.84350047   8.56259981  50.92609529],
[  5.49137122   7.50575252  50.97204515],
[  5.9591156    6.1226532   50.99332793],
[  6.56864724   5.14702915  51.124225  ],
[  6.25534121   5.61698819  51.17886253],
[  2.24429189   8.97557081  51.20320918],
[  6.30207463   5.54688806  51.28990968],
[  6.6669511    4.99957335  51.34237552],
[  6.24418267   5.633726    51.40717333],
[  3.98151464   8.50739414  51.4168716 ],
[  2.6892561    8.93107439  51.56013546],
[  5.66712791   6.99861626  51.65760665],
[  4.31976664   8.28682224  51.70532924],
[  3.02231572   8.89107371  51.79041109],
[  3.31023412   8.77590635  51.80645536],
[  6.84941411   4.72587884  51.94416273],
[  3.30613742   8.77754503  51.97232027],
[  3.33281418   8.76687433  52.01105209],
[  4.45716331   8.19522446  52.08234689],
[  6.99286171   4.51070744  52.12473133],
[  2.60275833   8.93972417  52.14950561],
[  3.96910561   8.51235776  52.27072158],
[  5.0430822    7.80461187  52.27338113],
[  3.07805353   8.86877859  52.28281392],
[  4.00122404   8.49918398  52.32756698],
[  6.30472282   5.54291577  52.35298626],
[  2.75943033   8.92405697  52.59403527],
[  5.99781603   6.00655191  52.69850512],
[  6.40043347   5.3993498   52.89240548],
[  6.54529012   5.18206483  52.91924289],
[  2.90964053   8.90903595  53.03317716],
[  5.48832494   7.50778337  53.14373244],
[  6.99588933   4.506166    53.15838856],
[  5.39001338   7.57332442  53.26957817],
[  2.36983997   8.963016    53.33432313],
[  3.31090352   8.77563859  53.86962675],
[  6.17281695   5.74077458  54.03943277],
[  6.11804452   5.82293322  54.12747121],
[  5.52455556   7.42633332  54.38867844],
[  6.92915402   4.60626897  54.57585225],
[  5.85945604   6.42163189  54.57713171],
[  6.04608753   5.9308687   54.69188461],
[  5.57733665   7.26799006  54.79174316],
[  4.72129571   8.01913619  54.91583114],
[  2.35805033   8.96419497  54.97453192],
[  4.75         8.          55.08343282],
[  2.84753855   8.91524614  55.56505731],
[  6.11483548   5.82774677  55.56746171],
[  2.60924577   8.93907542  55.95621152],
[  5.45477257   7.53015162  56.07525062],
[  6.90203157   4.64695265  56.11611452],
[  4.10752355   8.42831764  56.22076746],
[  2.6741746    8.93258254  56.34809516],
[  4.3403329    8.2731114   56.37375983],
[  5.58633921   7.24098237  56.64182604],
[  2.03571561   8.99642844  56.74087442],
[  3.62148066   8.65140773  56.92593517],
[  6.48733627   5.2689956   57.08902098],
[  2.95506311   8.90449369  57.19241936],
[  5.82674576   6.51976272  57.25141605],
[  5.73095557   6.80713329  57.33430479],
[  6.24602996   5.63095506  57.48868098],
[  3.51175553   8.69529779  57.59973027],
[  3.46490487   8.71403805  57.72777477],
[  3.84236261   8.56305496  57.73839727],
[  3.35128869   8.75948453  57.88240508],
[  4.6394167    8.0737222   57.92611827],
[  4.45298888   8.19800741  58.09256362],
[  4.9754312    7.84971253  58.2412275 ],
[  4.15075722   8.39949519  58.3358324 ],
[  6.69061351   4.96407974  58.5491977 ],
[  6.53193823   5.20209265  58.58136583],
[  4.27199354   8.31867097  58.61908385],
[  6.51139076   5.23291386  58.63177657],
[  4.68573777   8.04284149  58.64080154],
[  5.73673148   6.78980555  58.68600995],
[  4.74941621   8.00038919  58.68795862],
[  6.68448434   4.97327349  58.90568328],
[  2.87507672   8.91249233  59.10286259],
[  2.16059524   8.98394048  59.12204986],
[  5.00309875   7.8312675   59.15142708],
[  5.71972181   6.84083458  59.18553457],
[  3.11887783   8.85244887  59.23439401],
[  3.48930478   8.70427809  59.30885098],
[  6.37272194   5.44091708  59.32325123],
[  6.32338197   5.51492704  59.39315502],
[  4.02368155   8.4842123   59.6976393 ],
[  4.99847939   7.83434708  59.75216818],
[  5.59284556   7.22146333  59.79853492],
[  4.24501305   8.33665797  60.00896631],
[  5.46582009   7.52278661  60.06548863],
[  2.75554534   8.92444547  60.11161001],
[  4.2890343    8.30731047  60.18696926],
[  6.52590251   5.21114623  60.20439354],
[  5.76177258   6.71468225  60.27581258],
[  5.03936508   7.80708994  60.5979482 ],
[  6.85833351   4.71249973  60.64855635],
[  2.39171019   8.96082898  60.67346412],
[  3.14759711   8.84096115  60.72563661],
[  6.69927227   4.9510916   61.17886329],
[  6.70140912   4.94788632  61.23619495],
[  4.17734161   8.38177226  61.24331534],
[  5.5697207    7.29083789  61.32601828],
[  4.33956918   8.27362055  61.3584063 ],
[  3.28800013   8.78479995  61.60731089],
[  5.05415281   7.79723146  61.69708566],
[  5.14866799   7.73422134  61.69727714],
[  3.85944971   8.55622012  61.83210019],
[  6.89734293   4.65398561  61.91054859],
[  6.66773349   4.99839977  61.99015376],
[  3.78862951   8.5845482   62.04269663],
[  4.80922094   7.96051937  62.05781884],
[  5.8895869    6.3312393   62.26577327],
[  6.29998206   5.55002691  62.50496523],
[  6.96346791   4.55479813  62.91223277],
[  5.81330529   6.56008412  63.0124931 ],
[  4.59327139   8.10448574  63.02731371],
[  5.35058324   7.59961117  63.03549029],
[  4.48432333   8.17711778  63.08411954],
[  2.43861328   8.95613867  63.25619512],
[  4.14905374   8.40063084  63.56117328],
[  5.849638     6.45108601  63.60273528],
[  6.63361171   5.04958243  63.69075665],
[  5.55592455   7.33222636  63.96150396],
[  5.89565944   6.31302167  64.22644855],
[  2.88487497   8.9115125   64.2794838 ],
[  4.36761583   8.25492278  64.31296521],
[  5.80590433   6.582287    64.44486785],
[  5.82075952   6.53772144  64.61149786],
[  4.17073113   8.38617925  64.66590856],
[  4.62693804   8.08204131  64.7250877 ],
[  2.89777035   8.91022296  64.74187577],
[  6.34807912   5.47788132  64.78848648],
[  4.67746924   8.04835384  64.86781716],
[  4.27629706   8.31580196  65.00443889],
[  6.7742767    4.83858494  65.0578482 ],
[  5.61590248   7.15229257  65.08341572],
[  2.14880688   8.98511931  65.08698808],
[  6.38808477   5.41787284  65.14702185],
[  2.02771254   8.99722875  65.2815019 ],
[  3.44082162   8.72367135  65.32846153],
[  3.27801665   8.78879334  65.44680177],
[  6.80398521   4.79402219  65.52547219],
[  6.09380561   5.85929158  65.66765124],
[  4.59507099   8.10328601  65.70893059],
[  3.82211067   8.57115573  65.78869961],
[  4.08100492   8.44599672  65.79350617],
[  5.00182194   7.8321187   66.04647242],
[  5.20067065   7.6995529   66.4685039 ],
[  5.9152186    6.25434419  67.14166814],
[  6.1250592    5.8124112   67.38439244],
[  5.05317463   7.79788358  67.40837253],
[  3.77519905   8.58992038  67.56245745],
[  2.18212871   8.98178713  67.67632576],
[  6.52806303   5.20790546  67.86175631],
[  6.58822793   5.1176581   67.88111648],
[  6.04500332   5.93249502  67.99367514],
[  5.31618334   7.62254444  68.0650191 ],
[  5.4654613    7.5230258   68.06917042],
[  5.17762671   7.71491553  68.10701039],
[  5.15437686   7.73041543  68.18920938],
[  6.35367996   5.46948006  68.24940302],
[  5.14313542   7.73790972  68.4257788 ],
[  3.30537271   8.77785092  68.47155169],
[  6.28761153   5.56858271  68.55660858],
[  2.50556474   8.94944353  68.69846431],
[  5.62190709   7.13427873  68.73372957],
[  2.3309215    8.96690785  68.89194063],
[  4.90345287   7.89769809  69.06422428],
[  5.98607181   6.04178456  69.20105504],
[  6.64007671   5.03988494  69.25130693],
[  2.45961984   8.95403802  69.61225671],
[  5.95462727   6.13611819  69.65170158],
[  6.77998411   4.83002383  69.70548997],
[  2.6588556    8.93411444  69.85091255],
[  3.17998516   8.82800594  69.85325778],
[  6.30531174   5.54203239  69.86692981],
[  4.1899829    8.37334474  69.87767992],
[  6.65949858   5.01075213  69.91872399],
[  5.33079092   7.61280606  69.93655559],
[  4.85438259   7.93041161  70.2367091 ],
[  5.57779864   7.26660407  70.25069541],
[  2.4599003    8.95400997  70.31074397],
[  4.93480653   7.87679565  70.321458  ],
[  5.0798255    7.78011634  70.45034604],
[  4.25715618   8.32856254  70.56180876],
[  6.36761883   5.44857175  70.79428723],
[  2.67584617   8.93241538  70.93108996],
[  3.18828292   8.82468683  71.00609783],
[  4.11684238   8.42210508  71.03584338],
[  6.8936204    4.65956941  71.22072204],
[  4.42930857   8.21379428  71.37722147],
[  2.71094079   8.92890592  71.45620832],
[  4.10769012   8.42820659  71.60552279],
[  4.05107939   8.46594707  71.82930183],
[  4.02935588   8.48042941  71.84867752],
[  2.99215181   8.90078482  72.15180116],
[  3.66335858   8.63465657  72.28042498],
[  5.68887206   6.93338382  72.35947185],
[  5.17831356   7.71445763  72.4276997 ],
[  4.81056462   7.95962358  72.5581786 ],
[  5.49435459   7.50376361  72.61920039],
[  3.57398152   8.67040739  72.94481376],
[  6.06469296   5.90296056  73.20778013],
[  3.33461002   8.76615599  73.32714788],
[  6.98757857   4.51863215  73.3515071 ],
[  6.59967297   5.10049055  73.37475251],
[  6.51673251   5.22490123  73.43628254],
[  4.52040459   8.1530636   73.4634335 ],
[  3.10235308   8.85905877  73.53494685],
[  3.35494303   8.75802279  73.59630588],
[  3.86825825   8.5526967   73.66354897],
[  4.53866408   8.14089061  73.72545608],
[  6.61491519   5.07762721  73.95861557],
[  2.48713425   8.95128657  74.06781047],
[  2.21551534   8.97844847  74.1055995 ],
[  6.39992143   5.40011785  74.11572957],
[  6.62478507   5.0628224   74.12603247],
[  6.27989553   5.58015671  74.25575993],
[  6.92672951   4.60990573  74.29006978],
[  5.45096221   7.53269186  74.41042483],
[  4.08342669   8.44438221  74.41674357],
[  2.40084693   8.95991531  74.42549021],
[  5.506376     7.48087199  74.52870622],
[  5.64417313   7.06748061  74.54223878],
[  2.14152095   8.98584791  74.55701566],
[  5.35392471   7.59738353  74.72555608],
[  6.43744281   5.34383578  74.79304935],
[  5.93028277   6.20915169  74.80355463],
[  4.24486017   8.33675989  74.89339367],
[  2.41417352   8.95858265  75.06986679],
[  4.78784996   7.97476669  75.29628277],
[  2.84979592   8.91502041  75.31014094],
[  6.18374599   5.72438102  75.48496961],
[  2.84325831   8.91567417  75.6633264 ],
[  6.30797636   5.53803546  75.7210389 ],
[  3.25318807   8.79872477  75.73479336],
[  2.51617197   8.9483828   75.73566684],
[  4.12939734   8.41373511  75.79347349],
[  6.48689056   5.26966416  75.83527174],
[  3.76666205   8.59333518  75.85100704],
[  2.57703623   8.94229638  75.90275819],
[  3.16314377   8.83474249  75.90575173],
[  2.40343665   8.95965633  75.94631035],
[  4.2668385    8.32210767  75.94971935],
[  5.19167255   7.70555164  76.12153305],
[  5.60170688   7.19487935  76.17409232],
[  2.23753621   8.97624638  76.67961399],
[  5.62869206   7.11392381  76.68731199],
[  5.77882553   6.6635234   76.73430723],
[  6.69114776   4.96327836  76.81099726],
[  4.57370718   8.11752855  76.83749526],
[  5.96147327   6.11558018  76.8664398 ],
[  4.85101849   7.93265434  76.90989081],
[  5.6073514    7.17794581  76.94234216],
[  3.66236687   8.63505325  77.06410827],
[  5.87180771   6.38457687  77.11930856],
[  6.74098468   4.88852297  77.13703087],
[  4.86468922   7.92354052  77.40537222],
[  3.62272605   8.65090958  77.90982404],
[  6.73405013   4.8989248   77.92089013],
[  6.81843861   4.77234208  78.07334631],
[  2.3012416    8.96987584  78.07640836],
[  5.96525469   6.10423592  78.12790511],
[  4.78406411   7.97729059  78.18937559],
[  6.23374879   5.64937682  78.23073773],
[  3.00236065   8.89905574  78.5653837 ],
[  2.56492618   8.94350738  78.63458215],
[  3.88455922   8.54617631  78.67010891],
[  6.83403718   4.74894423  78.78188488],
[  5.26130451   7.65913033  78.86269245],
[  5.52211465   7.43365605  78.99394562],
[  5.26342654   7.65771564  79.01605636],
[  4.00552592   8.49631605  79.17512205],
[  3.11378567   8.85448573  79.21370021],
[  2.23197237   8.97680276  79.23538444],
[  5.4538427    7.53077154  79.42241062],
[  5.59360965   7.21917105  79.46403401],
[  5.17111518   7.71925654  79.6156655 ],
[  6.01926621   5.97110069  79.70594579],
[  3.13397177   8.84641129  79.72769057],
[  2.25393175   8.97460683  79.79178399],
[  6.89923681   4.65114478  80.1526197 ],
[  4.15411461   8.39725692  80.15906997],
[  4.93987243   7.87341838  80.2785125 ],
[  5.48434249   7.51043834  80.28264194],
[  5.78280028   6.65159915  80.3382512 ],
[  2.44210546   8.95578945  80.33854674],
[  6.51962442   5.22056337  80.68180357],
[  6.59510188   5.10734718  80.79552782],
[  5.29527359   7.63648427  80.80273291],
[  4.03993377   8.47337749  80.98999994],
[  5.01236381   7.82509079  81.18479786],
[  3.62932949   8.6482682   81.26362976],
[  2.61972719   8.93802728  81.34997725],
[  6.42371357   5.36442964  81.35531859],
[  5.55608317   7.33175048  81.51084154],
[  6.41930492   5.37104261  81.54644972],
[  6.33329507   5.5000574   81.55536247],
[  4.11376678   8.42415548  81.5651503 ],
[  2.32480434   8.96751957  81.5707448 ],
[  2.42515377   8.95748462  81.83216521],
[  6.22375561   5.66436658  81.98298166],
[  3.05151902   8.87939239  82.01933465],
[  6.53518999   5.19721502  82.04413118],
[  2.810305     8.9189695   82.24516995],
[  4.21527351   8.35648433  82.33108657],
[  6.74846064   4.87730904  82.36595944],
[  3.3233967    8.77064132  82.51153488],
[  5.75250279   6.74249163  82.61493498],
[  6.56231639   5.15652541  82.63505529],
[  6.75046362   4.87430458  82.64198443],
[  4.01934332   8.48710445  82.70641984],
[  3.65258224   8.6389671   82.82982878],
[  5.67015701   6.98952897  82.83566686],
[  2.13191744   8.98680826  83.03077902],
[  6.20623473   5.69064791  83.04997253],
[  6.00326443   5.99510336  83.14827274],
[  3.30018752   8.77992499  83.43925284],
[  5.80886162   6.57341513  83.62249559],
[  3.2271752    8.80912992  83.68671328],
[  5.06002809   7.7933146   83.80694776],
[  6.9319568    4.6020648   83.82991465],
[  5.78302183   6.65093452  83.9304383 ],
[  2.89845465   8.91015453  83.99812827],
[  4.70697501   8.02868333  84.04850335],
[  3.94267208   8.52293117  84.10888366],
[  3.21083735   8.81566506  84.17479686],
[  4.5495139   8.1336574  84.3759165],
[  5.8343983    6.4968051   84.44455959],
[  2.61479775   8.93852023  84.51269443],
[  3.65170812   8.63931675  84.52763692],
[  5.79316379   6.62050864  84.53039352],
[  2.00606816   8.99939318  84.8083989 ],
[  4.47778175   8.18147883  85.04380169],
[  6.02056222   5.96915668  85.5996259 ],
[  4.9563279    7.86244806  85.69726256],
[  6.84451096   4.73323356  86.01860282],
[  3.34504301   8.7619828   86.03651574],
[  4.19847457   8.36768362  86.05203321],
[  4.87148554   7.91900964  86.06763957],
[  5.1920561    7.70529593  86.10722702],
[  5.22967834   7.68021444  86.24984977],
[  6.08428575   5.87357137  86.27816336],
[  4.21665292   8.35556472  86.30813433],
[  5.40632834   7.56244777  86.4608457 ],
[  4.72171303   8.01885798  86.48252258],
[  2.78507629   8.92149237  86.56830962],
[  5.28621814   7.64252124  86.72889322],
[  6.89357327   4.6596401   86.75715466],
[  6.61898168   5.07152748  86.7734289 ],
[  2.64496969   8.93550303  86.83073768],
[  5.78650725   6.64047824  86.83603701],
[  5.33771873   7.60818752  86.90034157],
[  3.11095248   8.85561901  86.91525109],
[  3.95869581   8.51652168  86.93342519],
[  5.672632     6.98210401  87.10802089],
[  4.11116249   8.42589167  87.12491282],
[  5.73394018   6.79817945  87.1348291 ],
[  5.65712625   7.02862124  87.18810255],
[  3.60769779   8.65692088  87.23145905],
[  4.59687703   8.10208198  87.32290916],
[  4.64576287   8.06949142  87.39927051],
[  2.86352322   8.91364768  87.428189  ],
[  5.41795211   7.55469859  87.43668774],
[  3.96547051   8.5138118   87.5954951 ],
[  2.09722326   8.99027767  87.61249925],
[  4.37176182   8.25215879  87.69228935],
[  6.02862847   5.9570573   87.87248417],
[  3.75848691   8.59660524  87.88561094],
[  6.27716349   5.58425476  88.17788406],
[  6.10666376   5.84000436  88.21920876],
[  6.90470241   4.64294638  88.23421361],
[  6.60291618   5.09562572  88.30684836],
[  6.97966404   4.53050394  88.36654941],
[  2.65005657   8.93499434  88.61772497],
[  5.86201098   6.41396705  88.70704297],
[  5.18686172   7.70875885  88.84239303],
[  4.42671608   8.21552261  88.96938887],
[  2.33072523   8.96692748  89.05625757],
[  5.54954825   7.35135524  89.07941508],
[  6.31945164   5.52082254  89.1095044 ],
[  6.62939526   5.05590711  89.20692891],
[  5.09115655   7.7725623   89.41654145],
[  5.47790498   7.51473002  89.47624545],
[  6.67134682   4.99297976  90.03405482],
[  3.16316517   8.83473393  90.30011355],
[  5.34520862   7.60319425  90.36247669],
[  5.30987672   7.62674885  90.37435571],
[  6.53038826   5.20441761  90.45795989],
[  4.18543265   8.37637824  90.56057575],
[  4.17256838   8.38495441  90.72642613],
[  5.95520928   6.13437217  90.81749124],
[  5.94293894   6.17118319  90.99227909],
[  5.95082511   6.14752467  91.16828959],
[  6.79187753   4.8121837   91.19783322],
[  5.81769998   6.54690006  91.20052208],
[  6.51735862   5.22396208  91.35443965],
[  6.34142577   5.48786134  91.41622463],
[  3.15903502   8.83638599  91.5720783 ],
[  3.59303167   8.66278733  91.57884876],
[  6.46072027   5.30891959  91.58629194],
[  5.77231174   6.68306478  91.63879934],
[  3.51413596   8.69434562  91.67844637],
[  2.79607511   8.92039249  91.81904769],
[  5.78943683   6.63168951  91.90580696],
[  3.32865216   8.76853914  92.06011222],
[  6.04417738   5.93373393  92.09218475],
[  5.84918312   6.45245065  92.27157069],
[  2.4930405    8.95069595  92.39318173],
[  5.85188182   6.44435455  92.44841421],
[  4.99810936   7.83459376  92.45787156],
[  6.93932149   4.59101776  92.50442792],
[  5.17141456   7.71905696  92.53552671],
[  5.94621529   6.16135414  92.68495087],
[  6.5449032    5.18264521  92.69880984],
[  3.65331885   8.63867246  92.9676654 ],
[  6.47356239   5.28965642  93.11500144],
[  3.36405515   8.75437794  93.16888468],
[  5.89200359   6.32398924  93.17457765],
[  6.22486821   5.66269768  93.20116216],
[  6.98496539   4.52255191  93.35019485],
[  6.75367898   4.86948153  93.37441362],
[  2.67566425   8.93243358  93.42307488],
[  5.13619995   7.74253337  93.56089801],
[  4.57808102   8.11461265  93.76882919],
[  5.50614035   7.48157895  93.94874876],
[  3.25303114   8.79878754  94.05978534],
[  3.35019358   8.75992257  94.13479621],
[  5.20547396   7.69635069  94.17671969],
[  3.51372246   8.69451102  94.5157176 ],
[  6.09390555   5.85914167  94.53969462],
[  5.97593812   6.07218564  94.57013434],
[  5.7522815    6.74315549  94.61202879],
[  5.70243069   6.89270792  94.65360832],
[  3.61872771   8.65250892  94.66261194],
[  2.7599865    8.92400135  94.75632325],
[  3.86646442   8.55341423  95.03966882],
[  6.16948361   5.74577458  95.11771871],
[  5.56416524   7.30750428  95.20306164],
[  6.41305995   5.38041007  95.29065359],
[  2.72933366   8.92706663  95.3794968 ],
[  4.04049998   8.47300001  95.54251428],
[  6.74798506   4.8780224   95.62898983],
[  4.243833     8.33744466  95.68686107],
[  6.93956957   4.59064564  95.75460331],
[  3.16330935   8.83467626  95.91130725],
[  4.93294546   7.87803636  95.95213239],
[  6.20581209   5.69128187  96.02262598],
[  6.33583497   5.49624755  96.04519737],
[  6.66550038   5.00174943  96.05134396],
[  6.81776387   4.77335419  96.17252259],
[  4.03620192   8.47586539  96.5124081 ],
[  5.35418308   7.59721128  96.62467927],
[  2.50773311   8.94922669  96.62930625],
[  5.29605135   7.63596577  96.66361181],
[  3.01241459   8.89503416  96.76206173],
[  6.98308885   4.52536672  96.81830915],
[  4.75900786   7.99399476  96.88981274],
[  4.00044131   8.49970579  97.11542092],
[  2.62621861   8.93737814  97.31062677],
[  5.86325058   6.41024825  97.48317818],
[  5.50014401   7.49956796  97.60509669],
[  4.66096327   8.05935782  97.6313564 ],
[  4.57406941   8.11728706  97.66077993],
[  3.90405339   8.53837865  97.69109287],
[  6.82291073   4.7656339   97.71392362],
[  6.19381504   5.70927744  97.85980879],
[  6.28317571   5.57523643  98.03902827],
[  5.71588502   6.85234493  98.10580189],
[  4.12075814   8.41949458  98.17705602],
[  5.02688734   7.81540844  98.20654417],
[  2.68711324   8.93128868  98.25064066],
[  6.99865776   4.50201336  98.46449234],
[  2.93725109   8.90627489  98.49817839],
[  4.97443603   7.85037598  98.53466871],
[  6.20816166   5.68775751  98.6529133 ],
[  3.8133352    8.57466592  98.67909912],
[  4.55537796   8.12974803  98.89031482],
[  6.17003922   5.74494117  99.21562997],
[  6.59090532   5.11364203  99.39389324],
[  6.53617209   5.19574186  99.43000931],
[  2.23644148   8.97635585  99.54663325],
[  3.14462318   8.84215073  99.55720894],
[  4.03414942   8.47723372  99.62516709],
[  6.00932778   5.98600833  99.6471893 ],
[  5.63826436   7.08520691  99.65187314],
[  6.87381277   4.68928084  99.66960914],
[  4.83110898   7.94592735  99.72038224],
[  2.87485772   8.91251423  99.78404179],
[  3.49847552   8.70060979  99.79787454],
[  5.08417594   7.77721604  99.83884514],
[  3.72935306   8.60825878  99.8692388 ],
