[  6.17057269e+00   5.74414096e+00   7.82015389e-04],
[ 5.14978393  7.73347738  0.00875198],
[ 6.16534003  5.75198996  0.05174734],
[ 5.31319873  7.62453418  0.19138232],
[ 5.00483165  7.83011223  0.83151696],
[ 3.73448824  8.6062047   0.91922795],
[ 5.19694832  7.70203445  0.94580628],
[ 4.45512399  8.196584    1.11012182],
[ 5.48873121  7.50751253  1.23671929],
[ 6.19455473  5.7081679   1.41697686],
[ 5.52029699  7.43910904  1.47267852],
[ 2.39412416  8.96058758  1.49223806],
[ 6.36110485  5.45834273  1.69725558],
[ 2.98300251  8.90169975  1.76526325],
[ 5.88897174  6.33308478  2.12983739],
[ 6.04241314  5.93638029  2.2055113 ],
[ 2.64322624  8.93567738  2.31146899],
[ 4.39760794  8.23492804  2.4768957 ],
[ 6.92515064  4.61227404  2.55953811],
[ 6.36036429  5.45945356  2.60980925],
[ 6.82378815  4.76431777  2.71075829],
[ 4.96508955  7.85660697  2.74713324],
[ 6.73589809  4.89615286  2.76847566],
[ 5.81922879  6.54231364  2.81155033],
[ 4.68153153  8.04564565  2.84429126],
[ 5.26880509  7.65412994  2.97720693],
[ 3.62943482  8.64822607  2.99081174],
[ 5.371771    7.585486    3.23665326],
[ 5.44961798  7.53358801  3.51001105],
[ 4.80476481  7.96349013  3.58994024],
[ 2.67812606  8.93218739  3.7113177 ],
[ 3.30689106  8.77724358  3.74042315],
[ 4.85160821  7.93226119  3.95517628],
[ 3.8670604   8.55317584  3.97109667],
[ 6.26978944  5.59531584  4.03200744],
[ 3.6255067   8.64979732  4.21639786],
[ 6.44263313  5.33605031  4.30107868],
[ 2.58002231  8.94199777  4.48445502],
[ 4.66341948  8.05772034  4.53714229],
[ 2.14684789  8.98531521  4.59896382],
[ 6.06401683  5.90397476  4.6286232 ],
[ 4.20408869  8.36394087  4.88087903],
[ 3.58966686  8.66413326  4.94405962],
[ 5.87648458  6.37054627  4.98264073],
[ 2.3651591   8.96348409  5.12172368],
[ 5.01108354  7.82594431  5.26345257],
[ 4.00985626  8.49342916  5.42426163],
[ 5.63911545  7.08265364  5.4482563 ],
[ 2.15372119  8.98462788  5.5345932 ],
[ 5.8346488   6.49605359  5.62293905],
[ 3.83679663  8.56528135  5.67273238],
[ 5.42569593  7.54953605  5.7574292 ],
[ 6.60151043  5.09773436  5.90569447],
[ 4.39548469  8.23634354  5.91349139],
[ 6.79610372  4.80584442  5.9318717 ],
[ 6.81601938  4.77597093  6.05007338],
[ 5.74186936  6.77439191  6.12187643],
[ 5.47755349  7.51496434  6.25893349],
[ 5.59246378  7.22260866  6.27163476],
[ 2.70845704  8.9291543   6.34830104],
[ 2.93184189  8.90681581  6.37595914],
[ 5.4999312   7.50004587  6.41532447],
[ 2.64418668  8.93558133  6.54983526],
[ 6.9021679   4.64674815  6.71291756],
[ 5.35779051  7.59480633  6.73405398],
[ 6.7071549   4.93926765  6.96572257],
[ 4.93222333  7.87851778  7.07629894],
[ 2.91725081  8.90827492  7.10814353],
[ 6.06859402  5.89710897  7.13414688],
[ 6.40749726  5.38875411  7.24250839],
[ 5.71939833  6.84180502  7.2750144 ],
[ 4.02390146  8.48406569  7.27957969],
[ 5.42202003  7.55198665  7.33190769],
[ 6.60296612  5.09555082  7.76012658],
[ 3.38502879  8.74598849  7.94706172],
[ 5.83705301  6.48884098  7.98580199],
[ 4.92077635  7.8861491   8.01308883],
[ 6.76674259  4.84988612  8.02199727],
[ 4.12951986  8.41365343  8.08708485],
[ 2.02026287  8.99797371  8.38525836],
[ 3.76888403  8.59244639  8.66723007],
[ 6.98665998  4.52001003  8.77185627],
[ 4.92898503  7.88067665  8.8510834 ],
[ 5.68195848  6.95412456  8.86211822],
[ 2.89997795  8.91000221  8.97262999],
[ 3.0534719   8.87861124  9.03377258],
[ 2.00485841  8.99951416  9.08553237],
[ 3.90677023  8.53729191  9.13933556],
[ 2.55256948  8.94474305  9.2136705 ],
[ 5.86390533  6.408284    9.21909434],
[ 4.02657087  8.48228608  9.24824455],
[ 3.72019255  8.61192298  9.27388309],
[ 4.53304651  8.14463566  9.2969293 ],
[ 4.02206992  8.48528672  9.3624273 ],
[ 5.28620021  7.64253319  9.44696962],
[ 5.74814116  6.75557651  9.49099735],
[ 2.65956721  8.93404328  9.51240755],
[ 5.95444172  6.13667483  9.58757224],
[ 2.12715418  8.98728458  9.7110997 ],
[ 3.82232131  8.57107147  9.78526321],
[ 5.73859419  6.78421744  9.78806192],
[ 6.75487672  4.86768491  9.88155551],
[  2.11957984   8.98804202  10.00653306],
[  5.08374742   7.77750172  10.09212329],
[  5.35912513   7.59391658  10.40353069],
[  5.13165536   7.7455631   10.42529328],
[  5.34762992   7.60158005  10.58802038],
[  6.54384157   5.18423764  11.06234465],
[  6.15114861   5.77327708  11.17444714],
[  6.79634542   4.80548187  11.27212956],
[  5.751091     6.74672701  11.29078705],
[  4.21418399   8.35721067  11.39579394],
[  5.89447888   6.31656337  11.43292346],
[  4.47909538   8.18060308  11.44331919],
[  5.51603502   7.45189493  11.52298032],
[  6.52636711   5.21044934  11.675219  ],
[  4.91788263   7.88807825  11.76614428],
[  2.14260817   8.98573918  11.80641276],
[  6.91224755   4.63162867  11.8242469 ],
[  2.23399091   8.97660091  11.87181907],
[  4.3594774    8.2603484   12.00657809],
[  2.22748511   8.97725149  12.47798751],
[  2.88844775   8.91115523  12.58320424],
[  5.75159556   6.74521331  12.5852515 ],
[  3.38070928   8.74771629  12.67119597],
[  5.70515537   6.8845339   12.68100488],
[  6.68384999   4.97422501  12.77216036],
[  5.66943781   6.99168658  12.82217716],
[  5.11882499   7.75411667  12.86262958],
[  6.27747507   5.58378739  13.07514644],
[  5.60047707   7.19856879  13.11499554],
[  2.31070108   8.96892989  13.26711507],
[  5.52919019   7.41242942  13.35198783],
[  6.88585339   4.67121991  13.82731914],
[  2.52983908   8.94701609  13.8308906 ],
[  6.88454087   4.67318869  13.84075579],
[  6.39868832   5.40196752  13.88732926],
[  5.58127193   7.25618422  13.89522177],
[  5.01020944   7.82652704  14.01539837],
[  4.69655106   8.03563263  14.03701658],
[  6.59024286   5.11463572  14.12247932],
[  4.92478972   7.88347352  14.19987252],
[  6.541033     5.1884505   14.43476047],
[  5.85988703   6.42033892  14.43928698],
[  4.29756802   8.30162132  14.5235098 ],
[  5.99039657   6.02881028  14.54241333],
[  5.32814802   7.61456799  14.69829775],
[  2.48133058   8.95186694  14.72248054],
[  6.86957132   4.69564302  15.08721202],
[  5.57476836   7.27569492  15.08875193],
[  5.81073681   6.56778957  15.09416083],
[  5.57538894   7.27383318  15.31967801],
[  2.66487438   8.93351256  15.3530064 ],
[  4.17148672   8.38567552  15.36302474],
[  4.0803162    8.44645586  15.36746334],
[  3.74238048   8.60304781  15.52114222],
[  6.45589775   5.31615337  15.60453726],
[  6.82469874   4.76295188  15.66989313],
[  5.73045374   6.80863877  15.67547809],
[  6.4190386    5.37144211  15.71656094],
[  4.3777519    8.2481654   15.80869285],
[  6.86166382   4.70750427  15.9257193 ],
[  5.51483047   7.45550859  15.94216814],
[  5.37020112   7.58653259  16.05991352],
[  2.95069525   8.90493047  16.09771398],
[  5.17498854   7.7166743   16.09878912],
[  3.02792227   8.88883109  16.12245944],
[  5.15390124   7.73073251  16.15075362],
[  6.96851705   4.54722442  16.4016578 ],
[  4.26151274   8.32565817  16.54000849],
[  4.58912488   8.10725008  16.64570521],
[  5.32572834   7.61618111  16.70077844],
[  6.73591523   4.89612716  16.73506641],
[  3.18538457   8.82584617  16.80994401],
[  6.22275586   5.66586622  16.99304188],
[  4.30873319   8.29417787  17.00594318],
[  4.34129083   8.27247278  17.07524073],
[  5.9681722    6.09548339  17.23463484],
[  3.00905053   8.89637979  17.40840953],
[  4.58339995   8.1110667   17.54496553],
[  3.62860352   8.64855859  17.62947671],
[  4.09687287   8.43541809  17.6533296 ],
[  3.8216744    8.57133024  17.72873226],
[  4.38301742   8.24465506  17.75205027],
[  3.53628427   8.68548629  17.77835164],
[  6.12461827   5.8130726   18.30125972],
[  2.65575691   8.93442431  18.34090314],
[  6.03458743   5.94811886  18.45177497],
[  2.10677753   8.98932225  18.51846727],
[  2.34109306   8.96589069  18.52726858],
[  2.10860122   8.98913988  18.71537712],
[  5.01192213   7.82538525  18.72028035],
[  2.22045942   8.97795406  18.73786934],
[  5.07623176   7.78251216  18.91639199],
[  2.83082176   8.91691782  18.98910035],
[  6.40811791   5.38782314  19.02190277],
[  4.90948569   7.89367621  19.17207513],
[  4.45404811   8.19730126  19.37303068],
[  2.65746478   8.93425352  19.43417139],
[  3.15279306   8.83888278  19.5528086 ],
[  5.65503366   7.03489902  19.64836954],
[  4.24380638   8.33746241  19.71955776],
[  2.02835762   8.99716424  19.73241432],
[  5.05750776   7.79499483  19.75851251],
[  4.50803595   8.16130937  19.7711857 ],
[  4.86778063   7.92147958  20.02633086],
[  2.71728593   8.92827141  20.03212539],
[  4.14850647   8.40099569  20.15890943],
[  5.55048565   7.34854306  20.55011459],
[  3.97920953   8.50831619  20.62914283],
[  4.41234368   8.22510421  20.86512313],
[  2.20513508   8.97948649  20.88042118],
[  5.88079601   6.35761196  21.03063818],
[  6.74316975   4.88524537  21.13387165],
[  6.37622968   5.43565548  21.21146013],
[  2.14483748   8.98551625  21.35849182],
[  2.79024658   8.92097534  21.44991654],
[  6.4330804   5.3503794  21.5442007],
[  5.67086849   6.98739453  21.66952741],
[  3.40147959   8.73940816  21.73334066],
[  4.41579064   8.22280624  22.04517759],
[  6.102246     5.84663101  22.13236066],
[  2.04931432   8.99506857  22.19538215],
[  3.65812497   8.63675001  22.24357882],
[  6.81500411   4.77749383  22.25301348],
[  3.72541015   8.60983594  22.37208267],
[  2.61751322   8.93824868  22.51726432],
[  6.8571903    4.71421455  22.54461016],
[  2.55760241   8.94423976  22.73278975],
[  6.00374623   5.99438065  22.79971562],
[  5.34398156   7.6040123   22.90460285],
[  5.07452721   7.78364853  22.93595993],
[  2.61786806   8.93821319  22.99463216],
[  6.84439535   4.73340698  22.99752829],
[  5.0699556    7.78669626  23.0865169 ],
[  2.72404539   8.92759546  23.16375007],
[  5.53219156   7.40342532  23.22116326],
[  2.75951152   8.92404885  23.23646601],
[  2.2592455    8.97407545  23.34527717],
[  5.57711962   7.26864113  23.39419647],
[  3.75481887   8.59807245  23.48618635],
[  5.71100351   6.86698948  23.65064451],
[  4.12300918   8.41799388  23.6758086 ],
[  5.5939574    7.21812781  23.68949028],
[  5.70194424   6.89416729  23.70927131],
[  2.33329875   8.96667012  23.72858674],
[  6.85348849   4.71976727  23.82313883],
[  2.99057627   8.90094237  23.88713103],
[  4.00578199   8.49614534  23.94078519],
[  4.69885128   8.03409915  24.17058814],
[  4.09818909   8.43454061  24.18419944],
[  2.02873121   8.99712688  24.23420747],
[  6.94106739   4.58839891  24.51237164],
[  6.65083627   5.02374559  24.5241242 ],
[  3.27105633   8.79157747  24.62915867],
[  3.92096501   8.53161399  24.65402748],
[  6.06301693   5.90547461  24.92701834],
[  5.24773569   7.6681762   25.10651126],
[  4.76809304   7.98793798  25.15540221],
[  5.53468493   7.39594522  25.22206181],
[  6.24461015   5.63308477  25.31974248],
[  3.94843196   8.52062721  25.34491011],
[  6.4007043    5.39894355  25.42558017],
[  4.98822403   7.84118398  25.44731783],
[  6.7848111    4.82278335  25.53354894],
[  5.63252869   7.10241392  25.76261598],
[  5.29444468   7.63703688  25.78114101],
[  5.02709953   7.81526698  25.95125515],
[  5.78489107   6.64532678  26.26326934],
[  6.89829131   4.65256304  26.26424192],
[  6.08999259   5.86501112  26.26617986],
[  6.2012358    5.6981463   26.57015775],
[  4.00050079   8.49966614  26.7082419 ],
[  3.46954654   8.71218139  26.72645225],
[  4.81062956   7.95958029  26.73580665],
[  6.57474338   5.13788492  26.75026665],
[  3.93130493   8.52747803  26.83483091],
[  6.4658054    5.3012919   26.86192168],
[  2.76956208   8.92304379  26.88255351],
[  6.62917332   5.05624002  27.01566717],
[  5.10531588   7.76312275  27.1697689 ],
[  3.26878959   8.79248416  27.26880302],
[  6.24962708   5.62555937  27.34118983],
[  4.5753729    8.11641807  27.38142462],
[  6.39655759   5.40516362  27.40523635],
[  6.82730402   4.75904397  27.44615292],
[  6.03704405   5.94443392  27.57747823],
[  3.13657293   8.84537083  27.60993649],
[  2.46636689   8.95336331  27.84408345],
[  4.12144429   8.41903714  28.09464887],
[  3.25572469   8.79771012  28.10229518],
[  6.7624381    4.85634285  28.21045502],
[  2.7432855    8.92567145  28.29547852],
[  4.47554958   8.18296695  28.37540197],
[  6.99063971   4.51404044  28.38532461],
[  5.270698     7.652868    28.48530604],
[  3.39902147   8.74039141  28.675082  ],
[  5.85685344   6.42943967  28.74175994],
[  4.32014323   8.28657118  28.76044215],
[  4.33567796   8.2762147   28.90637367],
[  4.34373893   8.27084071  28.94129039],
[  6.9446594    4.58301089  29.07204549],
[  4.88712245   7.90858504  29.11820553],
[  3.03825537   8.88469785  29.14115797],
[  2.73462197   8.9265378   29.2422339 ],
[  2.68566815   8.93143318  29.3370041 ],
[  5.94910262   6.15269215  29.4675821 ],
[  4.47008858   8.18660761  29.52144143],
[  6.4779194   5.2831209  29.5450978],
[  6.62045496   5.06931756  29.55954425],
[  2.60994919   8.93900508  29.56784608],
[  5.17578329   7.71614448  29.72371769],
[  5.01830078   7.82113281  29.90337114],
[  4.64430198   8.07046535  30.0351662 ],
[  6.17753624   5.73369564  30.18524749],
[  5.19260883   7.70492744  30.23094601],
[  5.61698884   7.14903349  30.2981514 ],
[  5.72839165   6.81482504  30.38511206],
[  2.51451633   8.94854837  30.45515528],
[  2.50844194   8.94915581  30.6363308 ],
[  3.86409549   8.5543618   30.70912429],
[  6.97564695   4.53652958  30.7297407 ],
[  3.54426326   8.6822947   30.83791797],
[  2.9892515    8.90107485  30.93459284],
[  4.1272255    8.415183    30.95374943],
[  6.13906976   5.79139536  31.04396806],
[  2.25189583   8.97481042  31.04682128],
[  3.26463811   8.79414476  31.14331883],
[  3.53066012   8.68773595  31.153291  ],
[  6.22697519   5.65953721  31.22087832],
[  6.30305208   5.54542188  31.36123361],
[  6.91038088   4.63442868  31.48816013],
[  6.22223396   5.66664906  31.56012348],
[  6.24509598   5.63235602  31.63803467],
[  2.72862756   8.92713724  31.66135971],
[  2.69342093   8.93065791  31.70951677],
[  2.61392064   8.93860794  31.76689016],
[  3.04934171   8.88026332  31.82569602],
[  6.27048172   5.59427742  31.85589307],
[  3.52865624   8.6885375   31.90640759],
[  5.47518508   7.51654328  31.92945677],
[  2.72649104   8.9273509   32.28776091],
[  5.06249784   7.7916681   32.56617396],
[  6.41439478   5.37840783  32.60543599],
[  3.93037745   8.52784902  32.68787556],
[  4.40177466   8.23215023  32.82978326],
[  4.6334162    8.07772253  32.88966085],
[  2.04089431   8.99591057  32.90943774],
[  5.15855766   7.72762823  32.99419474],
[  5.8636896    6.40893121  33.04368011],
[  6.16861149   5.74708277  33.44709311],
[  4.34667139   8.26888574  33.50468222],
[  4.1475752    8.40161654  33.56789806],
[  2.81006777   8.91899322  33.71680637],
[  5.87154625   6.38536126  33.75466079],
[  6.0137246    5.9794131   33.77317478],
[  4.64361778   8.07092148  33.83653136],
[  2.90854935   8.90914507  34.07187349],
[  5.69282091   6.92153726  34.15521073],
[  4.15679973   8.39546685  34.21783557],
[  3.29766855   8.78093258  34.34397745],
[  4.00691093   8.49539271  34.37348558],
[  6.99636577   4.50545135  34.40443679],
[  3.42981317   8.72807473  34.44056231],
[  6.77297966   4.84053051  34.63666345],
[  4.81107813   7.95928124  34.74250921],
[  3.38709054   8.74516378  34.74791098],
[  6.16446011   5.75330984  34.82469938],
[  6.14003193   5.7899521   34.87863702],
[  6.45549143   5.31676285  34.98210468],
[  5.79717365   6.60847906  35.39922658],
[  5.40651339   7.5623244   35.68428328],
[  3.2945975    8.782161    35.80508932],
[  5.55181692   7.34454923  35.89420978],
[  3.15111114   8.83955554  35.94473165],
[  2.53720485   8.94627952  36.03874388],
[  6.3596656    5.4605016   36.04069448],
[  6.67850978   4.98223532  36.08064047],
[  4.72167291   8.01888473  36.10924696],
[  2.08741203   8.9912588   36.27409397],
[  5.18381726   7.71078849  36.45440789],
[  6.3568803    5.46467955  36.56695226],
[  2.08324847   8.99167515  36.67832248],
[  4.24947267   8.33368489  36.9599715 ],
[  4.23362446   8.34425036  37.06845908],
[  6.89692676   4.65460986  37.09276193],
[  5.3683461    7.58776927  37.09288941],
[  6.55830247   5.1625463   37.10258478],
[  4.08890875   8.4407275   37.35471157],
[  5.31695199   7.62203201  37.54708187],
[  4.7975462    7.96830253  37.8473858 ],
[  4.62616266   8.08255823  37.91437023],
[  6.03227706   5.95158442  37.98452375],
[  6.17230684   5.74153974  38.05244742],
[  6.16511274   5.75233089  38.08061905],
[  6.1533281    5.77000785  38.10341493],
[  2.96386789   8.90361321  38.1548192 ],
[  6.83272354   4.75091469  38.17746703],
[  6.71038087   4.9344287   38.19155362],
[  5.79873328   6.60380016  38.22918238],
[  6.8120402    4.7819397   38.60273763],
[  5.6247503    7.12574909  38.61743114],
[  5.51454164   7.45637508  38.76716305],
[  6.55610759   5.16583862  38.81052747],
[  5.84930795   6.45207615  38.9044553 ],
[  5.01067867   7.82621422  38.94816539],
[  4.81426994   7.95715338  38.94949309],
[  5.32862113   7.61425258  39.05061171],
[  2.74741021   8.92525898  39.16922613],
[  6.88604251   4.67093624  39.18171472],
[  4.96289134   7.85807244  39.26755837],
[  4.20899876   8.36066749  39.56541718],
[  5.60497533   7.18507402  39.68763612],
[  2.37428657   8.96257134  39.7968042 ],
[  6.85757299   4.71364051  39.97483883],
[  3.30387467   8.77845013  40.08902516],
[  2.02090609   8.99790939  40.09574299],
[  3.62314424   8.65074231  40.19204492],
[  4.94811529   7.86792314  40.2980199 ],
[  2.10167871   8.98983213  40.57164993],
[  6.8813315    4.67800275  40.71120375],
[  6.31699195   5.52451208  40.72680838],
[  6.08641374   5.87037939  40.88931863],
[  2.81807459   8.91819254  40.93175676],
[  6.62386008   5.06420988  40.98327881],
[  5.94656074   6.16031777  41.18535872],
[  4.96363886   7.85757409  41.19049857],
[  6.83052682   4.75420977  41.42693398],
[  6.98084075   4.52873887  41.43951462],
[  5.98312826   6.05061522  41.71907043],
[  6.4962       5.25569999  41.80611931],
[  6.23787011   5.64319484  41.84405486],
[  2.58636602   8.9413634   41.86894615],
[  4.59398705   8.10400863  41.88334669],
[  5.39085533   7.57276312  41.97651324],
[  6.58791724   5.11812415  42.14396292],
[  6.62940564   5.05589155  42.32051701],
[  6.91121827   4.6331726   42.45932762],
[  6.58409291   5.12386064  42.93750389],
[  6.23343408   5.64984888  42.97159255],
[  2.67842005   8.932158    42.98102573],
[  2.8395897    8.91604103  43.21997739],
[  6.44276495   5.33585258  43.22046836],
[  6.61080785   5.08378823  43.22918015],
[  4.1913612    8.37242587  43.28347314],
[  3.85393425   8.5584263   43.31366676],
[  5.90638931   6.28083208  43.52447052],
[  2.48150022   8.95184998  43.56608495],
[  2.86506032   8.91349397  43.6613789 ],
[  5.61101099   7.16696703  43.73046746],
[  4.20376525   8.3641565   43.7799401 ],
[  5.80762073   6.57713782  43.83241275],
[  6.72611109   4.91083336  43.91678426],
[  3.58794542   8.66482183  43.97788426],
[  2.38779276   8.96122072  44.01334451],
[  3.95785334   8.51685866  44.0245043 ],
[  5.88186438   6.35440686  44.40054809],
[  6.02591196   5.96113206  44.49419606],
[  6.14074262   5.78888607  44.58557154],
[  5.05290911   7.79806059  44.593245  ],
[  6.91036764   4.63444854  44.6617971 ],
[  2.35635902   8.9643641   44.68839625],
[  6.70156637   4.94765044  44.9178955 ],
[  4.59459926   8.10360049  45.13693719],
[  4.01099804   8.49266798  45.15031881],
[  2.00420522   8.99957948  45.1742922 ],
[  4.36463796   8.25690803  45.21976689],
[  6.0957992    5.8563012   45.25989353],
[  4.11242183   8.42505211  45.42463223],
[  4.56284092   8.12477272  45.49060859],
[  6.44743897   5.32884154  45.81980848],
[  4.31307605   8.29128263  46.05757737],
[  2.26916028   8.97308397  46.15979589],
[  5.37471741   7.58352172  46.19796564],
[  3.33553381   8.76578647  46.33505119],
[  6.83090541   4.75364189  46.45285681],
[  5.70087698   6.89736906  46.47270531],
[  6.37799009   5.43301487  46.73359647],
[  4.66197205   8.0586853   46.94828567],
[  3.62399906   8.65040038  46.95347145],
[  4.6549276    8.0633816   47.05089369],
[  6.19414948   5.70877577  47.05301965],
[  5.03260879   7.81159414  47.09640526],
[  6.97947727   4.5307841   47.16241513],
[  6.609839     5.0852415   47.22516348],
[  5.95015514   6.14953457  47.27964672],
[  4.19673475   8.3688435   47.40509656],
[  4.29194458   8.30537028  47.55603576],
[  4.21459186   8.35693876  47.78415704],
[  3.48326282   8.70669487  47.83932197],
[  4.96757087   7.85495275  47.91367508],
[  6.91717299   4.62424051  47.97292334],
[  2.60530635   8.93946936  48.02505913],
[  2.7964888    8.92035112  48.07547411],
[  5.21190664   7.69206224  48.0802847 ],
[  4.41281737   8.22478842  48.219672  ],
[  6.66791254   4.9981312   48.34296259],
[  6.89007305   4.66489042  48.53582157],
[  6.26265339   5.60601992  48.63608376],
[  6.57728369   5.13407446  48.9358535 ],
[  6.23687351   5.64468973  48.94657902],
[  3.83120282   8.56751887  49.04800718],
[  5.00688167   7.82874555  49.12351231],
[  5.73240173   6.8027948   49.12805783],
[  2.38008112   8.96199189  49.75111453],
[  2.72604682   8.92739532  49.76238753],
[  4.18375216   8.37749856  49.78241982],
[  5.36039219   7.59307187  49.91135007],
[  3.00228879   8.89908448  49.92033819],
[  5.87329308   6.38012077  49.93035643],
[  6.92700438   4.60949344  50.00145625],
[  3.4190125    8.732395    50.14886723],
[  3.59065767   8.66373693  50.34223654],
[  6.34607767   5.4808835   50.41200927],
[  6.50780685   5.23828973  50.49881174],
[  4.1286583    8.4142278   50.50225063],
[  6.59196284   5.11205575  50.69444137],
[  5.66507243   7.00478271  50.72855696],
[  6.50052645   5.24921033  50.75451517],
[  2.79302926   8.92069707  50.80114677],
[  6.89689208   4.65466188  50.84216812],
[  4.06646495   8.45569003  50.88240152],
[  2.12045218   8.98795478  50.94880361],
[  6.11474281   5.82788578  50.96468626],
[  2.49767284   8.95023272  51.11062225],
[  2.92311722   8.90768828  51.43384129],
[  3.04025638   8.88389745  51.47403536],
[  5.13880758   7.74079495  51.5496547 ],
[  4.30496504   8.29668997  51.65165165],
[  5.28969206   7.64020529  51.85466012],
[  5.3707516    7.5861656   52.04023903],
[  5.76759187   6.69722439  52.1155646 ],
[  5.79223933   6.62328202  52.12970801],
[  4.33497089   8.27668608  52.14626377],
[  4.63718881   8.07520746  52.19105134],
[  6.52004398   5.21993402  52.25385161],
[  6.58849004   5.11726494  52.29602725],
[  4.15997475   8.39335017  52.29683766],
[  4.37247465   8.25168357  52.38949441],
[  4.93600502   7.87599666  52.61326766],
[  4.08015702   8.44656199  52.68835202],
[  5.4357863    7.54280913  52.77981413],
[  2.38928426   8.96107157  52.78547273],
[  6.42790432   5.35814352  52.82474276],
[  4.88375584   7.91082944  52.99246337],
[  4.46030501   8.19312999  53.11610962],
[  4.89190641   7.90539573  53.14334085],
[  6.91858846   4.62211731  53.18311631],
[  6.4317441    5.35238385  53.32530963],
[  6.3557624    5.46635639  53.47244652],
[  4.59547951   8.10301366  53.83007691],
[  3.98412337   8.50635065  53.84479324],
[  6.81899857   4.77150215  53.98385784],
[  3.89559712   8.54176115  54.13801773],
[  6.30629142   5.54056287  54.17167702],
[  4.19678719   8.36880854  54.28648304],
[  4.90714076   7.89523949  54.44892639],
[  2.79525017   8.92047498  54.48799028],
[  4.58483785   8.1101081   54.58585388],
[  5.62193496   7.13419512  54.89717738],
[  5.73651093   6.79046722  55.01176737],
[  4.44721239   8.2018584   55.10677198],
[  5.73307448   6.80077657  55.21158714],
[  4.63150695   8.07899536  55.33841409],
[  5.25505571   7.6632962   55.44766267],
[  5.92085304   6.23744089  55.61503939],
[  6.16159379   5.75760932  55.94250464],
[  4.58357464   8.11095024  56.12906351],
[  4.00224251   8.49850499  56.21589906],
[  3.46625181   8.71349927  56.26442266],
[  5.65639045   7.03082865  56.32970393],
[  5.27469141   7.65020572  56.57544131],
[  4.90390432   7.89739712  56.66086903],
[  3.42289856   8.73084058  56.78021625],
[  6.96388373   4.5541744   56.80927962],
[  2.01079551   8.99892045  56.84335234],
[  2.64703578   8.93529642  56.90586599],
[  6.38628834   5.42056749  57.25163085],
[  3.39065692   8.74373723  57.2819176 ],
[  5.75423487   6.7372954   57.37562418],
[  3.60067403   8.65973039  57.51269879],
[  6.57086802   5.14369797  57.55990242],
[  2.58446305   8.94155369  57.61400936],
[  6.52636413   5.2104538   57.65251934],
[  5.67542138   6.97373585  57.80280878],
[  6.033612     5.94958199  57.84949792],
[  6.51115043   5.23327435  57.8553241 ],
[  4.79323198   7.97117868  58.08238229],
[  5.47362213   7.51758524  58.15727818],
[  2.22913684   8.97708632  58.1718521 ],
[  6.76010948   4.85983578  58.21947935],
[  6.30736417   5.53895374  58.37225704],
[  6.04296795   5.93554807  58.39963389],
[  6.90836992   4.63744512  58.40573019],
[  6.53336351   5.19995473  58.44153999],
[  6.37205449   5.44191827  58.58284884],
[  4.70582338   8.02945108  58.61624084],
[  2.138532     8.9861468   58.62654763],
[  6.07519817   5.88720274  58.65580375],
[  2.98038655   8.90196134  58.77591649],
[  4.12127751   8.41914832  58.99693177],
[  5.50204761   7.49385716  59.03357872],
[  3.39667562   8.74132975  59.57627046],
[  4.06271636   8.45818909  59.63118426],
[  5.14523281   7.73651146  59.74521226],
[  5.08840612   7.77439592  59.79382107],
[  6.66153826   5.00769261  59.83661834],
[  4.06486981   8.45675346  59.89002654],
[  6.42988869   5.35516696  60.08588473],
[  6.53819008   5.19271488  60.10504327],
[  6.22599206   5.66101191  60.19424758],
[  4.98889233   7.84073845  60.26072197],
[  4.95929524   7.86046984  60.29170809],
[  4.241095    8.33927    60.3519414],
[  5.76923845   6.69228465  60.49597437],
[  4.33164026   8.27890649  60.69719702],
[  4.8136523    7.95756514  60.70139274],
[  3.01701166   8.89319534  60.71235945],
[  2.21919937   8.97808006  60.74590594],
[  6.9591638    4.56125431  60.75128692],
[  2.8629126    8.91370874  60.80968728],
[  2.69598251   8.93040175  60.81244948],
[  5.82652904   6.52041287  60.81433323],
[  4.34528372   8.26981085  60.8865258 ],
[  6.00752668   5.98870997  61.0822071 ],
[  2.74268333   8.92573167  61.13500741],
[  6.4008597    5.39871045  61.15393795],
[  6.24087848   5.63868229  61.20269331],
[  6.33669319   5.49496022  61.21983142],
[  4.32252027   8.28498649  61.32809671],
[  6.18187939   5.72718091  61.40484372],
[  6.00567331   5.99149004  61.45520025],
[  2.1317196    8.98682804  61.46357184],
[  5.07414254   7.78390498  61.48550175],
[  5.30550616   7.62966256  61.50265973],
[  6.60247557   5.09628665  61.5899428 ],
[  2.8233097    8.91766903  61.59337627],
[  4.11538166   8.4230789   61.77335283],
[  6.46138733   5.30791901  61.93787592],
[  6.85132523   4.72301216  61.99683042],
[  4.41000897   8.22666069  62.16686491],
[  6.03929245   5.94106132  62.35525817],
[  2.11461999   8.988538    62.37603607],
[  4.97253978   7.85164014  62.53562314],
[  6.05461657   5.91807514  62.57349366],
[  6.3331195    5.50032074  62.6693037 ],
[  6.48934982   5.26597526  62.71636315],
[  3.82515605   8.56993758  62.7294171 ],
[  3.31868736   8.77252506  62.77561109],
[  5.10629806   7.76246796  62.8171131 ],
[  6.9013944    4.64790839  62.82651543],
[  4.50545106   8.16303263  63.22523275],
[  5.32174873   7.61883418  63.3768162 ],
[  6.57645802   5.13531297  63.40417223],
[  2.48279425   8.95172058  63.67694385],
[  3.45978726   8.7160851   63.95830269],
[  2.00563116   8.99943688  64.0998586 ],
[  4.65105903   8.06596065  64.25079245],
[  5.97797952   6.06606145  64.37300734],
[  2.38928119   8.96107188  64.46433709],
[  6.62368746   5.06446881  64.60337402],
[  6.29201227   5.56198159  64.7806616 ],
[  2.36507618   8.96349238  64.80653974],
[  2.88234523   8.91176548  64.86057905],
[  5.62942434   7.11172697  65.05167396],
[  5.29974897   7.63350069  65.14227314],
[  2.43505165   8.95649484  65.21500021],
[  3.96462474   8.51415011  65.23328704],
[  6.85551703   4.71672445  65.24650189],
[  5.77887932   6.66336203  65.54856251],
[  5.73552358   6.79342926  65.59303381],
[  6.31288012   5.53067982  65.63376743],
[  3.71286686   8.61485326  65.75786311],
[  2.77110454   8.92288955  65.87258144],
[  4.04937577   8.46708282  66.15329454],
[  5.49801224   7.50132518  66.25611173],
[  4.50460674   8.16359551  66.25967095],
[  5.87474802   6.37575595  66.42518765],
[  3.76062389   8.59575044  66.45837158],
[  3.42894052   8.72842379  66.5214675 ],
[  2.57020941   8.94297906  66.5528029 ],
[  5.55973465   7.32079604  66.94084206],
[  4.39847463   8.23435024  66.94274609],
[  2.71377758   8.92862224  66.95848455],
[  6.98243799   4.52634301  67.58828368],
[  4.62427963   8.08381358  67.781184  ],
[  2.26456314   8.97354369  67.8012824 ],
[  3.31200934   8.77519626  67.8023647 ],
[  6.55940829   5.16088756  67.82365964],
[  6.77278528   4.84082208  67.92500885],
[  4.20643257   8.36237829  67.950973  ],
[  6.66311165   5.00533253  68.07109775],
[  5.61825797   7.14522609  68.16152035],
[  6.27765019   5.58352471  68.16641179],
[  5.17926452   7.71382365  68.24814713],
[  2.66696422   8.93330358  68.33918912],
[  6.06676203   5.89985696  68.3743734 ],
[  4.5724581    8.11836126  68.37644459],
[  3.22222824   8.8111087   68.63623589],
[  3.82583287   8.56966685  68.72909594],
[  4.21934123   8.35377251  68.78335497],
[  4.89312964   7.90458024  68.98583867],
[  4.55154331   8.13230446  69.14412933],
[  6.26350798   5.60473802  69.15634551],
[  3.79040523   8.58383791  69.23541375],
[  6.93600558   4.59599162  69.24169671],
[  5.89206493   6.3238052   69.31482471],
[  2.05243928   8.99475607  69.6986897 ],
[  5.00184108   7.83210595  69.81742475],
[  3.50615813   8.69753675  70.02215473],
[  6.97489475   4.53765788  70.16963108],
[  6.67047934   4.99428099  70.18137512],
[  6.76883653   4.8467452   70.35814759],
[  6.36191502   5.45712747  70.41773026],
[  2.30934782   8.96906522  70.42830616],
[  6.76950094   4.84574858  70.45393449],
[  6.64727544   5.02908684  70.49454637],
[  3.08918465   8.86432614  70.49623053],
[  6.06850508   5.89724238  70.53918174],
[  4.02321541   8.48452306  70.57556571],
[  5.56796155   7.29611534  70.7060216 ],
[  5.73729961   6.78810117  70.83986833],
[  2.16550856   8.98344914  70.88047248],
[  4.02197996   8.48534669  70.89887427],
[  6.19703375   5.70444937  71.06550816],
[  2.0277248    8.99722752  71.66926878],
[  6.58556811   5.12164784  71.74614556],
[  5.72135828   6.83592517  71.78100843],
[  2.38128174   8.96187183  71.94823801],
[  5.08414291   7.77723806  72.13116634],
[  3.4097215    8.7361114   72.20525429],
[  6.51287909   5.23068137  72.2086933 ],
[  5.1157756    7.7561496   72.25323118],
[  4.59976239   8.10015841  72.33541227],
[  4.56090443   8.12606371  72.62696502],
[  6.01473666   5.97789501  72.64861633],
[  2.01993285   8.99800672  72.76099497],
[  5.73868846   6.78393462  72.83072384],
[  6.57366734   5.13949898  72.90528184],
[  2.44150431   8.95584957  73.0479123 ],
[  3.53901881   8.68439248  73.31647972],
[  5.65045751   7.04862746  73.33899041],
[  4.02388874   8.48407417  73.65426771],
[  2.48078177   8.95192182  73.76294829],
[  6.14025359   5.78961961  73.78668626],
[  6.6713993    4.99290105  73.90653214],
[  6.48663031   5.27005454  74.02983413],
[  4.25240352   8.33173099  74.070654  ],
[  5.66234528   7.01296416  74.14206686],
[  5.97379231   6.07862306  74.213813  ],
[  5.06574631   7.78950246  74.38314299],
[  6.44903889   5.32644167  74.38644478],
[  6.49439354   5.25840969  74.40229693],
[  5.24203206   7.67197863  74.56177043],
[  6.65079683   5.02380476  74.65654849],
[  5.71398503   6.85804491  75.02892822],
[  4.4452201    8.2031866   75.08885036],
[  4.74134504   8.00576997  75.18713387],
[  4.83970489   7.94019674  75.2016914 ],
[  6.34082955   5.48875567  75.29077645],
[  4.02043941   8.48637373  75.34335086],
[  4.72748407   8.01501062  75.3998921 ],
[  6.45930781   5.31103828  75.40750162],
[  6.91534415   4.62698377  75.5442086 ],
[  2.15955979   8.98404402  75.74550863],
[  6.842042   4.736937  75.900747],
[  6.79205251   4.81192123  75.94415247],
[  4.27676641   8.31548906  75.98848474],
[  6.90421032   4.64368452  76.11924009],
[  5.07334456   7.78443696  76.91153581],
[  5.18835829   7.70776114  77.24631488],
[  5.41089556   7.55940296  77.46001861],
[  3.56482646   8.67406942  77.49723236],
[  6.42648943   5.36026586  77.88754584],
[  6.22973165   5.65540253  78.03444785],
[  3.78976276   8.58409489  78.04472511],
[  2.16770398   8.9832296   78.20400121],
[  2.67442127   8.93255787  78.27606326],
[  2.59954941   8.94004506  78.34922736],
[  6.06992489   5.89511267  78.41141107],
[  6.54570045   5.18144933  78.51880172],
[  6.60986083   5.08520875  78.69990052],
[  6.44346332   5.33480502  78.75094974],
[  6.37234149   5.44148777  78.98974981],
[  6.36892771   5.44660843  79.10886284],
[  5.2542834    7.66381106  79.11947142],
[  6.70389385   4.94415923  79.12121084],
[  5.5083851    7.4748447   79.17207458],
[  5.33631831   7.60912113  79.20017673],
[  6.03307456   5.95038816  79.20034535],
[  3.3421959    8.76312164  79.22312435],
[  6.35759064   5.46361404  79.25540441],
[  6.06522323   5.90216516  79.31676518],
[  5.97640067   6.07079798  79.32888365],
[  2.37998366   8.96200163  79.49072504],
[  5.6528026    7.0415922   79.50801901],
[  4.05796764   8.46135491  79.63846818],
[  3.3034272    8.77862912  79.66647179],
[  6.52908601   5.20637099  79.84563615],
[  4.27218737   8.31854175  80.20875006],
[  6.51610223   5.22584665  80.26003158],
[  2.00348272   8.99965173  80.32401301],
[  5.93533344   6.19399968  80.50524234],
[  3.98346545   8.50661382  80.52030874],
[  6.25819792   5.61270313  80.763316  ],
[  6.13070386   5.80394421  81.08933033],
[  6.02372648   5.96441028  81.22306495],
[  5.8071316    6.57860519  81.27224929],
[  5.05189454   7.79873698  81.45362926],
[  3.88236378   8.54705449  81.46150098],
[  3.04723256   8.88110698  81.91485007],
[  5.00902772   7.82731485  81.99235994],
[  5.19630819   7.70246121  82.04719921],
[  4.56189369   8.12540421  82.20419474],
[  2.89416054   8.91058395  82.23597204],
[  2.70561703   8.9294383   82.31369067],
[  3.67290336   8.63083866  82.40238896],
[  5.99486162   6.01541515  82.53945396],
[  6.62603826   5.06094261  82.53948396],
[  5.27194782   7.65203479  82.55825635],
[  4.7128915    8.024739    82.65766166],
[  5.96341508   6.10975476  82.91328431],
[  2.61412807   8.93858719  83.0327209 ],
[  5.24242888   7.67171408  83.42466398],
[  2.74324177   8.92567582  83.45091213],
[  4.44266524   8.20488984  83.45400091],
[  5.58526855   7.24419434  83.47484989],
[  3.2603255    8.7958698   83.47816421],
[  6.75073395   4.87389907  83.61752118],
[  5.63081139   7.10756583  83.67715755],
[  4.87762134   7.9149191   83.70399948],
[  5.5956434    7.21306979  83.73058332],
[  6.10018796   5.84971806  83.73780687],
[  3.77486415   8.59005434  83.85467578],
[  5.74394545   6.76816364  83.92515015],
[  4.24578835   8.3361411   83.9865122 ],
[  6.05791358   5.91312964  84.01873675],
[  2.91049686   8.90895031  84.21866729],
[  3.5255163    8.68979348  84.24459051],
[  6.08293186   5.87560222  84.2962077 ],
[  5.53221903   7.40334292  84.34777665],
[  3.4763824    8.70944704  84.37507036],
[  5.09892925   7.7673805   84.38988989],
[  4.50544226   8.16303849  84.3991252 ],
[  2.24504766   8.97549523  84.49812732],
[  6.6664343    5.00034855  84.52706732],
[  3.07932606   8.86826958  84.76944805],
[  6.22886636   5.65670046  85.09841633],
[  6.51044648   5.23433028  85.18843414],
[  6.44514508   5.33228237  85.29884342],
[  2.28833021   8.97116698  85.34078061],
[  4.65924286   8.06050476  85.38498166],
[  4.32686941   8.28208706  85.41370691],
[  6.59240576   5.11139136  85.41496402],
[  6.36990478   5.44514283  85.44803265],
[  4.326868    8.282088   85.5540408],
[  6.04125914   5.93811129  85.61328839],
[  5.96729929   6.09810212  85.81921992],
[  4.00616299   8.49589134  85.83487167],
[  3.97168828   8.51132469  85.8431446 ],
[  5.31529801   7.62313466  85.90333731],
[  6.28699426   5.56950861  85.95216155],
[  6.44113671   5.33829494  85.9651622 ],
[  6.91920709   4.62118936  86.02587717],
[  4.67291528   8.05138981  86.08571708],
[  2.28383014   8.97161699  86.32335628],
[  3.4758373    8.70966508  86.41349462],
[  5.61675363   7.14973911  86.49355308],
[  5.73216816   6.80349551  86.61266015],
[  4.59407394   8.10395071  86.64541613],
[  2.72985944   8.92701406  86.74466992],
[  3.53373967   8.68650413  86.80322515],
[  5.96887647   6.0933706   86.89821875],
[  4.4695243    8.1869838   87.11071165],
[  2.92619578   8.90738042  87.28594089],
[  4.38373556   8.24417629  87.35817848],
[  6.30338221   5.54492668  87.56517499],
[  6.48899956   5.26650066  87.59121193],
[  5.59222008   7.22333975  87.67259932],
[  6.03963116   5.94055326  87.7282262 ],
[  6.77598745   4.83601882  87.7343427 ],
[  5.85791107   6.42626678  87.92057516],
[  3.91964147   8.53214341  87.9769769 ],
[  6.91288797   4.63066805  88.05732933],
[  5.41442239   7.55705174  88.31701234],
[  5.70428657   6.8871403   88.33658484],
[  4.02370673   8.48419551  88.72225275],
[  3.69208164   8.62316735  88.79551684],
[  5.61154902   7.16535293  88.89875576],
[  5.07501764   7.78332157  88.92321753],
[  5.55642265   7.33073205  89.01928747],
[  4.51080158   8.15946561  89.15903133],
[  4.48569233   8.17620511  89.1767124 ],
[  3.09073745   8.86370502  89.26410341],
[  5.96051179   6.11846464  89.56204312],
[  4.90599891   7.89600073  89.62634052],
[  2.00255836   8.99974416  89.68877172],
[  5.75594455   6.73216635  89.77218116],
[  6.90396326   4.64405512  89.8579515 ],
[  5.10069916   7.76620056  89.86325568],
[  3.32271054   8.77091578  90.02952746],
[  3.           8.9         90.02981232],
[  4.17828372   8.38114419  90.18614557],
[  2.24070012   8.97592999  90.343935  ],
[  5.51047495   7.46857516  90.3550253 ],
[  4.72707555   8.01528297  90.37726603],
[  4.97827316   7.84781789  90.37986561],
[  2.00313758   8.99968624  90.55432123],
[  6.94888055   4.57667917  90.64029033],
[  5.50291209   7.49126374  90.66663457],
[  6.02435471   5.96346794  90.77804936],
[  4.77931387   7.98045742  90.85868859],
[  2.95445171   8.90455483  91.03772129],
[  6.24508803   5.63236795  91.10653758],
[  3.38388542   8.74644583  91.14575537],
[  4.46205532   8.19196312  91.21270912],
[  5.14392619   7.73738254  91.37188142],
[  5.05498048   7.79667968  91.38208134],
[  6.06774174   5.89838739  91.44901849],
[  3.49359105   8.70256358  91.56631661],
[  6.37036571   5.44445143  91.57585389],
[  5.70117186   6.89648443  91.61756668],
[  2.44787394   8.95521261  91.6680568 ],
[  4.12286826   8.41808783  91.9437709 ],
[  3.32571503   8.76971399  92.33684927],
[  6.40222601   5.39666098  92.36898732],
[  4.39201169   8.23865887  92.50765302],
[  5.77071661   6.68785016  92.76744898],
[  2.4516539    8.95483461  92.83254555],
[  5.3356841    7.60954394  92.92336   ],
[  2.32652752   8.96734725  93.0208698 ],
[  2.97721103   8.9022789   93.19358031],
[  6.02383846   5.96424231  93.25367097],
[  2.87746965   8.91225304  93.32164743],
[  3.05401337   8.87839465  93.32746106],
[  5.81173411   6.56479766  93.37032633],
[  2.49756229   8.95024377  93.45949954],
[  6.48039409   5.27940886  93.54806989],
[  4.53549854   8.14300098  93.76689683],
[  5.67196102   6.98411693  93.81496048],
[  2.41026321   8.95897368  93.99189971],
[  2.95885058   8.90411494  94.13957984],
[  5.89821185   6.30536446  94.58370901],
[  3.67611381   8.62955448  94.60469571],
[  5.87431355   6.37705936  94.61276092],
[  4.70159803   8.03226798  94.67009947],
[  5.85475639   6.43573083  94.77950438],
[  6.08108616   5.87837076  94.86278237],
[  2.94746615   8.90525338  95.05961828],
[  3.38183372   8.74726651  95.0662717 ],
[  2.22089944   8.97791006  95.13501665],
[  5.52131401   7.43605798  95.19184798],
[  5.77168276   6.68495172  95.27233882],
[  6.20659708   5.69010439  95.37847131],
[  6.98801055   4.51798417  95.5901709 ],
[  4.21312572   8.35791619  95.63114375],
[  5.62570923   7.1228723   95.85298864],
[  6.42108079   5.36837881  95.8989679 ],
[  2.85597735   8.91440227  96.01327102],
[  6.58867701   5.11698449  96.11629959],
[  2.64604053   8.93539595  96.18172683],
[  6.62182607   5.0672609   96.20360666],
[  5.64205977   7.07382068  96.30180719],
[  5.81619192   6.55142424  96.57105744],
[  5.97633983   6.07098051  96.77159818],
[  6.69186588   4.96220118  96.77383921],
[  4.36824812   8.25450125  96.89557649],
[  5.04974447   7.80017035  96.90186404],
[  4.31285106   8.29143263  96.95249928],
[  5.82007882   6.53976354  97.01345887],
[  2.88121121   8.91187888  97.32781588],
[  6.719177     4.9212345   97.40589337],
[  3.96143958   8.51542417  97.41812073],
[  4.81632718   7.95578188  97.5746484 ],
[  2.01109408   8.99889059  97.6375477 ],
[  5.87701627   6.3689512   97.64831149],
[  5.73542735   6.79371796  97.64886879],
[  6.53006067   5.20490899  97.68428913],
[  6.06527882   5.90208176  97.7374922 ],
[  5.71796069   6.84611793  97.8861149 ],
[  5.94525039   6.16424884  98.04114668],
[  5.89311117   6.3206665   98.06903637],
[  5.74794228   6.75617317  98.18657362],
[  3.58959566   8.66416173  98.3279082 ],
[  2.44559157   8.95544084  98.336381  ],
[  6.67191663   4.99212505  98.41212852],
[  6.24219103   5.63671346  98.66756631],
[  3.24563186   8.80174726  98.72239331],
[  2.79192545   8.92080746  98.83982115],
[  2.40207647   8.95979235  98.98270064],
[  2.25981185   8.97401882  98.98609636],
[  4.05872834   8.46084777  99.05811716],
[  2.86550854   8.91344915  99.11421071],
[  6.46238846   5.30641731  99.23004577],
[  4.62279872   8.08480086  99.27865808],
[  5.62895205   7.11314385  99.30717964],
[  4.17555931   8.38296046  99.3904299 ],
[  4.4822239    8.1785174   99.45340645],
[  5.5078733    7.47638009  99.68034719],
[  2.75027142   8.92497286  99.82373787],
