[ 0.  1.  0.],
[-0.03263403 -0.99946737  0.        ],
[-0.26816954 -0.96337173  0.        ],
[ 0.  1.  0.],
[ -1.65366760e-04  -9.99999986e-01   0.00000000e+00],
[-0.0825347   0.99658819  0.        ],
[ 0.  1.  0.],
[ 0.  1.  0.],
[-0.49927575 -0.86644315  0.        ],
[-0.04100128 -0.99915909  0.        ],
[-0.91333561 -0.40720764  0.        ],
[-0.99271807 -0.12046096  0.        ],
[-0.51266037 -0.85859149  0.        ],
[-0.06001285 -0.9981976   0.        ],
[-0.00908183 -0.99995876  0.        ],
[-0.77937994 -0.6265516   0.        ],
[-0.31539231  0.94896137  0.        ],
[-0.8002135  -0.59971522  0.        ],
[-0.48049122 -0.87699954  0.        ],
[-0.01350418  0.99990881  0.        ],
[ 0.  1.  0.],
[ 0.  1.  0.],
[-0.09275491 -0.99568897  0.        ],
[-0.50925359  0.86061651  0.        ],
[-0.93769238  0.34746655  0.        ],
[ 0.  1.  0.],
[ 0.  1.  0.],
[-0.92726946  0.37439465  0.        ],
[-0.06728719 -0.99773365  0.        ],
[-0.60373058  0.79718843  0.        ],
[  4.84865458e-17   1.00000000e+00   0.00000000e+00],
[ 0.  1.  0.],
[-0.01379197 -0.99990489  0.        ],
[-0.88040586  0.47422097  0.        ],
[-0.23357069 -0.97233982  0.        ],
[-0.54078809 -0.84115887  0.        ],
[-0.53327086 -0.84594455  0.        ],
[-0.10785071  0.9941671   0.        ],
[-0.9991962   0.04008677  0.        ],
[ 0.  1.  0.],
[-0.1554964   0.98783646  0.        ],
[-0.6543425   0.75619831  0.        ],
[-0.53624215 -0.84406419  0.        ],
[-0.3259267  -0.94539504  0.        ],
[ -2.32390243e-17   1.00000000e+00   0.00000000e+00],
[ 0.  1.  0.],
[-0.09950372  0.99503719  0.        ],
[ 0.  1.  0.],
[ 0.  1.  0.],
[-0.03018981  0.99954418  0.        ],
[ 0.  1.  0.],
[  8.95907316e-17   1.00000000e+00   0.00000000e+00],
[-0.99593576 -0.0900664   0.        ],
[ 0.  1.  0.],
[-0.98583341  0.16772742  0.        ],
[ 0.  1.  0.],
[-0.57601335  0.81744029  0.        ],
[-0.03194032 -0.99948978  0.        ],
[ 0.  1.  0.],
[-0.3810754   0.92454396  0.        ],
[ -9.00866343e-17   1.00000000e+00   0.00000000e+00],
[-0.58743736 -0.80926964  0.        ],
[-0.70769777 -0.7065153   0.        ],
[-0.55076184 -0.83466245  0.        ],
[-0.02663451 -0.99964524  0.        ],
[ 0.  1.  0.],
[ 0.  1.  0.],
[  9.65751299e-17   1.00000000e+00   0.00000000e+00],
[ 0.  1.  0.],
[-0.12195531  0.99253559  0.        ],
[ -4.65600836e-17   1.00000000e+00   0.00000000e+00],
[ 0.  1.  0.],
[-0.07044946 -0.99751535  0.        ],
[-0.99894461 -0.04593116  0.        ],
[-0.01669639 -0.99986061  0.        ],
[-0.11291998 -0.99360409  0.        ],
[-0.04693688 -0.99889786  0.        ],
[ 0.  1.  0.],
[ 0.  1.  0.],
[-0.0670152  -0.99775195  0.        ],
[-0.18003607  0.98366001  0.        ],
[-0.31943065 -0.94760966  0.        ],
[ 0.  1.  0.],
[-0.04590423 -0.99894585  0.        ],
[-0.9894452   0.14490752  0.        ],
[ 0.  1.  0.],
[-0.85307099 -0.52179486  0.        ],
[-0.99212105 -0.12528297  0.        ],
[-0.99491787 -0.10068977  0.        ],
[-0.86220589  0.506558    0.        ],
[-0.73494088  0.67813118  0.        ],
[-0.38838657 -0.92149654  0.        ],
[-0.08572041 -0.99631923  0.        ],
[-0.87989551 -0.47516723  0.        ],
[ 0.  1.  0.],
[-0.39536505 -0.91852407  0.        ],
[-0.85971734  0.51077009  0.        ],
[-0.08892616 -0.99603822  0.        ],
[-0.45056806  0.89274208  0.        ],
[ 0.  1.  0.],
[-0.79828895  0.60227465  0.        ],
[ 0.  1.  0.],
[ 0.  1.  0.],
[ 0.  1.  0.],
[ 0.  1.  0.],
[ 0.  1.  0.],
[ 0.  1.  0.],
[-0.46456795 -0.88553748  0.        ],
[-0.0420223   0.99911667  0.        ],
[-0.70214319  0.71203577  0.        ],
[-0.22072537  0.975336    0.        ],
[-0.45119638 -0.89242469  0.        ],
[-0.62662694  0.77931937  0.        ],
[ -2.86704673e-18   1.00000000e+00   0.00000000e+00],
[-0.88743829 -0.46092655  0.        ],
[ 0.  1.  0.],
[-0.07594982  0.99711164  0.        ],
[-0.92782138  0.37302479  0.        ],
[-0.40227206 -0.91552017  0.        ],
[-0.71563641  0.698473    0.        ],
[-0.33059215  0.94377372  0.        ],
[ 0.  1.  0.],
[-0.05685966  0.99838218  0.        ],
[ 0.  1.  0.],
[ 0.  1.  0.],
[ 0.  1.  0.],
[-0.16801671  0.98578415  0.        ],
[ 0.  1.  0.],
[-0.40297684 -0.91521017  0.        ],
[ -9.69654596e-17   1.00000000e+00   0.00000000e+00],
[-0.88870265  0.45848402  0.        ],
[ 0.  1.  0.],
[ 0.  1.  0.],
[ 0.  1.  0.],
[-0.05175435  0.99865985  0.        ],
[-0.18887275  0.98200157  0.        ],
[ -9.99999991e-01  -1.36113725e-04   0.00000000e+00],
[-0.60544443  0.79588758  0.        ],
[ -9.38285331e-17   1.00000000e+00   0.00000000e+00],
[ 0.  1.  0.],
[-0.93263556  0.36081977  0.        ],
[-0.41588197  0.9094186   0.        ],
[ 0.  1.  0.],
[-0.060444    0.99817159  0.        ],
[-0.00313996 -0.99999507  0.        ],
[-0.82204068  0.56942877  0.        ],
[-0.39579778  0.91833769  0.        ],
[-0.01804781  0.99983713  0.        ],
[-0.99769219 -0.06789912  0.        ],
[-0.88628084  0.46314822  0.        ],
[ 0.  1.  0.],
[-0.9763899   0.21601566  0.        ],
[ 0.  1.  0.],
[  2.37362211e-17   1.00000000e+00   0.00000000e+00],
[ 0.  1.  0.],
[-0.07189498 -0.99741221  0.        ],
[-0.00840237  0.9999647   0.        ],
[-0.04343325 -0.99905633  0.        ],
[ 0.  1.  0.],
[-0.407748   0.9130945  0.       ],
[-0.66500613  0.7468379   0.        ],
[-0.8076174  -0.58970682  0.        ],
[-0.82200916 -0.56947427  0.        ],
[ 0.  1.  0.],
[-0.0843816  -0.99643351  0.        ],
[-0.9856056  -0.16906094  0.        ],
[ 0.  1.  0.],
[ 0.  1.  0.],
[ 0.  1.  0.],
[ 0.  1.  0.],
[ 0.  1.  0.],
[ 0.  1.  0.],
[-0.0470066   0.99889458  0.        ],
[-0.17390425  0.98476257  0.        ],
[-0.19805589  0.98019073  0.        ],
[-0.992646    0.12105335  0.        ],
[ 0.  1.  0.],
[-0.51768792  0.85556953  0.        ],
[-0.65113257 -0.75896402  0.        ],
[ 0.  1.  0.],
[-0.71154024 -0.70264535  0.        ],
[-0.34438139  0.93882983  0.        ],
[ 0.  1.  0.],
[ 0.  1.  0.],
[-0.99279432  0.11983084  0.        ],
[-0.0863545  -0.99626447  0.        ],
[-0.97096747  0.23921156  0.        ],
[-0.98642544 -0.16420977  0.        ],
[-0.01732774 -0.99984986  0.        ],
[-0.80517574 -0.59303628  0.        ],
[-0.12788642  0.99178882  0.        ],
[-0.99159125  0.12940943  0.        ],
[ 0.  1.  0.],
[-0.88128569  0.47258389  0.        ],
[-0.32557058 -0.94551774  0.        ],
[-0.56606392  0.82436135  0.        ],
[ 0.  1.  0.],
[-0.14909466 -0.98882293  0.        ],
[ 0.  1.  0.],
[ 0.  1.  0.],
[-0.55459356 -0.83212137  0.        ],
[-0.15544909 -0.9878439   0.        ],
[-0.08964791 -0.99597352  0.        ],
[-0.46602668  0.88477067  0.        ],
[ 0.  1.  0.],
[-0.97224796  0.23395279  0.        ],
[ 0.  1.  0.],
[-0.01578935 -0.99987534  0.        ],
[ -9.33358734e-17   1.00000000e+00   0.00000000e+00],
[-0.18220825 -0.98325996  0.        ],
[-0.01845781 -0.99982964  0.        ],
[-0.09409127 -0.99556358  0.        ],
[ 0.  1.  0.],
[-0.00611273 -0.99998132  0.        ],
[-0.57345487 -0.81923715  0.        ],
[-0.02736069 -0.99962563  0.        ],
[-0.89356924 -0.44892539  0.        ],
[-0.0552736  -0.99847125  0.        ],
[-0.10618366  0.99434653  0.        ],
[ 0.  1.  0.],
[ -8.89816919e-17   1.00000000e+00   0.00000000e+00],
[ 0.  1.  0.],
[ 0.  1.  0.],
[ 0.  1.  0.],
[-0.05118063 -0.99868941  0.        ],
[-0.08623296 -0.996275    0.        ],
[ 0.  1.  0.],
[-0.96684268 -0.25537274  0.        ],
[ 0.  1.  0.],
[ 0.  1.  0.],
[-0.33805028  0.94112805  0.        ],
[-0.37271849  0.92794446  0.        ],
[-0.92026284 -0.39130079  0.        ],
[ 0.  1.  0.],
[-0.01950721 -0.99980972  0.        ],
[ -9.54967210e-17   1.00000000e+00   0.00000000e+00],
[-0.96335093  0.26824428  0.        ],
[-0.04387406 -0.99903707  0.        ],
[-0.385562   -0.92268193  0.        ],
[-0.45489568 -0.89054473  0.        ],
[-0.39766622 -0.91753015  0.        ],
[-0.97244844 -0.23311804  0.        ],
[ 0.  1.  0.],
[ 0.  1.  0.],
[-0.07238267  0.99737693  0.        ],
[-0.08919103 -0.99601454  0.        ],
[ 0.  1.  0.],
[-0.64252512  0.76626462  0.        ],
[ -9.50344718e-17   1.00000000e+00   0.00000000e+00],
[-0.958665    0.28453722  0.        ],
[ 0.  1.  0.],
[-0.01244822 -0.99992252  0.        ],
[-0.1572171  -0.98756407  0.        ],
[-0.07080248 -0.99749036  0.        ],
[  8.95270279e-17   1.00000000e+00   0.00000000e+00],
[-0.18305698 -0.98310231  0.        ],
[-0.02636675 -0.99965234  0.        ],
[-0.75455094 -0.65624148  0.        ],
[-0.79301645  0.60920023  0.        ],
[ 0.  1.  0.],
[-0.33714215 -0.94145375  0.        ],
[-0.79385745  0.6081039   0.        ],
[-0.06155984 -0.99810339  0.        ],
[-0.11613679  0.99323323  0.        ],
[ 0.  1.  0.],
[-0.9933607  -0.11504134  0.        ],
[-0.99130452 -0.13158777  0.        ],
[-0.97778577 -0.20960672  0.        ],
[-0.84906703  0.52828512  0.        ],
[-0.81987321  0.57254512  0.        ],
[-0.03718164 -0.99930852  0.        ],
[-0.63932464  0.76893693  0.        ],
[-0.47586302  0.87951941  0.        ],
[-0.99520089  0.09785289  0.        ],
[-0.79959724 -0.60053664  0.        ],
[ 0.  1.  0.],
[ 0.  1.  0.],
[-0.78570327 -0.61860356  0.        ],
[-0.08673717 -0.99623123  0.        ],
[  9.09847251e-17   1.00000000e+00   0.00000000e+00],
[ 0.  1.  0.],
[-0.02090977 -0.99978137  0.        ],
[-0.92081154  0.39000782  0.        ],
[  4.68119879e-17   1.00000000e+00   0.00000000e+00],
[ 0.  1.  0.],
[ 0.  1.  0.],
[-0.07529603 -0.99716122  0.        ],
[-0.96184398  0.27359855  0.        ],
[-0.02020984 -0.99979576  0.        ],
[-0.99852943  0.05421234  0.        ],
[-0.05384336 -0.99854939  0.        ],
[ 0.  1.  0.],
[-0.86204989  0.50682343  0.        ],
[-0.18313114  0.98308849  0.        ],
[-0.41219656 -0.91109495  0.        ],
[-0.04815084 -0.99884008  0.        ],
[-0.44722726  0.89442036  0.        ],
[-0.04396114  0.99903324  0.        ],
[-0.92475441  0.38056442  0.        ],
[-0.78284408  0.62221792  0.        ],
[-0.35033449  0.93662466  0.        ],
[-0.00541058 -0.99998536  0.        ],
[-0.98523081  0.17123156  0.        ],
[-0.56112747 -0.8277294   0.        ],
[-0.34480443  0.93867455  0.        ],
[-0.9936398  -0.11260531  0.        ],
[-0.53697501 -0.84359815  0.        ],
[  2.44621376e-17   1.00000000e+00   0.00000000e+00],
[-0.35975532  0.93304668  0.        ],
[-0.99791649  0.0645188   0.        ],
[-0.03873278 -0.9992496   0.        ],
[-0.24776755  0.96881951  0.        ],
[-0.5269269  -0.84991061  0.        ],
[-0.02635943 -0.99965253  0.        ],
[ 0.  1.  0.],
[-0.99953466  0.03050338  0.        ],
[ 0.  1.  0.],
[-0.78923614  0.61408982  0.        ],
[-0.08639163 -0.99626125  0.        ],
[ 0.  1.  0.],
[-0.07832304  0.99692803  0.        ],
[-0.3156253  -0.94888391  0.        ],
[-0.07164974 -0.99742985  0.        ],
[-0.42899256 -0.90330802  0.        ],
[-0.13086949 -0.9913996   0.        ],
[-0.00731733 -0.99997323  0.        ],
[ 0.  1.  0.],
[-0.98605266 -0.16643363  0.        ],
[ 0.  1.  0.],
[ 0.  1.  0.],
[ 0.  1.  0.],
[-0.02752094 -0.99962123  0.        ],
[-0.31850775  0.94792026  0.        ],
[ 0.  1.  0.],
[ -9.66245241e-17   1.00000000e+00   0.00000000e+00],
[ 0.  1.  0.],
[-0.31310354 -0.949719    0.        ],
[ 0.  1.  0.],
[-0.94181981 -0.3361182   0.        ],
[-0.94416385  0.32947629  0.        ],
[-0.59553449 -0.80332974  0.        ],
[-0.28471436  0.9586124   0.        ],
[  2.30059172e-17   1.00000000e+00   0.00000000e+00],
[ -9.37833204e-17   1.00000000e+00   0.00000000e+00],
[ 0.  1.  0.],
[-0.03691289 -0.99931849  0.        ],
[-0.0745486   0.99721738  0.        ],
[ 0.  1.  0.],
[-0.01889697 -0.99982144  0.        ],
[-0.81590371  0.57818781  0.        ],
[-0.39662231 -0.91798189  0.        ],
[-0.69766076 -0.71642827  0.        ],
[-0.26067087  0.96542773  0.        ],
[-0.14073026 -0.99004797  0.        ],
[-0.47993466  0.87730424  0.        ],
[-0.94261756 -0.33387443  0.        ],
[-0.86153222  0.5077029   0.        ],
[-0.99543182  0.09547513  0.        ],
[-0.88687922  0.46200135  0.        ],
[ 0.  1.  0.],
[-0.92253309 -0.38591799  0.        ],
[ 0.  1.  0.],
[-0.84516265  0.53450922  0.        ],
[-0.04418943 -0.99902317  0.        ],
[  1.96868953e-16   1.00000000e+00   0.00000000e+00],
[-0.06707712  0.99774779  0.        ],
[ 0.  1.  0.],
[ -8.96844659e-17   1.00000000e+00   0.00000000e+00],
[ 0.  1.  0.],
[-0.21639082 -0.97630682  0.        ],
[-0.08941433  0.99599452  0.        ],
[ 0.  1.  0.],
[ 0.  1.  0.],
[-0.13448    -0.99091631  0.        ],
[-0.85294559  0.52199982  0.        ],
[ 0.  1.  0.],
[-0.5436208   0.83933094  0.        ],
[-0.40813651  0.91292091  0.        ],
[  4.58270483e-17   1.00000000e+00   0.00000000e+00],
[-0.07287644 -0.99734098  0.        ],
[-0.30315164  0.95294233  0.        ],
[ 0.  1.  0.],
[-0.04077801 -0.99916823  0.        ],
[-0.47467023  0.88016372  0.        ],
[-0.74540764 -0.66660892  0.        ],
[ 0.  1.  0.],
[-0.82004151  0.57230405  0.        ],
[ 0.  1.  0.],
[ 0.  1.  0.],
[-0.0378772 -0.9992824  0.       ],
[-0.05800336  0.99831639  0.        ],
[ 0.  1.  0.],
[-0.35572148 -0.93459201  0.        ],
[ 0.  1.  0.],
[-0.64658824 -0.7628392   0.        ],
[-0.15256998  0.98829267  0.        ],
[-0.54956578 -0.83545045  0.        ],
[ -9.83013028e-04  -9.99999517e-01   0.00000000e+00],
[-0.99957216 -0.02924899  0.        ],
[-0.05174994  0.99866007  0.        ],
[-0.06151239  0.99810632  0.        ],
[-0.01207411  0.99992711  0.        ],
[-0.92030051  0.39121219  0.        ],
[ 0.  1.  0.],
[-0.95750521 -0.28841597  0.        ],
[ 0.  1.  0.],
[-0.92753938 -0.37372543  0.        ],
[ 0.  1.  0.],
[-0.25389163 -0.96723267  0.        ],
[-0.18340638  0.98303718  0.        ],
[-0.08887695 -0.99604261  0.        ],
[ -2.37055600e-17   1.00000000e+00   0.00000000e+00],
[ -1.86503825e-16   1.00000000e+00   0.00000000e+00],
[ 0.  1.  0.],
[-0.99993756 -0.01117519  0.        ],
[-0.2367441  -0.97157204  0.        ],
[-0.00123867 -0.99999923  0.        ],
[-0.22194565  0.97505904  0.        ],
[-0.39705527  0.9177947   0.        ],
[ 0.  1.  0.],
[  2.22481682e-17   1.00000000e+00   0.00000000e+00],
[ 0.  1.  0.],
[-0.49440239  0.86923315  0.        ],
[-0.03315421  0.99945025  0.        ],
[-0.46365804  0.88601423  0.        ],
[-0.03823206 -0.99926889  0.        ],
[  4.46405216e-17   1.00000000e+00   0.00000000e+00],
[ 0.  1.  0.],
[ 0.  1.  0.],
[ 0.  1.  0.],
[-0.04810303  0.99884238  0.        ],
[ 0.  1.  0.],
[-0.01450935  0.99989473  0.        ],
[-0.98632513 -0.16481122  0.        ],
[ 0.  1.  0.],
[-0.29117831  0.9566688   0.        ],
[ -9.63157140e-17   1.00000000e+00   0.00000000e+00],
[-0.49892802  0.86664343  0.        ],
[-0.994605    0.10373469  0.        ],
[-0.14262084  0.9897774   0.        ],
[ 0.  1.  0.],
[ 0.  1.  0.],
[-0.43718804  0.89937012  0.        ],
[-0.01142004  0.99993479  0.        ],
[-0.14259156 -0.98978162  0.        ],
[-0.5965769  -0.80255592  0.        ],
[-0.30870281 -0.95115854  0.        ],
[-0.47572798  0.87959246  0.        ],
[-0.00509119 -0.99998704  0.        ],
[ 0.  1.  0.],
[ 0.  1.  0.],
[-0.98659719 -0.16317473  0.        ],
[-0.33991855  0.94045488  0.        ],
[ 0.  1.  0.],
[ 0.  1.  0.],
[ 0.  1.  0.],
[-0.99356201 -0.11328957  0.        ],
[ 0.  1.  0.],
[-0.71339164 -0.70076556  0.        ],
[  4.78207517e-17   1.00000000e+00   0.00000000e+00],
[ 0.  1.  0.],
[-0.31985882  0.94746521  0.        ],
[ -1.95149311e-16   1.00000000e+00   0.00000000e+00],
[-0.16400672  0.98645922  0.        ],
[ 0.  1.  0.],
[ 0.  1.  0.],
[  1.82675797e-16   1.00000000e+00   0.00000000e+00],
[-0.06866059 -0.99764008  0.        ],
[-0.99997532 -0.0070257   0.        ],
[  9.69315995e-17   1.00000000e+00   0.00000000e+00],
[-0.38797332  0.9216706   0.        ],
[-0.99646956 -0.08395484  0.        ],
[-0.06404171  0.99794722  0.        ],
[ 0.  1.  0.],
[-0.89291955  0.45021625  0.        ],
[  9.03408359e-17   1.00000000e+00   0.00000000e+00],
[ 0.  1.  0.],
[-0.90665714 -0.42186826  0.        ],
[ -2.26775035e-17   1.00000000e+00   0.00000000e+00],
[ 0.  1.  0.],
[-0.49951219  0.86630686  0.        ],
[ 0.  1.  0.],
[-0.39798293 -0.91739282  0.        ],
[-0.83664358  0.54774768  0.        ],
[-0.80935657  0.58731758  0.        ],
[-0.10848301 -0.9940983   0.        ],
[ 0.  1.  0.],
[-0.03411455  0.99941793  0.        ],
[-0.02977039 -0.99955676  0.        ],
[-0.99999376  0.00353272  0.        ],
[-0.03106276 -0.99951744  0.        ],
[  9.01216064e-17   1.00000000e+00   0.00000000e+00],
[-0.29481439 -0.95555454  0.        ],
[-0.57118876  0.82081874  0.        ],
[-0.41186574 -0.91124454  0.        ],
[-0.50548291 -0.86283662  0.        ],
[ 0.  1.  0.],
[-0.17598805 -0.9843923   0.        ],
[-0.22365904 -0.97466745  0.        ],
[-0.954716    0.29751866  0.        ],
[-0.9754707 -0.2201293  0.       ],
[-0.44967169 -0.89319392  0.        ],
[ 0.  1.  0.],
[-0.92621749  0.37698961  0.        ],
[-0.18051109 -0.98357295  0.        ],
[-0.78871871 -0.61475426  0.        ],
[ 0.  1.  0.],
[ 0.  1.  0.],
[-0.01832961 -0.999832    0.        ],
[-0.80149362 -0.59800332  0.        ],
[-0.9581384   0.28630546  0.        ],
[-0.57583573  0.81756542  0.        ],
[-0.59246027  0.80559967  0.        ],
[-0.97422645 -0.22557222  0.        ],
[ 0.  1.  0.],
[-0.8967369   0.44256404  0.        ],
[-0.10040278  0.99494687  0.        ],
[-0.05803471 -0.99831457  0.        ],
[-0.04536942 -0.99897028  0.        ],
[ 0.  1.  0.],
[-0.42905876 -0.90327658  0.        ],
[-0.44752039 -0.89427373  0.        ],
[-0.069754   -0.99756422  0.        ],
[-0.06875328  0.99763369  0.        ],
[-0.13286002  0.99113481  0.        ],
[-0.95994325  0.28019448  0.        ],
[ 0.  1.  0.],
[-0.50514821 -0.86303261  0.        ],
[  9.60123635e-17   1.00000000e+00   0.00000000e+00],
[-0.24113069  0.97049265  0.        ],
[-0.05317734 -0.99858508  0.        ],
[ -1.12198375e-17   1.00000000e+00   0.00000000e+00],
[-0.04459817 -0.99900501  0.        ],
[-0.80562687  0.59242329  0.        ],
[-0.23837563 -0.97117303  0.        ],
[ 0.  1.  0.],
[-0.32558218  0.94551375  0.        ],
[-0.99089506 -0.13463648  0.        ],
[-0.61394293  0.78935042  0.        ],
[-0.94035058 -0.34020698  0.        ],
[-0.09091694 -0.99585848  0.        ],
[-0.05412479 -0.99853418  0.        ],
[-0.03102593 -0.99951858  0.        ],
[-0.89866199 -0.43864181  0.        ],
[-0.89948929  0.4369428   0.        ],
[-0.34164736 -0.93982822  0.        ],
[ 0.  1.  0.],
[-0.70559474 -0.7086156   0.        ],
[-0.30547215 -0.95220101  0.        ],
[ 0.  1.  0.],
[-0.50968747 -0.86035962  0.        ],
[ 0.  1.  0.],
[-0.84223154 -0.53911597  0.        ],
[ -9.50510850e-17   1.00000000e+00   0.00000000e+00],
[-0.84714035 -0.5313692   0.        ],
[-0.59299647 -0.80520506  0.        ],
[-0.07233027 -0.99738074  0.        ],
[ 0.  1.  0.],
[-0.05882358 -0.99826839  0.        ],
[ 0.  1.  0.],
[-0.09012665 -0.99593031  0.        ],
[ 0.  1.  0.],
[-0.35566587  0.93461318  0.        ],
[-0.42893161 -0.90333697  0.        ],
[-0.3701251   0.92898192  0.        ],
[-0.34133724 -0.9399409   0.        ],
[-0.76967222  0.63843924  0.        ],
[ 0.  1.  0.],
[-0.22680404 -0.97394041  0.        ],
[-0.16398948  0.98646209  0.        ],
[-0.05544978 -0.99846148  0.        ],
[-0.08296141 -0.99655276  0.        ],
[ 0.  1.  0.],
[ 0.  1.  0.],
[ 0.  1.  0.],
[-0.16317384  0.98659733  0.        ],
[-0.84980816  0.5270921   0.        ],
[-0.24149884  0.97040111  0.        ],
[-0.07414084  0.99724778  0.        ],
[-0.40910618 -0.91248679  0.        ],
[ 0.  1.  0.],
[-0.94062643 -0.33944354  0.        ],
[ 0.  1.  0.],
[-0.13305446  0.99110873  0.        ],
[-0.33697106 -0.941515    0.        ],
[-0.22384439  0.9746249   0.        ],
[-0.71229539  0.70187982  0.        ],
[ 0.  1.  0.],
[ 0.  1.  0.],
[-0.63506312 -0.77246025  0.        ],
[-0.21311053  0.9770281   0.        ],
[ 0.  1.  0.],
[ 0.  1.  0.],
[-0.1038034  -0.99459784  0.        ],
[-0.89766544  0.4406776   0.        ],
[-0.18110189 -0.98346434  0.        ],
[-0.07429477  0.99723632  0.        ],
[-0.70924632  0.70496075  0.        ],
[ 0.  1.  0.],
[-0.32927166  0.94423523  0.        ],
[ 0.  1.  0.],
[-0.46406595  0.88580065  0.        ],
[-0.91631914 -0.40044879  0.        ],
[ -2.35714943e-17   1.00000000e+00   0.00000000e+00],
[-0.05137487 -0.99867944  0.        ],
[-0.34504038 -0.93858784  0.        ],
[  9.82144014e-17   1.00000000e+00   0.00000000e+00],
[-0.89536749  0.44532804  0.        ],
[-0.3786853 -0.9255255  0.       ],
[-0.76666418  0.64204831  0.        ],
[-0.44072146  0.89764391  0.        ],
[ 0.  1.  0.],
[-0.90875871 -0.41732195  0.        ],
[-0.07997491 -0.99679688  0.        ],
[ 0.  1.  0.],
[-0.61097299  0.79165144  0.        ],
[ 0.  1.  0.],
[-0.99968227  0.02520634  0.        ],
[ 0.  1.  0.],
[-0.01737392 -0.99984906  0.        ],
[-0.0083311 -0.9999653  0.       ],
[ 0.  1.  0.],
[-0.51039375 -0.85994082  0.        ],
[ 0.  1.  0.],
[-0.00308579 -0.99999524  0.        ],
[-0.02261565 -0.99974423  0.        ],
[-0.08418555 -0.9964501   0.        ],
[-0.00189615 -0.9999982   0.        ],
[-0.954571    0.29798358  0.        ],
[-0.38157561  0.92433763  0.        ],
[-0.00136062 -0.99999907  0.        ],
[-0.4130478   0.91070935  0.        ],
[-0.16087172  0.98697532  0.        ],
[ 0.  1.  0.],
[ 0.  1.  0.],
[ 0.  1.  0.],
[-0.02828541 -0.99959989  0.        ],
[-0.99739742  0.0720998   0.        ],
[ 0.  1.  0.],
[ 0.  1.  0.],
[  2.43348674e-17   1.00000000e+00   0.00000000e+00],
[ -2.24376347e-17   1.00000000e+00   0.00000000e+00],
[-0.07691863 -0.99703737  0.        ],
[ 0.  1.  0.],
[ 0.  1.  0.],
[ 0.  1.  0.],
[-0.90082545  0.43418143  0.        ],
[ 0.  1.  0.],
[ 0.  1.  0.],
[-0.27019793 -0.9628048   0.        ],
[-0.87840456 -0.47791781  0.        ],
[-0.0049215  -0.99998789  0.        ],
[-0.46272054 -0.8865042   0.        ],
[-0.98822412  0.15301338  0.        ],
[-0.94318572  0.33226601  0.        ],
[-0.39424021  0.91900743  0.        ],
[-0.32324194  0.94631636  0.        ],
[ 0.  1.  0.],
[-0.50188044 -0.86493701  0.        ],
[-0.09133746 -0.99582     0.        ],
[-0.0296605  -0.99956003  0.        ],
[-0.73266943  0.68058468  0.        ],
[-0.47572769 -0.87959261  0.        ],
[-0.66103679 -0.75035349  0.        ],
[ 0.  1.  0.],
[-0.02601371 -0.99966159  0.        ],
[ 0.  1.  0.],
[ 0.  1.  0.],
[-0.54470841 -0.83862551  0.        ],
[-0.15983194  0.98714424  0.        ],
[-0.32096703  0.94709037  0.        ],
[-0.77789096 -0.62839928  0.        ],
[ 0.  1.  0.],
[ 0.  1.  0.],
[ 0.  1.  0.],
[-0.14881138 -0.9888656   0.        ],
[-0.74586679  0.66609513  0.        ],
[ 0.  1.  0.],
[ 0.  1.  0.],
[-0.06807792  0.99768001  0.        ],
[-0.00260336  0.99999661  0.        ],
[-0.92144722  0.38850357  0.        ],
[-0.00351936 -0.99999381  0.        ],
[-0.77258811 -0.63490756  0.        ],
[-0.26336622  0.96469593  0.        ],
[ -9.99999953e-01   3.07491494e-04   0.00000000e+00],
[-0.03010993 -0.99954659  0.        ],
[-0.11516401 -0.99334649  0.        ],
[ 0.  1.  0.],
[-0.49817899  0.86707422  0.        ],
[-0.03685439 -0.99932065  0.        ],
[-0.99114254  0.13280238  0.        ],
[ 0.  1.  0.],
[-0.0492863   0.99878469  0.        ],
[ 0.  1.  0.],
[-0.55518314 -0.83172813  0.        ],
[ 0.  1.  0.],
[ 0.  1.  0.],
[-0.04828916 -0.9988334   0.        ],
[-0.98415333  0.17731953  0.        ],
[-0.03475616 -0.99939582  0.        ],
[-0.29001648  0.95702165  0.        ],
[-0.06722138 -0.99773809  0.        ],
[-0.98606374 -0.16636796  0.        ],
[-0.73985251 -0.6727691   0.        ],
[-0.68681827  0.72682919  0.        ],
[ 0.  1.  0.],
[-0.52088384 -0.85362757  0.        ],
[-0.08271731 -0.99657305  0.        ],
[-0.04582948 -0.99894928  0.        ],
[-0.02390218 -0.9997143   0.        ],
[ 0.  1.  0.],
[ 0.  1.  0.],
[-0.45135889  0.89234251  0.        ],
[-0.81618897  0.57778506  0.        ],
[-0.40568918  0.9140111   0.        ],
[-0.97568855 -0.2191617   0.        ],
[-0.02218136 -0.99975396  0.        ],
[-0.0502679  -0.99873577  0.        ],
[  4.49480004e-17   1.00000000e+00   0.00000000e+00],
[  9.83039331e-17   1.00000000e+00   0.00000000e+00],
[-0.03504687 -0.99938567  0.        ],
[ 0.  1.  0.],
[-0.89212671 -0.45178527  0.        ],
[ 0.  1.  0.],
[-0.19386459 -0.9810283   0.        ],
[-0.43358468  0.90111283  0.        ],
[-0.42951488 -0.90305978  0.        ],
[ 0.  1.  0.],
[-0.01906999  0.99981815  0.        ],
[ 0.  1.  0.],
[ 0.  1.  0.],
[  8.89629123e-17   1.00000000e+00   0.00000000e+00],
[ 0.  1.  0.],
[-0.68234265 -0.7310325   0.        ],
[ 0.  1.  0.],
[ 0.  1.  0.],
[-0.95886302 -0.28386917  0.        ],
[ -8.94524578e-17   1.00000000e+00   0.00000000e+00],
[ 0.  1.  0.],
[ 0.  1.  0.],
[ 0.  1.  0.],
[-0.21298588  0.97705528  0.        ],
[-0.37629211 -0.92650108  0.        ],
[-0.33571707 -0.94196287  0.        ],
[ 0.  1.  0.],
[ 0.  1.  0.],
[ 0.  1.  0.],
[-0.05553766 -0.99845659  0.        ],
[ -9.49010900e-17   1.00000000e+00   0.00000000e+00],
[ 0.  1.  0.],
[ 0.  1.  0.],
[-0.81486084  0.57965663  0.        ],
[-0.9283155  -0.37179341  0.        ],
[ 0.  1.  0.],
[-0.02105059  0.99977841  0.        ],
[-0.14176626  0.98990016  0.        ],
[ -4.61938728e-17   1.00000000e+00   0.00000000e+00],
[ 0.  1.  0.],
[-0.90491492 -0.42559252  0.        ],
[ 0.  1.  0.],
[-0.03599595 -0.99935194  0.        ],
[ 0.  1.  0.],
[ 0.  1.  0.],
[-0.26235534  0.96497134  0.        ],
[ 0.  1.  0.],
[-0.04877925 -0.99880958  0.        ],
[-0.47388664  0.88058586  0.        ],
[-0.72495511  0.68879612  0.        ],
[ 0.  1.  0.],
[ 0.  1.  0.],
[ -2.46143796e-17   1.00000000e+00   0.00000000e+00],
[ 0.  1.  0.],
[-0.97149578 -0.23705686  0.        ],
[-0.03630018 -0.99934093  0.        ],
[-0.17977326  0.98370807  0.        ],
[ 0.  1.  0.],
[ 0.  1.  0.],
[ 0.  1.  0.],
[-0.89142774  0.45316286  0.        ],
[ 0.  1.  0.],
[-0.87364692  0.48656044  0.        ],
[ 0.  1.  0.],
[ 0.  1.  0.],
[ -9.54904675e-17   1.00000000e+00   0.00000000e+00],
[-0.05844814 -0.99829045  0.        ],
[-0.12264575 -0.99245051  0.        ],
[ 0.  1.  0.],
[ 0.  1.  0.],
[ 0.  1.  0.],
[-0.93946819 -0.34263613  0.        ],
[-0.97395199 -0.22675431  0.        ],
[-0.32762694 -0.94480717  0.        ],
[-0.08247192 -0.99659339  0.        ],
[-0.22010818  0.97547547  0.        ],
[-0.04205987  0.99911509  0.        ],
[-0.55612686  0.83109742  0.        ],
[-0.8229337  -0.56813742  0.        ],
[ 0.  1.  0.],
[-0.32916628 -0.94427197  0.        ],
[-0.98656208  0.16338684  0.        ],
[-0.55295017  0.83321433  0.        ],
[-0.39794506  0.91740925  0.        ],
[-0.20461866 -0.97884177  0.        ],
[ -9.44627114e-17   1.00000000e+00   0.00000000e+00],
[-0.05884223 -0.99826729  0.        ],
[-0.05707383 -0.99836996  0.        ],
[-0.87786685 -0.47890479  0.        ],
[ 0.  1.  0.],
[-0.45161854 -0.89221113  0.        ],
[ 0.  1.  0.],
[ 0.  1.  0.],
[-0.47450061  0.88025517  0.        ],
[-0.40945204 -0.91233164  0.        ],
[-0.61734344  0.78669377  0.        ],
[-0.34534825  0.93847461  0.        ],
[ 0.  1.  0.],
[ 0.  1.  0.],
[-0.55225071 -0.83367809  0.        ],
[-0.49188912 -0.87065785  0.        ],
[-0.31355738  0.94956926  0.        ],
[-0.12061108 -0.99269984  0.        ],
[-0.25226216  0.96765893  0.        ],
[-0.04254686  0.99909447  0.        ],
[-0.87690003 -0.4806728   0.        ],
[-0.85053015 -0.52592629  0.        ],
[-0.34372546 -0.93907018  0.        ],
[  2.35221881e-17   1.00000000e+00   0.00000000e+00],
[-0.99950688 -0.03140047  0.        ],
[-0.50040418 -0.86579192  0.        ],
[ -5.79797791e-18   1.00000000e+00   0.00000000e+00],
[-0.84348369  0.53715479  0.        ],
[ 0.  1.  0.],
[-0.42684242 -0.90432602  0.        ],
[-0.1570627  -0.98758863  0.        ],
[ 0.  1.  0.],
[ 0.  1.  0.],
[-0.99956388  0.0295304   0.        ],
[-0.01234982  0.99992374  0.        ],
[-0.00930685 -0.99995669  0.        ],
[ 0.  1.  0.],
[ 0.  1.  0.],
[-0.26974965  0.96293049  0.        ],
[ 0.  1.  0.],
[-0.70078723 -0.71337035  0.        ],
[  2.24128363e-17   1.00000000e+00   0.00000000e+00],
[ -1.39019857e-18   1.00000000e+00   0.00000000e+00],
[-0.56604715 -0.82437287  0.        ],
[-0.02786353 -0.99961174  0.        ],
[ 0.  1.  0.],
[-0.79085876 -0.61199871  0.        ],
[-0.70902694 -0.7051814   0.        ],
[-0.01600579 -0.9998719   0.        ],
[-0.49272745 -0.87018369  0.        ],
[-0.05686132 -0.99838209  0.        ],
[-0.05914713 -0.99824928  0.        ],
[-0.31744408 -0.94827699  0.        ],
[-0.09647964 -0.99533496  0.        ],
[ 0.  1.  0.],
[ 0.  1.  0.],
[-0.67965588  0.73353111  0.        ],
[ 0.  1.  0.],
[-0.74588832  0.66607103  0.        ],
[-0.80202176 -0.59729482  0.        ],
[ 0.  1.  0.],
[-0.98402767  0.17801558  0.        ],
[-0.91893001 -0.39442064  0.        ],
[ 0.  1.  0.],
[ -9.25529472e-17   1.00000000e+00   0.00000000e+00],
[-0.74997972 -0.66146083  0.        ],
[ 0.  1.  0.],
[ 0.  1.  0.],
[-0.08820739 -0.99610213  0.        ],
[ -9.08087332e-17   1.00000000e+00   0.00000000e+00],
[-0.7585836   0.65157572  0.        ],
[ 0.  1.  0.],
[-0.67376362  0.73894694  0.        ],
[-0.19080309 -0.98162833  0.        ],
[-0.83077048 -0.55661513  0.        ],
[-0.04262872 -0.99909098  0.        ],
[-0.58403635  0.8117275   0.        ],
[ -9.18238151e-17   1.00000000e+00   0.00000000e+00],
[-0.05181829 -0.99865653  0.        ],
[ 0.  1.  0.],
[ 0.  1.  0.],
[ 0.  1.  0.],
[  9.00596833e-17   1.00000000e+00   0.00000000e+00],
[-0.83291976  0.55339378  0.        ],
[-0.04426828  0.99901968  0.        ],
[ 0.  1.  0.],
[ 0.  1.  0.],
[-0.71796892  0.69607516  0.        ],
[ 0.  1.  0.],
[-0.01807272 -0.99983668  0.        ],
[  4.54180887e-17   1.00000000e+00   0.00000000e+00],
[-0.51195589  0.85901174  0.        ],
[ -2.46182029e-17   1.00000000e+00   0.00000000e+00],
[ 0.  1.  0.],
[-0.32977975  0.9440579   0.        ],
[-0.99189818 -0.1270354   0.        ],
[-0.98719375  0.15952586  0.        ],
[ 0.  1.  0.],
[-0.97698897 -0.21328985  0.        ],
[-0.03204562 -0.99948641  0.        ],
[ 0.  1.  0.],
[ 0.  1.  0.],
[-0.09795182  0.99519116  0.        ],
[-0.21774342  0.97600605  0.        ],
[-0.14667029  0.98918544  0.        ],
[ 0.  1.  0.],
[ 0.  1.  0.],
[ -9.46997422e-17   1.00000000e+00   0.00000000e+00],
[ 0.  1.  0.],
[-0.02109517 -0.99977747  0.        ],
[ 0.  1.  0.],
[-0.01280286 -0.99991804  0.        ],
[ -4.46213069e-17   1.00000000e+00   0.00000000e+00],
[-0.73459036 -0.67851087  0.        ],
[ 0.  1.  0.],
[  1.12136512e-17   1.00000000e+00   0.00000000e+00],
[-0.12329133  0.99237052  0.        ],
[-0.47156413 -0.88183177  0.        ],
[-0.57212866 -0.82016389  0.        ],
[  4.77725397e-17   1.00000000e+00   0.00000000e+00],
[  1.85310540e-16   1.00000000e+00   0.00000000e+00],
[-0.99997182  0.00750685  0.        ],
[ 0.  1.  0.],
[-0.06465474 -0.99790769  0.        ],
[ 0.  1.  0.],
[ 0.  1.  0.],
[ 0.  1.  0.],
[-0.33182407 -0.94334129  0.        ],
[-0.82217628  0.56923296  0.        ],
[-0.02769031 -0.99961655  0.        ],
[ 0.  1.  0.],
[ 0.  1.  0.],
[ 0.  1.  0.],
[-0.58774162 -0.80904869  0.        ],
[-0.04021979 -0.99919086  0.        ],
[ 0.  1.  0.],
[-0.14631387  0.98923822  0.        ],
[-0.04505807 -0.99898437  0.        ],
[-0.83842917  0.54501057  0.        ],
[-0.32124917  0.94699471  0.        ],
[-0.47601235 -0.8794386   0.        ],
[ 0.  1.  0.],
[-0.91835374  0.39576055  0.        ],
[ 0.  1.  0.],
[-0.15333822 -0.98817377  0.        ],
[-0.69554387  0.71848363  0.        ],
[-0.69308411  0.72085672  0.        ],
[ -1.81157964e-16   1.00000000e+00   0.00000000e+00],
[-0.00703147 -0.99997528  0.        ],
[ 0.  1.  0.],
[ -8.53671753e-04  -9.99999636e-01   0.00000000e+00],
[ 0.  1.  0.],
[-0.44592469  0.89507048  0.        ],
[-0.00434267 -0.99999057  0.        ],
[ 0.  1.  0.],
[-0.92487294  0.38027628  0.        ],
[-0.08365083 -0.99649513  0.        ],
[-0.28449574 -0.9586773   0.        ],
[-0.50272458 -0.86444664  0.        ],
[ 0.  1.  0.],
[ 0.  1.  0.],
[ -8.91341710e-17   1.00000000e+00   0.00000000e+00],
[ 0.  1.  0.],
[-0.09194567 -0.99576402  0.        ],
[-0.83923885 -0.54376295  0.        ],
[ 0.  1.  0.],
[-0.66973453  0.74260061  0.        ],
[-0.84930599  0.52790087  0.        ],
[-0.91352494  0.40678272  0.        ],
[-0.56376526  0.82593506  0.        ],
[-0.98905897  0.14752067  0.        ],
[ 0.  1.  0.],
[ 0.  1.  0.],
[-0.45814364  0.88887817  0.        ],
[-0.05034527 -0.99873187  0.        ],
[ 0.  1.  0.],
[ -4.71290266e-17   1.00000000e+00   0.00000000e+00],
[-0.36744697  0.93004448  0.        ],
[-0.25904214  0.96586602  0.        ],
[ 0.  1.  0.],
[-0.91860331  0.39518093  0.        ],
[-0.07211016  0.99739667  0.        ],
[-0.5551235  -0.83176793  0.        ],
[-0.86589151 -0.50023185  0.        ],
[ 0.  1.  0.],
[-0.99640825 -0.08467942  0.        ],
[-0.99998577 -0.00533414  0.        ],
[ 0.  1.  0.],
[-0.6071556  -0.79458295  0.        ],
[-0.08085583 -0.99672581  0.        ],
[ 0.  1.  0.],
[-0.52781255 -0.84936088  0.        ],
[ 0.  1.  0.],
[ 0.  1.  0.],
[-0.0738754  -0.99726748  0.        ],
[ -8.92498606e-17   1.00000000e+00   0.00000000e+00],
