[ 0.37759521  0.92597077  0.        ],
[ 0.95811843  0.28637225  0.        ],
[ 0.9519701  0.306191   0.       ],
[ 0.94126685  0.33766362  0.        ],
[ 0.58573493  0.81050268  0.        ],
[ 0.50327483  0.86412641  0.        ],
[ 0.55449624  0.83218623  0.        ],
[ 0.50608169  0.86248555  0.        ],
[ 0.55414663  0.83241908  0.        ],
[ 0.61714288  0.78685111  0.        ],
[ 0.53615003  0.84412271  0.        ],
[ 0.42103185  0.90704586  0.        ],
[ 0.93430596 -0.35647212  0.        ],
[ 0.8901834   0.45560236  0.        ],
[ 0.28357336  0.95895055  0.        ],
[ 0.96330009  0.2684268   0.        ],
[ 0.3550204   0.93485855  0.        ],
[ 0.81329983  0.58184481  0.        ],
[ 0.2807643   0.95977675  0.        ],
[ 0.84247112 -0.53874151  0.        ],
[ 0.76008673  0.64982164  0.        ],
[ 0.59910139  0.80067317  0.        ],
[ 0.99273909 -0.12028759  0.        ],
[ 0.91115446 -0.41206498  0.        ],
[ 0.95463997  0.29776255  0.        ],
[ 0.98672988 -0.16237042  0.        ],
[ 0.26248099  0.96493716  0.        ],
[ 0.34342594  0.93917976  0.        ],
[ 0.93737823  0.34831316  0.        ],
[ 0.22830261  0.97359022  0.        ],
[ 0.9233744  -0.38390066  0.        ],
[ 0.94765707  0.31928996  0.        ],
[ 0.87690189 -0.48066941  0.        ],
[ 0.99712547  0.07576805  0.        ],
[ 0.93248244  0.36121531  0.        ],
[ 0.18325962  0.98306455  0.        ],
[ 0.84467143 -0.53528514  0.        ],
[ 0.9480401   0.31815086  0.        ],
[ 0.27052277  0.96271358  0.        ],
[ 0.91058144  0.41332969  0.        ],
[ 0.86391703 -0.50363415  0.        ],
[ 0.40653014  0.91363737  0.        ],
[ 0.93895344 -0.34404424  0.        ],
[ 0.68434432  0.72915901  0.        ],
[ 0.50092871  0.86548855  0.        ],
[ 0.93213369 -0.36211433  0.        ],
[ 0.97854065 -0.20605388  0.        ],
[ 0.40321706  0.91510437  0.        ],
[ 0.95632168  0.29231634  0.        ],
[ 0.63859237  0.76954518  0.        ],
[ 0.33996493  0.94043811  0.        ],
[ 0.92241653 -0.38619652  0.        ],
[ 0.43016886  0.90274844  0.        ],
[ 0.16084111  0.98698031  0.        ],
[ 0.91117547  0.41201852  0.        ],
[ 0.42119072  0.90697209  0.        ],
[ 0.81650357  0.57734038  0.        ],
[ 0.47395494  0.8805491   0.        ],
[ 0.62171828  0.78324094  0.        ],
[ 0.56115368  0.82771163  0.        ],
[ 0.92616519 -0.37711807  0.        ],
[ 0.80597428  0.59195056  0.        ],
[ 0.6968906   0.71717745  0.        ],
[ 0.23820247  0.97121552  0.        ],
[ 0.26276918  0.96485872  0.        ],
[ 0.50838479  0.86113001  0.        ],
[ 0.68368535  0.72977692  0.        ],
[ 0.2791891   0.96023614  0.        ],
[ 0.27422924  0.96166435  0.        ],
[ 0.99885094 -0.04792496  0.        ],
[ 0.63957076  0.76873223  0.        ],
[ 0.64356829  0.76538869  0.        ],
[ 0.89958234 -0.4367512   0.        ],
[ 0.23328658  0.97240803  0.        ],
[ 0.40924568  0.91242423  0.        ],
[ 0.99054376  0.13719718  0.        ],
[ 0.45618446  0.88988524  0.        ],
[ 0.95504676  0.29645521  0.        ],
[ 0.99965139 -0.02640263  0.        ],
[ 0.68964075  0.72415167  0.        ],
[ 0.83783706 -0.54592038  0.        ],
[ 0.94589811  0.3244638   0.        ],
[ 0.86620965 -0.49968075  0.        ],
[ 0.99981146  0.01941761  0.        ],
[ 0.39337386  0.9193786   0.        ],
[ 0.77474223  0.63227722  0.        ],
[ 0.28374009  0.95890123  0.        ],
[ 0.16485144  0.98631841  0.        ],
[ 0.84390583 -0.53649134  0.        ],
[ 0.49721349  0.86762823  0.        ],
[ 0.30641057  0.95189945  0.        ],
[ 0.99776307 -0.06684951  0.        ],
[ 0.98583286  0.16773063  0.        ],
[ 0.43648391  0.89971206  0.        ],
[ 0.24261593  0.97012242  0.        ],
[ 0.53274403  0.84627643  0.        ],
[ 0.749882    0.66157161  0.        ],
[ 0.51924155  0.85462753  0.        ],
[ 0.1705072   0.98535643  0.        ],
[ 0.33039535  0.94384263  0.        ],
[ 0.98644959  0.16406461  0.        ],
[ 0.41251732  0.91094976  0.        ],
[ 0.62237452  0.78271959  0.        ],
[ 0.94960297  0.31345526  0.        ],
[ 0.79990018  0.60013307  0.        ],
[ 0.25617688  0.96662992  0.        ],
[ 0.99655941  0.08288152  0.        ],
[ 0.2361876   0.97170747  0.        ],
[ 0.39424462  0.91900554  0.        ],
[ 0.29040513  0.95690379  0.        ],
[ 0.59187922  0.80602666  0.        ],
[ 0.77225503 -0.63531266  0.        ],
[ 0.46348276  0.88610593  0.        ],
[ 0.59190376  0.80600865  0.        ],
[ 0.52683408  0.84996815  0.        ],
[ 0.98057679  0.19613557  0.        ],
[ 0.49889471  0.8666626   0.        ],
[ 0.35528383  0.93475847  0.        ],
[ 0.30066053  0.95373122  0.        ],
[ 0.79993698  0.60008402  0.        ],
[ 0.78323644 -0.62172395  0.        ],
[ 0.24514593  0.96948619  0.        ],
[ 0.15450765  0.98799159  0.        ],
[ 0.36325732  0.93168885  0.        ],
[ 0.78832782 -0.61525543  0.        ],
[ 0.97594678  0.21800892  0.        ],
[ 0.80315349  0.59577217  0.        ],
[ 0.32662076  0.94515548  0.        ],
[ 0.3623324   0.93204894  0.        ],
[ 0.54562568  0.83802901  0.        ],
[ 0.99860882 -0.05272981  0.        ],
[ 0.99309377  0.11732333  0.        ],
[ 0.41573024  0.90948797  0.        ],
[ 0.94011532  0.34085655  0.        ],
[ 0.96284404 -0.27005807  0.        ],
[ 0.60980608  0.79255066  0.        ],
[ 0.99738232 -0.07230839  0.        ],
[ 0.89671317  0.44261212  0.        ],
[ 0.82321367 -0.56773167  0.        ],
[ 0.67658212  0.73636719  0.        ],
[ 0.31935107  0.94763648  0.        ],
[ 0.31397836  0.94943014  0.        ],
[ 0.5567903   0.83065309  0.        ],
[ 0.98148988  0.19151399  0.        ],
[ 0.49681559  0.86785613  0.        ],
[ 0.87742247  0.47971846  0.        ],
[ 0.16884325  0.98564292  0.        ],
[ 0.60961602  0.79269686  0.        ],
[ 0.37676855  0.92630743  0.        ],
[ 0.36045658  0.93277599  0.        ],
[ 0.40629021  0.91374409  0.        ],
[ 0.56392378  0.82582684  0.        ],
[ 0.54818423  0.83635761  0.        ],
[ 0.7857818   0.61850381  0.        ],
[ 0.40027933  0.91639318  0.        ],
[ 0.91860604  0.39517456  0.        ],
[ 0.99348724  0.11394345  0.        ],
[ 0.95473628 -0.29745359  0.        ],
[ 0.4724054   0.88138138  0.        ],
[ 0.17894055  0.98385989  0.        ],
[ 0.77898872 -0.62703793  0.        ],
[ 0.15256207  0.98829389  0.        ],
[ 0.33566326  0.94198205  0.        ],
[ 0.92517389  0.37954351  0.        ],
[ 0.23448854  0.97211888  0.        ],
[ 0.65919173  0.7519749   0.        ],
[ 0.89749216  0.44103041  0.        ],
[ 0.46818911  0.88362829  0.        ],
[ 0.42189604  0.90664421  0.        ],
[ 0.52715526  0.84976899  0.        ],
[ 0.94057176 -0.339595    0.        ],
[ 0.48252429  0.87588259  0.        ],
[ 0.97345802 -0.22886565  0.        ],
[ 0.49526049  0.86874453  0.        ],
[ 0.96126402 -0.27562923  0.        ],
[ 0.35598211  0.93449277  0.        ],
[ 0.40647422  0.91366225  0.        ],
[ 0.97199989  0.23498129  0.        ],
[ 0.23498542  0.9719989   0.        ],
[ 0.30932481  0.95095645  0.        ],
[ 0.81732711  0.57617393  0.        ],
[ 0.36591341  0.9306489   0.        ],
[ 0.25013816  0.96821015  0.        ],
[ 0.81904318 -0.57373188  0.        ],
[ 0.9572433  -0.28928407  0.        ],
[ 0.60481269  0.79636776  0.        ],
[ 0.93342297 -0.35877787  0.        ],
[ 0.15995029  0.98712507  0.        ],
[ 0.73828793  0.67448568  0.        ],
[ 0.46768158  0.88389702  0.        ],
[ 0.18787116  0.98219368  0.        ],
[ 0.99270054  0.12060527  0.        ],
[ 0.98250354  0.1862439   0.        ],
[ 0.98566219  0.16873067  0.        ],
[ 0.73644913  0.67649293  0.        ],
[ 0.42182037  0.90667942  0.        ],
[ 0.23564971  0.97183806  0.        ],
[ 0.52481196  0.85121819  0.        ],
[ 0.63492458  0.77257412  0.        ],
[ 0.33965084  0.9405516   0.        ],
[ 0.85336303 -0.52131713  0.        ],
[ 0.89390254 -0.44826137  0.        ],
[ 0.58404283  0.81172285  0.        ],
[ 0.40138749  0.91590834  0.        ],
[ 0.3929079   0.91957783  0.        ],
[ 0.82446537  0.56591241  0.        ],
[ 0.41031466  0.91194401  0.        ],
[ 0.97948399 -0.20152198  0.        ],
[ 0.31506206  0.94907107  0.        ],
[ 0.99415335 -0.10797743  0.        ],
[ 0.43540442  0.90023497  0.        ],
[ 0.96963577  0.24455362  0.        ],
[ 0.31769371  0.94819339  0.        ],
[ 0.30817408  0.95132998  0.        ],
[ 0.85869892 -0.51248041  0.        ],
[ 0.33668567  0.9416171   0.        ],
[ 0.23631052  0.97167759  0.        ],
[ 0.58972739  0.80760238  0.        ],
[ 0.39649421  0.91803722  0.        ],
[ 0.59342171  0.80489171  0.        ],
[ 0.98856492  0.15079587  0.        ],
[ 0.54001661  0.84165436  0.        ],
[ 0.62082194  0.7839516   0.        ],
[ 0.33789968  0.94118213  0.        ],
[ 0.33544113  0.94206117  0.        ],
[ 0.70946857  0.70473708  0.        ],
[ 0.28464063  0.95863429  0.        ],
[ 0.9404132  -0.34003384  0.        ],
[ 0.21529247  0.97654962  0.        ],
[ 0.94446703  0.3286062   0.        ],
[ 0.51212371  0.8589117   0.        ],
[ 0.41615188  0.90929512  0.        ],
[ 0.69968039  0.71445599  0.        ],
[ 0.38317402  0.92367617  0.        ],
[ 0.99993564  0.01134542  0.        ],
[ 0.51257105  0.85864482  0.        ],
[ 0.36270257  0.93190495  0.        ],
[ 0.99981367  0.01930359  0.        ],
[ 0.68973628  0.72406068  0.        ],
[ 0.7504037  0.6609798  0.       ],
[ 0.39876126  0.91705477  0.        ],
[ 0.93748966  0.34801313  0.        ],
[ 0.99963901 -0.0268671   0.        ],
[ 0.48709748  0.87334761  0.        ],
[ 0.66301672  0.74860459  0.        ],
[ 0.17070638  0.98532194  0.        ],
[ 0.61318783  0.78993714  0.        ],
[ 0.33627375  0.94176428  0.        ],
[ 0.28364416  0.95892961  0.        ],
[ 0.7220097   0.69188294  0.        ],
[ 0.28811913  0.95759457  0.        ],
[ 0.18884778  0.98200637  0.        ],
[ 0.39586337  0.91830942  0.        ],
[ 0.66250547  0.74905708  0.        ],
[ 0.92373732  0.38302658  0.        ],
[ 0.95396903 -0.29990514  0.        ],
[ 0.16722346  0.98591902  0.        ],
[ 0.96066097  0.27772378  0.        ],
[ 0.67856005  0.73454493  0.        ],
[ 0.25662755  0.96651037  0.        ],
[ 0.67903801  0.73410311  0.        ],
[ 0.54617145  0.83767341  0.        ],
[ 0.58674883  0.80976899  0.        ],
[ 0.944811    0.32761591  0.        ],
[ 0.5982999   0.80127225  0.        ],
[ 0.33192982  0.94330408  0.        ],
[ 0.1669243   0.98596971  0.        ],
[ 0.93928048  0.34315037  0.        ],
[ 0.42530721  0.90504905  0.        ],
[ 0.95547724  0.2950648   0.        ],
[ 0.24796329  0.96876943  0.        ],
[ 0.65729339  0.7536348   0.        ],
[ 0.99971335  0.02394205  0.        ],
[ 0.86960774 -0.49374324  0.        ],
[ 0.1670133   0.98595464  0.        ],
[ 0.91907566 -0.39408113  0.        ],
[ 0.86695931 -0.49837893  0.        ],
[ 0.37756638  0.92598252  0.        ],
[ 0.63525524  0.77230226  0.        ],
[ 0.52267955  0.85252923  0.        ],
[ 0.67395484  0.73877254  0.        ],
[ 0.99544112 -0.09537812  0.        ],
[ 0.44068163  0.89766347  0.        ],
[ 0.4625628   0.88658652  0.        ],
[ 0.15529203  0.98786861  0.        ],
[ 0.98480179 -0.173682    0.        ],
[ 0.33340995  0.94278195  0.        ],
[ 0.36902242  0.92942049  0.        ],
[ 0.34024303  0.94033754  0.        ],
[ 0.55850602  0.82950047  0.        ],
[ 0.94384663  0.33038392  0.        ],
[ 0.85414338 -0.52003758  0.        ],
[ 0.79095584 -0.61187324  0.        ],
[ 0.75027343  0.66112766  0.        ],
[ 0.35025265  0.93665526  0.        ],
[ 0.82486726  0.56532646  0.        ],
[ 0.17672794  0.98425974  0.        ],
[ 0.16413679  0.98643759  0.        ],
[ 0.73454282  0.67856233  0.        ],
[ 0.78814423 -0.6154906   0.        ],
[ 0.77222564  0.63534838  0.        ],
[ 0.1793742   0.98378092  0.        ],
[  9.99999932e-01   3.68999971e-04   0.00000000e+00],
[ 0.99300142 -0.11810243  0.        ],
[ 0.35997094  0.93296352  0.        ],
[ 0.46947367  0.88294647  0.        ],
[ 0.99978404  0.02078175  0.        ],
[ 0.46574611  0.88491839  0.        ],
[ 0.34764259  0.93762713  0.        ],
[ 0.76439756  0.6447452   0.        ],
[ 0.47468973  0.8801532   0.        ],
[ 0.303968    0.95268224  0.        ],
[ 0.99995821 -0.0091422   0.        ],
[ 0.73862246  0.67411932  0.        ],
[ 0.37132505  0.92850294  0.        ],
[ 0.63246782  0.77458663  0.        ],
[ 0.69512299  0.71889083  0.        ],
[ 0.20590704  0.97857156  0.        ],
[ 0.3990388   0.91693404  0.        ],
[ 0.98927092  0.14609257  0.        ],
[ 0.76328152  0.64606603  0.        ],
[ 0.19892939  0.98001383  0.        ],
[ 0.33290022  0.94296206  0.        ],
[ 0.56096978  0.82783628  0.        ],
[ 0.99245111 -0.12264092  0.        ],
[ 0.34631406  0.93811863  0.        ],
[ 0.37297388  0.92784184  0.        ],
[ 0.99920093 -0.03996866  0.        ],
[ 0.45244357  0.89179304  0.        ],
[ 0.26848709  0.96328328  0.        ],
[ 0.89638324 -0.44327992  0.        ],
[ 0.99737171  0.07245469  0.        ],
[ 0.98893468  0.1483516   0.        ],
[ 0.91869482  0.39496813  0.        ],
[ 0.65852069  0.75256263  0.        ],
[ 0.4496244   0.89321772  0.        ],
[ 0.99939008  0.03492099  0.        ],
[ 0.41633887  0.90920952  0.        ],
[ 0.98675445  0.16222104  0.        ],
[ 0.83633629  0.54821676  0.        ],
[ 0.37396041  0.92744467  0.        ],
[ 0.97527523  0.22099371  0.        ],
[ 0.48157496  0.8764049   0.        ],
[ 0.89450287 -0.44706221  0.        ],
[ 0.99738859  0.07222184  0.        ],
[ 0.94680946  0.32179471  0.        ],
[ 0.84068793  0.5415199   0.        ],
[ 0.9980821   0.06190408  0.        ],
[ 0.61285821  0.7901929   0.        ],
[ 0.43903382  0.89847054  0.        ],
[ 0.95390506  0.30010855  0.        ],
[ 0.51761896  0.85561125  0.        ],
[ 0.97269627 -0.23208182  0.        ],
[ 0.39999683  0.91651652  0.        ],
[ 0.88958552  0.45676865  0.        ],
[ 0.96846438 -0.24915205  0.        ],
[ 0.99701009 -0.07727147  0.        ],
[ 0.45261127  0.89170793  0.        ],
[ 0.4445049   0.89577642  0.        ],
[ 0.96129653 -0.27551586  0.        ],
[ 0.18461006  0.98281185  0.        ],
[ 0.52142469  0.8532973   0.        ],
[ 0.52881048  0.84873993  0.        ],
[ 0.91682031 -0.39930003  0.        ],
[ 0.36475789  0.9311024   0.        ],
[ 0.6690803   0.74319012  0.        ],
[ 0.21387331  0.97686141  0.        ],
[ 0.72349411  0.69033055  0.        ],
[ 0.89103237 -0.45393977  0.        ],
[ 0.22108384  0.97525481  0.        ],
[ 0.98541974  0.17014095  0.        ],
[ 0.33706375  0.94148183  0.        ],
[ 0.89449014 -0.44708768  0.        ],
[ 0.56678601  0.82386505  0.        ],
[ 0.55723535  0.8303546   0.        ],
[ 0.99806356  0.06220232  0.        ],
[ 0.99892576 -0.04633925  0.        ],
[ 0.37599265  0.92662264  0.        ],
[ 0.2649504   0.96426204  0.        ],
[ 0.84225652  0.53907695  0.        ],
[ 0.97863617 -0.20559972  0.        ],
[ 0.27970029  0.96008737  0.        ],
[ 0.99585407  0.09096518  0.        ],
[ 0.28764471  0.95773719  0.        ],
[ 0.35751906  0.93390584  0.        ],
[ 0.94088295  0.33873185  0.        ],
[ 0.90428857 -0.42692176  0.        ],
[ 0.81554918  0.57868776  0.        ],
[ 0.59171902  0.80614428  0.        ],
[ 0.48917469  0.87218583  0.        ],
[ 0.51110046  0.85952098  0.        ],
[ 0.37700219  0.92621237  0.        ],
[ 0.9638464  -0.26645846  0.        ],
[ 0.66196849  0.74953167  0.        ],
[ 0.84529529  0.53429942  0.        ],
[ 0.9283873  -0.37161407  0.        ],
[ 0.97811079 -0.20808482  0.        ],
[ 0.98231177 -0.18725275  0.        ],
[ 0.65705393  0.75384357  0.        ],
[ 0.41643495  0.90916551  0.        ],
[ 0.79527708  0.60624612  0.        ],
[ 0.30938689  0.95093625  0.        ],
[ 0.35863693  0.93347713  0.        ],
[ 0.97060533 -0.24067676  0.        ],
[ 0.2008085   0.97963051  0.        ],
[ 0.98833905  0.15226924  0.        ],
[ 0.76335878  0.64597474  0.        ],
[ 0.36972538  0.92914108  0.        ],
[ 0.39320231  0.91945198  0.        ],
[ 0.9969792  -0.07766898  0.        ],
[ 0.3658417   0.93067709  0.        ],
[ 0.81733246 -0.57616633  0.        ],
[ 0.90340961 -0.4287786   0.        ],
[ 0.38353856  0.92352486  0.        ],
[ 0.34279566  0.93940999  0.        ],
[ 0.61164674  0.791131    0.        ],
[ 0.2577627   0.96620825  0.        ],
[ 0.63388374  0.77342834  0.        ],
[ 0.52367279  0.85191948  0.        ],
[ 0.40381936  0.91483874  0.        ],
[ 0.28492351  0.95855026  0.        ],
[ 0.99535957  0.09622539  0.        ],
[ 0.91708121 -0.39870046  0.        ],
[ 0.41775634  0.9085591   0.        ],
[ 0.5582395   0.82967986  0.        ],
[ 0.42069922  0.90720018  0.        ],
[ 0.41295922  0.91074952  0.        ],
[ 0.99342789  0.11445974  0.        ],
[ 0.95663906  0.291276    0.        ],
[ 0.69168589  0.72219847  0.        ],
[ 0.892217    0.45160694  0.        ],
[ 0.37208355  0.92819924  0.        ],
[ 0.98949601 -0.14456016  0.        ],
[ 0.45807459  0.88891376  0.        ],
[ 0.99640843 -0.08467722  0.        ],
[ 0.25472594  0.96701329  0.        ],
[ 0.30846961  0.9512342   0.        ],
[ 0.59521786  0.80356437  0.        ],
[ 0.40087848  0.91613124  0.        ],
[ 0.56701283  0.82370896  0.        ],
[ 0.6128059   0.79023346  0.        ],
[ 0.88791136 -0.46001459  0.        ],
[ 0.81571907 -0.57844827  0.        ],
[ 0.51011303  0.86010738  0.        ],
[ 0.54540041  0.83817564  0.        ],
[ 0.45630891  0.88982143  0.        ],
[ 0.96897145 -0.24717268  0.        ],
[ 0.93012093 -0.3672534   0.        ],
[ 0.93042425 -0.36648425  0.        ],
[ 0.94522545  0.32641822  0.        ],
[ 0.76090567  0.64886252  0.        ],
[ 0.67224995  0.74032426  0.        ],
[ 0.9645856  -0.26377001  0.        ],
[ 0.65840437  0.75266439  0.        ],
[ 0.73833513  0.67443402  0.        ],
[ 0.57691198  0.81680632  0.        ],
[ 0.94232252  0.33470624  0.        ],
[ 0.193736   0.9810537  0.       ],
[ 0.99313566 -0.1169682   0.        ],
[ 0.67658223  0.73636709  0.        ],
[ 0.38598476  0.92250516  0.        ],
[ 0.63172733  0.77519068  0.        ],
[ 0.98778881 -0.15579883  0.        ],
[ 0.84464626 -0.53532485  0.        ],
[ 0.52358722  0.85197208  0.        ],
[ 0.66560087  0.7463079   0.        ],
[ 0.37389297  0.92747186  0.        ],
[ 0.99980389 -0.01980365  0.        ],
[ 0.82174941  0.56984902  0.        ],
[ 0.29496271  0.95550876  0.        ],
[ 0.15895898  0.98728519  0.        ],
[ 0.47651453  0.87916659  0.        ],
[ 0.99166434  0.12884814  0.        ],
[ 0.30867072  0.95116896  0.        ],
[ 0.99993819 -0.01111793  0.        ],
[ 0.16212768  0.98676979  0.        ],
[ 0.59156655  0.80625617  0.        ],
[ 0.4172959   0.90877067  0.        ],
[ 0.88662728  0.46248466  0.        ],
[ 0.39758042  0.91756733  0.        ],
[ 0.41216606  0.91110874  0.        ],
[ 0.22980804  0.97323598  0.        ],
[ 0.99830037  0.05827837  0.        ],
[ 0.20421739  0.97892556  0.        ],
[ 0.38167542  0.92429642  0.        ],
[ 0.9756865   0.21917082  0.        ],
[ 0.77022507  0.63777217  0.        ],
[ 0.36476755  0.93109862  0.        ],
[ 0.49344896  0.86977476  0.        ],
[ 0.61425416  0.78910825  0.        ],
[ 0.92332591 -0.38401727  0.        ],
[ 0.31635621  0.94864047  0.        ],
[ 0.2773485   0.96076938  0.        ],
[ 0.99637704 -0.08504587  0.        ],
[ 0.94901103 -0.31524288  0.        ],
[ 0.36410083  0.93135954  0.        ],
[ 0.81311844  0.58209828  0.        ],
[ 0.43024377  0.90271274  0.        ],
[ 0.21181802  0.97730913  0.        ],
[ 0.34720521  0.93778918  0.        ],
[ 0.77934664 -0.62659302  0.        ],
[ 0.8423143  -0.53898667  0.        ],
[ 0.73843936  0.67431989  0.        ],
[ 0.86092896 -0.5087252   0.        ],
[ 0.58996933  0.80742565  0.        ],
[ 0.8918468   0.45233758  0.        ],
[ 0.97509522 -0.22178665  0.        ],
[ 0.39964618  0.91666948  0.        ],
[ 0.75047569  0.66089805  0.        ],
[ 0.93692403  0.34953307  0.        ],
[ 0.97232832 -0.23361859  0.        ],
[ 0.99683084  0.07955052  0.        ],
[ 0.19255116  0.98128694  0.        ],
[ 0.99948451  0.03210464  0.        ],
[ 0.94527871 -0.32626395  0.        ],
[ 0.99587347  0.09075258  0.        ],
[ 0.4121315   0.91112437  0.        ],
[ 0.26884776  0.96318268  0.        ],
[ 0.82712568  0.562017    0.        ],
[ 0.47657841  0.87913197  0.        ],
[ 0.32550025  0.94554195  0.        ],
[ 0.35142154  0.93621734  0.        ],
[ 0.86438163 -0.50283635  0.        ],
[ 0.35105186  0.93635602  0.        ],
[ 0.35345947  0.93544984  0.        ],
[ 0.50358258  0.8639471   0.        ],
[ 0.77329327 -0.63404851  0.        ],
[ 0.25380242  0.96725608  0.        ],
[ 0.41100935  0.91163113  0.        ],
[ 0.63661703  0.7711801   0.        ],
[ 0.33050758  0.94380334  0.        ],
[ 0.4140421   0.91025773  0.        ],
[ 0.99956789  0.02939434  0.        ],
[ 0.28111483  0.95967414  0.        ],
[ 0.94808314  0.31802258  0.        ],
[ 0.9975883  -0.06940885  0.        ],
[ 0.97720877 -0.2122805   0.        ],
[ 0.30752746  0.95153921  0.        ],
[ 0.74973279  0.6617407   0.        ],
[ 0.7711475  -0.63665652  0.        ],
[ 0.72545271  0.68827201  0.        ],
[ 0.21377903  0.97688204  0.        ],
[ 0.35148194  0.93619466  0.        ],
[ 0.98697126  0.16089667  0.        ],
[ 0.97713975  0.21259802  0.        ],
[ 0.76372449  0.64554233  0.        ],
[ 0.81643977 -0.5774306   0.        ],
[ 0.90396471  0.42760706  0.        ],
[ 0.96083233  0.27713036  0.        ],
[ 0.78753366  0.61627164  0.        ],
[ 0.55510996  0.83177697  0.        ],
[ 0.21177456  0.97731854  0.        ],
[ 0.56065741  0.82804787  0.        ],
[ 0.29658461  0.95500658  0.        ],
[ 0.97649029  0.21556139  0.        ],
[ 0.25492774  0.96696011  0.        ],
[ 0.7415109   0.67094082  0.        ],
[ 0.83354859 -0.55244615  0.        ],
[ 0.43485706  0.90049949  0.        ],
[ 0.26621826  0.96391277  0.        ],
[ 0.4806239   0.87692683  0.        ],
[ 0.79156445  0.61108568  0.        ],
[ 0.15790577  0.98745418  0.        ],
[ 0.37955334  0.92516985  0.        ],
[ 0.98728982 -0.15893019  0.        ],
[ 0.31554885  0.94890933  0.        ],
[ 0.89196935  0.45209587  0.        ],
[ 0.85412561  0.52006676  0.        ],
[ 0.99604039  0.08890191  0.        ],
[ 0.3696277   0.92917994  0.        ],
[ 0.36539183  0.93085381  0.        ],
[ 0.39954321  0.91671436  0.        ],
[ 0.35512729  0.93481795  0.        ],
[ 0.5392196  0.8421652  0.       ],
[ 0.50276327  0.86442414  0.        ],
[ 0.61903427  0.78536397  0.        ],
[ 0.44334397  0.89635156  0.        ],
[ 0.93709662 -0.34907008  0.        ],
[ 0.97975033 -0.20022311  0.        ],
[ 0.46718009  0.88416218  0.        ],
[ 0.98332091 -0.18187905  0.        ],
[ 0.5482206   0.83633377  0.        ],
[ 0.85650714  0.51613518  0.        ],
[ 0.56054472  0.82812416  0.        ],
[ 0.93928066 -0.34314989  0.        ],
[ 0.30143338  0.95348724  0.        ],
[ 0.17855132  0.9839306   0.        ],
[ 0.62622667  0.77964104  0.        ],
[ 0.84946196  0.52764986  0.        ],
[ 0.33417871  0.94250973  0.        ],
[ 0.36759768  0.92998492  0.        ],
[ 0.99917123 -0.04070454  0.        ],
[ 0.99994752  0.01024534  0.        ],
[ 0.41843223  0.90824802  0.        ],
[ 0.62502588  0.78060403  0.        ],
[ 0.79447071  0.60730246  0.        ],
[ 0.46187264  0.88694626  0.        ],
[ 0.74422588  0.66792802  0.        ],
[ 0.28043439  0.9598732   0.        ],
[ 0.47053252  0.88238265  0.        ],
[ 0.98084148 -0.19480759  0.        ],
[ 0.86669616  0.49883642  0.        ],
[ 0.63565143  0.7719762   0.        ],
[ 0.85938177 -0.51133451  0.        ],
[ 0.21750322  0.9760596   0.        ],
[ 0.33676302  0.94158944  0.        ],
[ 0.93393354 -0.3574467   0.        ],
[ 0.9331389  -0.35951607  0.        ],
[ 0.44856696  0.89374923  0.        ],
[ 0.78411568  0.6206147   0.        ],
[ 0.48047368  0.87700915  0.        ],
[ 0.34941544  0.9369679   0.        ],
[ 0.63949229  0.76879751  0.        ],
[ 0.66398206  0.7477485   0.        ],
[ 0.40108943  0.9160389   0.        ],
[ 0.83642451 -0.54808214  0.        ],
[ 0.9450189  -0.32701573  0.        ],
[ 0.39468041  0.91881846  0.        ],
[ 0.57592144  0.81750504  0.        ],
[ 0.91452729  0.4045242   0.        ],
[ 0.99941347  0.03424485  0.        ],
[ 0.79369092 -0.60832124  0.        ],
[ 0.8868917   0.46197738  0.        ],
[ 0.53022651  0.84785603  0.        ],
[ 0.71556618  0.69854494  0.        ],
[ 0.50891067  0.86081933  0.        ],
[ 0.2255151   0.97423967  0.        ],
[ 0.4430094   0.89651697  0.        ],
[ 0.90042007  0.43502148  0.        ],
[ 0.95568018 -0.29440686  0.        ],
[ 0.77790717  0.62837921  0.        ],
[ 0.91659622  0.39981418  0.        ],
[ 0.30316004  0.95293966  0.        ],
[ 0.48598943  0.87396468  0.        ],
[ 0.88406061  0.46737226  0.        ],
[ 0.88971813  0.4565103   0.        ],
[ 0.44726794  0.89440001  0.        ],
[ 0.53679011  0.84371582  0.        ],
[ 0.30543359  0.95221338  0.        ],
[ 0.99988425 -0.01521483  0.        ],
[ 0.54661597  0.83738341  0.        ],
[ 0.46802671  0.88371432  0.        ],
[ 0.90267189 -0.43032948  0.        ],
[ 0.80471772  0.59365763  0.        ],
[ 0.17658976  0.98428454  0.        ],
[ 0.99839599 -0.05661669  0.        ],
[ 0.15659302  0.98766322  0.        ],
[ 0.36321507  0.93170533  0.        ],
[ 0.34851487  0.93730325  0.        ],
[ 0.88836035 -0.45914692  0.        ],
[ 0.97204618  0.23478975  0.        ],
[ 0.53057767  0.84763632  0.        ],
[ 0.3977105   0.91751096  0.        ],
[ 0.42965667  0.90299233  0.        ],
[ 0.62589477  0.77990751  0.        ],
[ 0.67738759  0.7356263   0.        ],
[ 0.92311766  0.38451761  0.        ],
[ 0.97853221  0.20609397  0.        ],
[ 0.63923828  0.76900873  0.        ],
[ 0.3934649   0.91933964  0.        ],
[ 0.18214109  0.98327241  0.        ],
[ 0.98045498 -0.19674355  0.        ],
[ 0.96779703 -0.25173181  0.        ],
[ 0.96056058  0.27807081  0.        ],
[ 0.70688148  0.70733201  0.        ],
[ 0.74413782  0.66802612  0.        ],
[ 0.67145496  0.74104536  0.        ],
[ 0.66545667  0.74643648  0.        ],
[ 0.99977942 -0.02100242  0.        ],
[ 0.66255238  0.74901558  0.        ],
[ 0.35098286  0.93638188  0.        ],
[ 0.99890101  0.04686981  0.        ],
[ 0.23700809  0.97150768  0.        ],
[ 0.80737164  0.59004325  0.        ],
[ 0.20717063  0.97830482  0.        ],
[ 0.60033202  0.79975088  0.        ],
[ 0.94480092  0.32764496  0.        ],
[ 0.95376452 -0.30055488  0.        ],
[ 0.22911413  0.97339957  0.        ],
[ 0.93556706  0.35314908  0.        ],
[ 0.90000733 -0.43587476  0.        ],
[ 0.26354998  0.96464574  0.        ],
[ 0.33967907  0.9405414   0.        ],
[ 0.99958544  0.02879134  0.        ],
[ 0.45105153  0.89249791  0.        ],
[ 0.94771709 -0.31911178  0.        ],
[ 0.71057573  0.70362073  0.        ],
[ 0.58760542  0.80914762  0.        ],
[ 0.78774077  0.61600688  0.        ],
[ 0.22916222  0.97338825  0.        ],
[ 0.60847549  0.79357267  0.        ],
[ 0.64615586  0.76320548  0.        ],
[ 0.46426127  0.88569829  0.        ],
[ 0.99937246 -0.03542146  0.        ],
[ 0.26650958  0.96383227  0.        ],
[ 0.34042642  0.94027116  0.        ],
[ 0.43668553  0.89961422  0.        ],
[ 0.83869034 -0.54460859  0.        ],
[ 0.49811379  0.86711167  0.        ],
[ 0.27263292  0.96211813  0.        ],
[ 0.43488974  0.90048371  0.        ],
[ 0.42379386  0.90575867  0.        ],
[ 0.41954217  0.90773584  0.        ],
[ 0.32210815  0.94670288  0.        ],
[ 0.38334291  0.92360609  0.        ],
[ 0.83645396  0.5480372   0.        ],
[ 0.67163198  0.74088493  0.        ],
[ 0.57626858  0.81726037  0.        ],
[ 0.75120267  0.66007163  0.        ],
[ 0.37525587  0.92692126  0.        ],
[ 0.96538191  0.26084052  0.        ],
[ 0.35362157  0.93538857  0.        ],
[ 0.77701807 -0.62947829  0.        ],
[ 0.96495722 -0.26240725  0.        ],
[ 0.98243166 -0.1866227   0.        ],
[ 0.51598111  0.85659996  0.        ],
[ 0.33269237  0.94303541  0.        ],
[ 0.35545724  0.93469254  0.        ],
[ 0.40188648  0.9156895   0.        ],
[ 0.51955536  0.85443679  0.        ],
[ 0.96095108 -0.27671829  0.        ],
[ 0.23383787  0.9722756   0.        ],
[ 0.18772354  0.98222191  0.        ],
[ 0.99762506 -0.06887849  0.        ],
[ 0.9582181  -0.28603857  0.        ],
[ 0.99850179  0.05471913  0.        ],
[ 0.81800133 -0.57521633  0.        ],
[ 0.74057276  0.67197618  0.        ],
[ 0.4301314   0.90276629  0.        ],
[ 0.2190613  0.9757111  0.       ],
[ 0.75547407  0.65517855  0.        ],
[ 0.8171528   0.57642111  0.        ],
[ 0.17537868  0.98450105  0.        ],
[ 0.71640693  0.69768267  0.        ],
[ 0.99418436 -0.10769147  0.        ],
[ 0.92798792  0.37261027  0.        ],
[ 0.46184257  0.88696191  0.        ],
[ 0.22133617  0.97519757  0.        ],
[ 0.57040479  0.82136373  0.        ],
[ 0.29698184  0.95488313  0.        ],
[ 0.98863395  0.15034267  0.        ],
[ 0.29583152  0.95524013  0.        ],
[ 0.99966033  0.02606182  0.        ],
[ 0.34627574  0.93813278  0.        ],
[ 0.2388348   0.97106021  0.        ],
[ 0.43914974  0.89841388  0.        ],
[ 0.98736293 -0.15847539  0.        ],
[ 0.39269225  0.91966994  0.        ],
[ 0.24934581  0.96841451  0.        ],
[ 0.33816255  0.94108772  0.        ],
[ 0.21950315  0.97561179  0.        ],
[ 0.46616597  0.88469729  0.        ],
[ 0.67507263  0.73775128  0.        ],
[ 0.79841891  0.60210236  0.        ],
[ 0.1914165  0.9815089  0.       ],
[ 0.81036249  0.58592886  0.        ],
[ 0.8735002   0.48682379  0.        ],
[ 0.93690409 -0.3495865   0.        ],
[ 0.52640668  0.85023291  0.        ],
[ 0.9376317   0.34763025  0.        ],
[ 0.586734    0.80977973  0.        ],
[ 0.80092747  0.59876138  0.        ],
[ 0.38325316  0.92364334  0.        ],
[ 0.90835333  0.41820357  0.        ],
[ 0.91740773 -0.39794855  0.        ],
[ 0.59027615  0.80720138  0.        ],
[ 0.37966603  0.92512362  0.        ],
[ 0.92030392 -0.39120417  0.        ],
[ 0.88100389 -0.47310902  0.        ],
[ 0.20214761  0.97935506  0.        ],
[ 0.93875931  0.3445736   0.        ],
[ 0.56942846  0.82204089  0.        ],
[ 0.99486857  0.10117573  0.        ],
[ 0.32370899  0.94615669  0.        ],
[ 0.24725055  0.96895158  0.        ],
[ 0.40336142  0.91504074  0.        ],
[ 0.87277823 -0.48811696  0.        ],
[ 0.69292625  0.72100847  0.        ],
[ 0.76261781  0.64684935  0.        ],
[ 0.69346794  0.72048748  0.        ],
[ 0.41488271  0.9098749   0.        ],
[ 0.33372064  0.94267202  0.        ],
[ 0.19048262  0.98169057  0.        ],
[ 0.74128204  0.67119366  0.        ],
[ 0.79481162  0.60685623  0.        ],
[ 0.66977625  0.74256298  0.        ],
[ 0.95390631  0.30010456  0.        ],
[ 0.33553677  0.94202711  0.        ],
[ 0.19417162  0.98096758  0.        ],
[ 0.83526579 -0.5498464   0.        ],
[ 0.44400343  0.89602509  0.        ],
[ 0.60979183  0.79256162  0.        ],
[ 0.74876066  0.66284046  0.        ],
[ 0.87506951  0.48399727  0.        ],
[ 0.22611296  0.97410109  0.        ],
[ 0.9819389  -0.18919829  0.        ],
[ 0.96610858 -0.25813605  0.        ],
[ 0.70157797  0.7125927   0.        ],
[ 0.42161199  0.90677634  0.        ],
[ 0.62863494  0.77770053  0.        ],
[ 0.38026355  0.92487817  0.        ],
[ 0.25674696  0.96647866  0.        ],
[ 0.99561871 -0.09350601  0.        ],
[ 0.77797867  0.62829069  0.        ],
[ 0.99603645 -0.08894599  0.        ],
[  9.99999999e-01   3.94332904e-05   0.00000000e+00],
[ 0.43608201  0.89990693  0.        ],
[ 0.20613417  0.97852374  0.        ],
[ 0.22321256  0.9747698   0.        ],
[ 0.99380821  0.11110913  0.        ],
[ 0.32812306  0.94463499  0.        ],
[ 0.97914766 -0.20314986  0.        ],
[ 0.29003873  0.95701491  0.        ],
[ 0.45602375  0.8899676   0.        ],
[ 0.91421862 -0.40522133  0.        ],
[ 0.35260943  0.93577058  0.        ],
[ 0.86295086  0.50528785  0.        ],
[ 0.97370673 -0.22780518  0.        ],
[ 0.91335239 -0.40717     0.        ],
[ 0.41758383  0.9086384   0.        ],
[ 0.3823677   0.92401025  0.        ],
[ 0.82843243  0.56008902  0.        ],
[ 0.17378389  0.98478381  0.        ],
[ 0.99172241  0.12840037  0.        ],
[ 0.94958209  0.3135185   0.        ],
[ 0.35051499  0.93655712  0.        ],
[ 0.8851948   0.46522055  0.        ],
[ 0.34393071  0.93899503  0.        ],
[ 0.64101782  0.76752599  0.        ],
[ 0.81462686 -0.57998541  0.        ],
[ 0.87515679  0.48383943  0.        ],
[ 0.30555427  0.95217466  0.        ],
[ 0.55233755  0.83362055  0.        ],
[ 0.40861863  0.91270522  0.        ],
[ 0.34245836  0.93953301  0.        ],
[ 0.52167783  0.85314257  0.        ],
[ 0.89482259  0.44642193  0.        ],
[ 0.25589121  0.96670559  0.        ],
[ 0.3822886   0.92404298  0.        ],
[ 0.87913059  0.47658095  0.        ],
[ 0.15304907  0.98821859  0.        ],
[ 0.50762781  0.86157647  0.        ],
[ 0.95425045  0.29900849  0.        ],
[ 0.61406848  0.78925275  0.        ],
[ 0.86708981 -0.49815185  0.        ],
[ 0.35456341  0.93503197  0.        ],
[ 0.45272081  0.89165233  0.        ],
[ 0.59203801  0.80591004  0.        ],
[ 0.67517135  0.73766093  0.        ],
[ 0.68483536  0.72869783  0.        ],
[ 0.96993045  0.24338227  0.        ],
[ 0.456295    0.88982856  0.        ],
[ 0.7295203   0.68395916  0.        ],
[ 0.55519071  0.83172308  0.        ],
[ 0.28561035  0.95834583  0.        ],
[ 0.69927579  0.71485199  0.        ],
[ 0.83871892 -0.54456457  0.        ],
[ 0.9598384  -0.28055345  0.        ],
[ 0.26113365  0.96530265  0.        ],
[ 0.87652727  0.48135221  0.        ],
[ 0.71232452  0.70185025  0.        ],
[ 0.33346579  0.9427622   0.        ],
[ 0.41006791  0.91205499  0.        ],
[ 0.82949844  0.55850903  0.        ],
[ 0.43557101  0.90015437  0.        ],
[ 0.85535764  0.51803794  0.        ],
[ 0.82279525  0.56833791  0.        ],
[ 0.37830625  0.9256805   0.        ],
[ 0.53093006  0.84741564  0.        ],
[ 0.54045441  0.8413733   0.        ],
[ 0.29939837  0.9541282   0.        ],
[ 0.73240953  0.68086436  0.        ],
[ 0.41068061  0.91177927  0.        ],
[ 0.16803702  0.98578069  0.        ],
[ 0.48680464  0.87351087  0.        ],
[ 0.95637116  0.29215441  0.        ],
[ 0.39195236  0.91998552  0.        ],
[ 0.99834589  0.05749338  0.        ],
[ 0.97480176  0.22307291  0.        ],
[ 0.83189942 -0.55492644  0.        ],
[ 0.96412639 -0.2654436   0.        ],
[ 0.78255084 -0.62258668  0.        ],
[ 0.26201858  0.96506283  0.        ],
[ 0.90487903  0.42566881  0.        ],
[ 0.67383409  0.73888268  0.        ],
[ 0.4976046   0.86740398  0.        ],
[ 0.20713737  0.97831187  0.        ],
[ 0.77503109  0.6319231   0.        ],
[ 0.99989795  0.01428594  0.        ],
[ 0.95690365 -0.29040558  0.        ],
[ 0.64909469  0.76070762  0.        ],
[ 0.74718706  0.66461379  0.        ],
[ 0.94380952 -0.33048992  0.        ],
[ 0.33816448  0.94108702  0.        ],
[ 0.71421278  0.69992864  0.        ],
[ 0.70528376  0.70892512  0.        ],
[ 0.98003394 -0.19883029  0.        ],
[ 0.45015714  0.89294936  0.        ],
[ 0.44762896  0.89421939  0.        ],
[ 0.93574374  0.35268066  0.        ],
[ 0.93197387  0.36252546  0.        ],
[ 0.93440759  0.35620563  0.        ],
[ 0.89432492 -0.44741808  0.        ],
[ 0.88856112  0.45875826  0.        ],
[ 0.98232566 -0.18717988  0.        ],
[ 0.99996518 -0.00834543  0.        ],
[ 0.33779264  0.94122056  0.        ],
[ 0.37697931  0.92622168  0.        ],
[ 0.99129359 -0.13167013  0.        ],
[ 0.87091469  0.49143423  0.        ],
[ 0.36984296  0.92909428  0.        ],
[ 0.28754025  0.95776855  0.        ],
[ 0.87767529  0.47925576  0.        ],
[ 0.35308379  0.93559171  0.        ],
[ 0.96035308  0.27878657  0.        ],
[ 0.90025466  0.43536369  0.        ],
[ 0.23485328  0.97203083  0.        ],
[ 0.90123448  0.43333175  0.        ],
[ 0.6249297   0.78068103  0.        ],
[ 0.80982412 -0.58667273  0.        ],
[ 0.66985345  0.74249334  0.        ],
[ 0.93298967  0.35990314  0.        ],
[ 0.97728493 -0.21192962  0.        ],
[ 0.38243436  0.92398266  0.        ],
[ 0.989454   -0.14484747  0.        ],
[ 0.35628003  0.93437923  0.        ],
[ 0.91535313  0.40265202  0.        ],
[ 0.99393096  0.11000567  0.        ],
[ 0.77885118 -0.62720877  0.        ],
[ 0.91195142 -0.41029819  0.        ],
[ 0.26647788  0.96384104  0.        ],
[ 0.66075934  0.75059783  0.        ],
[ 0.52726099  0.84970339  0.        ],
[ 0.75536701  0.65530197  0.        ],
[ 0.34626159  0.938138    0.        ],
[ 0.35502842  0.93485551  0.        ],
[ 0.67862247  0.73448726  0.        ],
[ 0.36980556  0.92910917  0.        ],
[ 0.97206805  0.23469917  0.        ],
[ 0.94189524  0.33590677  0.        ],
[ 0.86286106  0.50544118  0.        ],
[ 0.84220574  0.53915628  0.        ],
[ 0.37930425  0.92527201  0.        ],
[ 0.28121226  0.95964559  0.        ],
[ 0.40172417  0.91576072  0.        ],
[ 0.98644359  0.16410072  0.        ],
[ 0.78161812  0.62375726  0.        ],
[ 0.99659244 -0.08248344  0.        ],
[ 0.2758474   0.96120144  0.        ],
[ 0.42172281  0.9067248   0.        ],
[ 0.91442356 -0.40475864  0.        ],
[ 0.46164053  0.88706709  0.        ],
[ 0.80966136 -0.58689733  0.        ],
[ 0.33817746  0.94108236  0.        ],
[ 0.60799193  0.7939432   0.        ],
[ 0.99166859  0.12881541  0.        ],
[ 0.99999668 -0.0025786   0.        ],
[ 0.94575853 -0.32487043  0.        ],
[ 0.88135302 -0.47245831  0.        ],
[ 0.42088166  0.90711555  0.        ],
[ 0.71647192  0.69761593  0.        ],
[ 0.23738139  0.97141653  0.        ],
[ 0.70177555  0.71239811  0.        ],
[ 0.32461138  0.94584748  0.        ],
[ 0.78016371 -0.62557541  0.        ],
[ 0.5629743  0.8264744  0.       ],
[ 0.41388917  0.91032728  0.        ],
[ 0.25787432  0.96617847  0.        ],
[ 0.90532142  0.42472712  0.        ],
[ 0.75264215  0.65842979  0.        ],
[ 0.54340998  0.83946745  0.        ],
[ 0.52647744  0.8501891   0.        ],
[ 0.40512515  0.91426124  0.        ],
[ 0.87867586 -0.47741882  0.        ],
[ 0.99007291  0.14055476  0.        ],
[ 0.99867893  0.05138477  0.        ],
[ 0.84785982  0.53022044  0.        ],
[ 0.437454    0.89924079  0.        ],
[ 0.63240943  0.77463431  0.        ],
[ 0.26847399  0.96328693  0.        ],
[ 0.76917839 -0.63903412  0.        ],
[ 0.31240171  0.94995009  0.        ],
[ 0.61877557  0.78556782  0.        ],
[ 0.99196574  0.1265068   0.        ],
[ 0.39691633  0.9178548   0.        ],
[ 0.52282453  0.85244033  0.        ],
[ 0.9865322   0.16356715  0.        ],
[ 0.96714549 -0.25422352  0.        ],
[ 0.97896358 -0.20403505  0.        ],
[ 0.19123271  0.98154473  0.        ],
[ 0.33649534  0.94168513  0.        ],
[ 0.42048003  0.90730179  0.        ],
[ 0.95123675  0.30846174  0.        ],
[ 0.81456685  0.58006969  0.        ],
[ 0.85048232 -0.52600364  0.        ],
[ 0.58158013  0.81348912  0.        ],
[ 0.3013948   0.95349944  0.        ],
[ 0.36842686  0.92965674  0.        ],
[ 0.64728438  0.7622486   0.        ],
[ 0.38931556  0.92110444  0.        ],
