[-0.74781267 -0.6639098   0.        ],
[-0.85337404 -0.5212991   0.        ],
[-0.26699065  0.96369912  0.        ],
[-0.8426021  -0.53853663  0.        ],
[-0.65442137 -0.75613006  0.        ],
[-0.5149714   0.85720736  0.        ],
[-0.93005034  0.36743213  0.        ],
[-0.6802893 -0.7329437  0.       ],
[-0.64905047  0.76074535  0.        ],
[-0.11607122  0.99324089  0.        ],
[-0.4705172   0.88239082  0.        ],
[-0.99994224 -0.01074744  0.        ],
[-0.97379758 -0.2274165   0.        ],
[-0.42026674  0.90740061  0.        ],
[-0.86282015  0.50551102  0.        ],
[-0.957355   -0.28891418  0.        ],
[-0.99101369  0.13376047  0.        ],
[-0.84563312  0.53376459  0.        ],
[-0.74796467 -0.66373854  0.        ],
[-0.83982733 -0.54285363  0.        ],
[-0.75623261  0.65430287  0.        ],
[-0.5962894   0.80276955  0.        ],
[-0.95339014  0.30174036  0.        ],
[-0.86853207  0.49563297  0.        ],
[-0.8442763  -0.53590813  0.        ],
[-0.8297444  -0.55814356  0.        ],
[-0.97640109  0.21596508  0.        ],
[-0.71432045  0.69981876  0.        ],
[-0.54477869 -0.83857986  0.        ],
[-0.5610131  -0.82780692  0.        ],
[-0.8602107   0.50993877  0.        ],
[-0.58011815  0.81453234  0.        ],
[-0.98328639 -0.1820656   0.        ],
[-0.26184923  0.96510879  0.        ],
[-0.18773866  0.98221902  0.        ],
[-0.68259389  0.73079791  0.        ],
[-0.69553399  0.71849319  0.        ],
[-0.92443807 -0.38133222  0.        ],
[-0.82232423  0.56901921  0.        ],
[-0.36009655  0.93291504  0.        ],
[-0.99996928 -0.00783818  0.        ],
[-0.9914841  -0.13022781  0.        ],
[-0.16616577  0.98609783  0.        ],
[-0.61799699  0.78618046  0.        ],
[-0.83377573  0.55210328  0.        ],
[-0.91716143  0.39851588  0.        ],
[-0.90707456  0.42097001  0.        ],
[-0.08429768  0.99644062  0.        ],
[-0.86139197  0.50794082  0.        ],
[-0.9988945  -0.04700835  0.        ],
[-0.68496147 -0.72857929  0.        ],
[-0.89850014 -0.43897322  0.        ],
[-0.23796792  0.97127301  0.        ],
[-0.6228729   0.78232304  0.        ],
[-0.80734611 -0.59007817  0.        ],
[-0.70706696 -0.7071466   0.        ],
[-0.99508166  0.09905803  0.        ],
[-0.60643074 -0.79513632  0.        ],
[-0.8511471  -0.52492725  0.        ],
[-0.73876105  0.67396745  0.        ],
[-0.58168557 -0.81341373  0.        ],
[-0.71194499  0.70223524  0.        ],
[-0.6398366  -0.76851098  0.        ],
[-0.79925671  0.60098977  0.        ],
[-0.42043783  0.90732135  0.        ],
[-0.9565396  -0.29160245  0.        ],
[ -9.99999999e-01   4.76131602e-05   0.00000000e+00],
[-0.99731211 -0.07327049  0.        ],
[-0.29173981  0.95649772  0.        ],
[-0.98338284  0.18154393  0.        ],
[-0.68374124  0.72972455  0.        ],
[-0.79711205 -0.60383142  0.        ],
[-0.46843824  0.88349625  0.        ],
[-0.84789687 -0.5301612   0.        ],
[-0.66524828 -0.74662221  0.        ],
[-0.4597311   0.88805817  0.        ],
[-0.84259302 -0.53855083  0.        ],
[-0.47109997  0.88207983  0.        ],
[-0.75941374  0.650608    0.        ],
[-0.44903499  0.89351417  0.        ],
[-0.54325897 -0.83956518  0.        ],
[-0.98240321  0.18677239  0.        ],
[-0.87724991  0.48003395  0.        ],
[-0.15085313  0.98855619  0.        ],
[-0.64564102 -0.76364106  0.        ],
[-0.57402394  0.81883852  0.        ],
[-0.24986401  0.96828094  0.        ],
[-0.96165918 -0.27424737  0.        ],
[-0.01734935  0.99984949  0.        ],
[-0.70032171  0.71382736  0.        ],
[-0.43789188  0.89902764  0.        ],
[-0.96060036  0.27793336  0.        ],
[-0.60281873  0.79787817  0.        ],
[-0.87567681 -0.48289763  0.        ],
[-0.99176675  0.12805747  0.        ],
[-0.63730589 -0.77061093  0.        ],
[-0.71651935 -0.69756722  0.        ],
[-0.37098829  0.92863755  0.        ],
[-0.00771204  0.99997026  0.        ],
[-0.85557987 -0.51767083  0.        ],
[-0.88716801  0.46144656  0.        ],
[-0.85244352  0.52281932  0.        ],
[-0.69845022 -0.71565864  0.        ],
[-0.81448629  0.5801828   0.        ],
[-0.99274618  0.12022906  0.        ],
[-0.99056378  0.13705257  0.        ],
[-0.65805091  0.75297344  0.        ],
[-0.8664631  -0.49924113  0.        ],
[-0.80700814  0.59054032  0.        ],
[-0.99286302  0.11926034  0.        ],
[-0.03501215  0.99938689  0.        ],
[-0.9999314   0.01171299  0.        ],
[-0.99833943 -0.05760547  0.        ],
[-0.08835814  0.99608877  0.        ],
[-0.67805602 -0.73501022  0.        ],
[-0.94308454 -0.33255308  0.        ],
[-0.66498983 -0.74685241  0.        ],
[-0.07239226  0.99737624  0.        ],
[-0.81309142  0.58213601  0.        ],
[-0.44989531  0.8930813   0.        ],
[-0.37480995  0.92710167  0.        ],
[-0.69954478 -0.71458876  0.        ],
[-0.77908438 -0.62691908  0.        ],
[-0.74188707 -0.67052486  0.        ],
[-0.54653963 -0.83743324  0.        ],
[-0.66613629  0.74583004  0.        ],
[-0.18543503  0.98265653  0.        ],
[-0.50791817  0.86140532  0.        ],
[-0.99354065 -0.11347681  0.        ],
[-0.66052989 -0.75079975  0.        ],
[-0.84440705  0.53570209  0.        ],
[-0.65394096  0.75654559  0.        ],
[-0.98953513  0.14429217  0.        ],
[-0.37013355  0.92897855  0.        ],
[-0.71441661  0.69972059  0.        ],
[-0.63140023 -0.77545712  0.        ],
[-0.84188791  0.53965242  0.        ],
[-0.47375399  0.88065723  0.        ],
[-0.73394542 -0.67920845  0.        ],
[-0.99907433  0.04301713  0.        ],
[-0.99338634 -0.11481974  0.        ],
[-0.9770055  0.2132141  0.       ],
[-0.78028221  0.62542759  0.        ],
[-0.84075016 -0.54142328  0.        ],
[-0.9846449  -0.17456923  0.        ],
[-0.26306121  0.96477915  0.        ],
[-0.99916397  0.04088227  0.        ],
[-0.58292788 -0.8125239   0.        ],
[-0.76528938  0.64368638  0.        ],
[-0.60525965 -0.79602811  0.        ],
[-0.38995136  0.92083546  0.        ],
[-0.67806674  0.73500034  0.        ],
[-0.92389327 -0.38265028  0.        ],
[-0.99980233  0.01988199  0.        ],
[-0.10981208  0.99395237  0.        ],
[-0.97916841  0.20304982  0.        ],
[-0.71397591 -0.70017027  0.        ],
[-0.01166786  0.99993193  0.        ],
[-0.56357283 -0.82606638  0.        ],
[-0.55239784 -0.83358061  0.        ],
[-0.95522426  0.29588276  0.        ],
[-0.5408534  -0.84111688  0.        ],
[-0.93838788  0.34558383  0.        ],
[-0.74124629  0.67123315  0.        ],
[-0.34191982  0.93972913  0.        ],
[-0.81026377 -0.58606538  0.        ],
[-0.5421679  -0.84027018  0.        ],
[-0.86217844 -0.50660472  0.        ],
[-0.09630236  0.99535213  0.        ],
[-0.99142777  0.13065596  0.        ],
[-0.90714334  0.42082177  0.        ],
[-0.34680903  0.93793576  0.        ],
[-0.99782046 -0.06598739  0.        ],
[-0.68107898  0.73220996  0.        ],
[-0.16534798  0.98623529  0.        ],
[-0.99144302 -0.13054021  0.        ],
[-0.99939594 -0.03475276  0.        ],
[-0.99406645 -0.10877449  0.        ],
[-0.81307057  0.58216514  0.        ],
[-0.66573554 -0.74618777  0.        ],
[-0.57032399 -0.82141984  0.        ],
[-0.84869288  0.528886    0.        ],
[-0.99679545 -0.07999264  0.        ],
[-0.95875027  0.28424976  0.        ],
[-0.67472385 -0.73807027  0.        ],
[-0.69568472 -0.71834725  0.        ],
[-0.86581514 -0.50036401  0.        ],
[-0.6663214  -0.74566466  0.        ],
[-0.40095957  0.91609575  0.        ],
[-0.8889443  -0.45801531  0.        ],
[-0.51813396  0.85529948  0.        ],
[-0.81010096 -0.5862904   0.        ],
[-0.67859202  0.7345154   0.        ],
[-0.83330531  0.55281304  0.        ],
[-0.70495358  0.70925345  0.        ],
[-0.19670554  0.98046261  0.        ],
[-0.71664219 -0.69744101  0.        ],
[-0.9224696  -0.38606973  0.        ],
[-0.80657741  0.59112848  0.        ],
[-0.03903236  0.99923795  0.        ],
[-0.58205309 -0.81315079  0.        ],
[-0.59682483 -0.80237156  0.        ],
[-0.93392508  0.35746881  0.        ],
[-0.49213373  0.87051961  0.        ],
[-0.89265544  0.45073968  0.        ],
[-0.31912729  0.94771186  0.        ],
[-0.84814548  0.52976339  0.        ],
[-0.97476234 -0.22324512  0.        ],
[-0.85018475 -0.52648447  0.        ],
[-0.20209865  0.97936517  0.        ],
[-0.10020482  0.99496683  0.        ],
[-0.43971135  0.89813915  0.        ],
[-0.55866225 -0.82939526  0.        ],
[-0.98358238 -0.18045971  0.        ],
[-0.38243414  0.92398275  0.        ],
[-0.64143661  0.76717604  0.        ],
[-0.80329684  0.59557886  0.        ],
[-0.04125073  0.99914883  0.        ],
[-0.35648171  0.9343023   0.        ],
[-0.98394857  0.17845225  0.        ],
[-0.62985403 -0.77671353  0.        ],
[-0.99783163 -0.06581826  0.        ],
[-0.9998556   0.01699327  0.        ],
[-0.5199129   0.85421928  0.        ],
[-0.99117843  0.13253419  0.        ],
[-0.22941964  0.97332761  0.        ],
[-0.99210668 -0.1253967   0.        ],
[-0.53440484 -0.84522865  0.        ],
[-0.99492193 -0.1006497   0.        ],
[-0.779866   0.6259465  0.       ],
[-0.98020955 -0.19796273  0.        ],
[-0.84594515 -0.53326991  0.        ],
[-0.63570096 -0.77193542  0.        ],
[-0.96732652  0.25353383  0.        ],
[-0.9981141 -0.0613861  0.       ],
[-0.59218243  0.80580393  0.        ],
[-0.737046   -0.67584258  0.        ],
[-0.7817762  -0.62355912  0.        ],
[-0.40704199  0.91340945  0.        ],
[-0.99848964  0.05494028  0.        ],
[-0.99818338 -0.06024897  0.        ],
[-0.85633878 -0.51641446  0.        ],
[-0.39737575  0.91765599  0.        ],
[-0.99944232 -0.03339229  0.        ],
[-0.75532629 -0.65534891  0.        ],
[-0.83254073 -0.55396383  0.        ],
[-0.77614939 -0.63054907  0.        ],
[-0.38248902  0.92396004  0.        ],
[-0.84603759 -0.53312325  0.        ],
[-0.82694384  0.56228452  0.        ],
[-0.66485991 -0.74696807  0.        ],
[-0.88256539  0.47018968  0.        ],
[-0.94716698 -0.32074088  0.        ],
[-0.07932879  0.99684851  0.        ],
[-0.01220522  0.99992551  0.        ],
[-0.73616883  0.67679794  0.        ],
[-0.60567102 -0.79571516  0.        ],
[-0.6459336 -0.7633936  0.       ],
[-0.97277229  0.23176296  0.        ],
[-0.48045298  0.87702049  0.        ],
[-0.38902744  0.92122617  0.        ],
[-0.05957162  0.99822403  0.        ],
[-0.72417173  0.68961968  0.        ],
[-0.75473849  0.65602577  0.        ],
[-0.74204213  0.67035325  0.        ],
[-0.97460918  0.2239128   0.        ],
[-0.69296118  0.7209749   0.        ],
[-0.70123429  0.7129309   0.        ],
[-0.56358452 -0.82605841  0.        ],
[-0.38507075  0.92288706  0.        ],
[-0.60037339  0.79971982  0.        ],
[-0.54036983 -0.84142762  0.        ],
[-0.84066892  0.54154941  0.        ],
[-0.24377826  0.969831    0.        ],
[-0.92563948 -0.3784066   0.        ],
[-0.99926496  0.03833451  0.        ],
[-0.41743582  0.90870641  0.        ],
[-0.41963488  0.90769299  0.        ],
[-0.8490112  -0.52837484  0.        ],
[-0.57456521 -0.8184588   0.        ],
[-0.0908009   0.99586907  0.        ],
[-0.84275421 -0.53829857  0.        ],
[-0.74809078 -0.66359641  0.        ],
[-0.6289534  0.777443   0.       ],
[-0.57444079  0.81854614  0.        ],
[-0.99716307 -0.07527159  0.        ],
[-0.69080026  0.72304564  0.        ],
[-0.99993086 -0.01175891  0.        ],
[-0.54124821 -0.84086287  0.        ],
[-0.59753052 -0.80184617  0.        ],
[-0.82168001  0.56994909  0.        ],
[-0.98737513 -0.15839936  0.        ],
[-0.65150623  0.75864329  0.        ],
[-0.84654787 -0.5323126   0.        ],
[-0.87996087  0.47504618  0.        ],
[-0.85088489 -0.52535217  0.        ],
[-0.75150345  0.65972916  0.        ],
[-0.76216588  0.64738178  0.        ],
[-0.88940314  0.45712368  0.        ],
[-0.59663602 -0.80251197  0.        ],
[-0.85042764 -0.52609203  0.        ],
[-0.75686688  0.65356906  0.        ],
[-0.91180473  0.41062409  0.        ],
[-0.76747539 -0.64107841  0.        ],
[-0.99304433 -0.11774103  0.        ],
[-0.95021411  0.31159774  0.        ],
[-0.94938318 -0.31412032  0.        ],
[-0.54833997 -0.83625551  0.        ],
[-0.9577406  -0.28763334  0.        ],
[-0.99150308 -0.13008318  0.        ],
[-0.31012353  0.95069627  0.        ],
[-0.98882367 -0.14908972  0.        ],
[-0.77097319 -0.6368676   0.        ],
[-0.99381754 -0.11102566  0.        ],
[-0.03807627  0.99927484  0.        ],
[-0.16704559  0.98594917  0.        ],
[-0.54218161 -0.84026133  0.        ],
[-0.14129438  0.98996762  0.        ],
[-0.5378834   0.84301925  0.        ],
[-0.98929619  0.14592135  0.        ],
[-0.96929277  0.24590958  0.        ],
[-0.10428369  0.99454759  0.        ],
[-0.98162403 -0.19082522  0.        ],
[-0.77936642  0.62656841  0.        ],
[-0.2710232   0.96257282  0.        ],
[-0.37992291  0.92501815  0.        ],
[-0.97690545  0.21367202  0.        ],
[-0.24373789  0.96984114  0.        ],
[-0.99992597  0.01216812  0.        ],
[-0.88625102  0.46320528  0.        ],
[-0.90342825 -0.42873931  0.        ],
[-0.73495503 -0.67811585  0.        ],
[-0.69547815 -0.71854724  0.        ],
[-0.99405151  0.10891091  0.        ],
[-0.492034    0.87057598  0.        ],
[-0.72250477  0.69136593  0.        ],
[-0.97327706 -0.22963398  0.        ],
[-0.74392755  0.66826028  0.        ],
[-0.8194855  -0.57309992  0.        ],
[-0.62940244  0.77707951  0.        ],
[-0.99998767 -0.00496517  0.        ],
[-0.98017068  0.19815511  0.        ],
[-0.88947327  0.45698719  0.        ],
[-0.65969018  0.75153767  0.        ],
[-0.45508904  0.89044594  0.        ],
[-0.68057147 -0.7326817   0.        ],
[-0.55251271 -0.83350447  0.        ],
[-0.99941212  0.03428437  0.        ],
[-0.7281923   0.68537287  0.        ],
[-0.9281135  -0.37229738  0.        ],
[-0.64981899 -0.76008899  0.        ],
[-0.85648809  0.51616678  0.        ],
[-0.82377126 -0.56692231  0.        ],
[-0.81319224 -0.58199517  0.        ],
[-0.59031538  0.80717269  0.        ],
[-0.7811865  -0.62429773  0.        ],
[-0.88858205  0.45871772  0.        ],
[-0.78374923  0.62107741  0.        ],
[-0.81778689 -0.57552115  0.        ],
[-0.88390811  0.46766061  0.        ],
[-0.92300163 -0.38479604  0.        ],
[-0.58167634  0.81342033  0.        ],
[-0.61625535 -0.7875464   0.        ],
[-0.8921012   0.45183564  0.        ],
[-0.58085767 -0.81400514  0.        ],
[-0.73003261  0.68341232  0.        ],
[-0.85297095 -0.52195839  0.        ],
[-0.71986269 -0.69411649  0.        ],
[-0.5327074   0.84629949  0.        ],
[-0.57549933  0.81780225  0.        ],
[-0.56226225 -0.82695899  0.        ],
[-0.94224849  0.33491459  0.        ],
[-0.8921603   0.45171894  0.        ],
[-0.79218907 -0.61027574  0.        ],
[-0.58219647 -0.81304814  0.        ],
[-0.68069788 -0.73256426  0.        ],
[-0.9828933  -0.18417589  0.        ],
[-0.09163388  0.99579277  0.        ],
[-0.76109417 -0.6486414   0.        ],
[-0.47148994  0.88187144  0.        ],
[-0.16685104  0.98598211  0.        ],
[-0.96229742  0.27199942  0.        ],
[-0.31694959  0.94844238  0.        ],
[-0.69682477 -0.71724141  0.        ],
[-0.28946801  0.95718769  0.        ],
[-0.30488574  0.95238894  0.        ],
[-0.94364986  0.33094552  0.        ],
[-0.14456379  0.98949548  0.        ],
[-0.21478674  0.97666097  0.        ],
[-0.72088838 -0.69305118  0.        ],
[-0.76986674  0.63820467  0.        ],
[-0.68861783  0.72512446  0.        ],
[-0.94564588 -0.32519819  0.        ],
[-0.93502042 -0.35459387  0.        ],
[-0.73087387  0.68251255  0.        ],
[-0.99176008 -0.12810914  0.        ],
[-0.55219032 -0.83371809  0.        ],
[-0.02904414  0.99957813  0.        ],
[-0.6207343  0.784021   0.       ],
[-0.77441948  0.63267249  0.        ],
[-0.99981081 -0.01945132  0.        ],
[-0.07230699  0.99738242  0.        ],
[-0.86619688 -0.49970287  0.        ],
[-0.68172033 -0.73161287  0.        ],
[-0.85693586 -0.51542306  0.        ],
[-0.62516223 -0.78049483  0.        ],
[-0.99768301 -0.06803391  0.        ],
[-0.81736967 -0.57611355  0.        ],
[-0.50118745  0.86533875  0.        ],
[-0.85005161 -0.5266994   0.        ],
[-0.5477893   0.83661633  0.        ],
[-0.78506166 -0.61941763  0.        ],
[-0.74117783 -0.67130874  0.        ],
[-0.997363   0.0725744  0.       ],
[-0.91823436  0.39603745  0.        ],
[-0.96396229  0.2660389   0.        ],
[-0.99647202  0.0839257   0.        ],
[-0.98462528  0.17467989  0.        ],
[-0.63195543 -0.77500473  0.        ],
[-0.84712455  0.53139439  0.        ],
[-0.60664237 -0.79497486  0.        ],
[-0.85894201 -0.51207287  0.        ],
[-0.39407531  0.91907815  0.        ],
[-0.75083327 -0.66049178  0.        ],
[-0.91841708 -0.39561354  0.        ],
[-0.54903932 -0.83579652  0.        ],
[-0.64225157 -0.76649392  0.        ],
[-0.83125533 -0.5558908   0.        ],
[-0.03374088  0.99943061  0.        ],
[-0.71777103  0.69627922  0.        ],
[-0.17986715  0.98369091  0.        ],
[-0.70103538 -0.71312649  0.        ],
[-0.83079541 -0.55657792  0.        ],
[-0.79509699 -0.60648229  0.        ],
[-0.90487369  0.42568017  0.        ],
[-0.55994227 -0.82853163  0.        ],
[-0.38573779  0.92260845  0.        ],
[-0.69123102  0.72263385  0.        ],
[-0.42937099  0.90312821  0.        ],
[-0.98277773 -0.18479158  0.        ],
[-0.5445637  -0.83871949  0.        ],
[-0.99981006 -0.01948952  0.        ],
[-0.75566997 -0.65495259  0.        ],
[-0.97228773 -0.23378746  0.        ],
[-0.00622475  0.99998063  0.        ],
[-0.41588177  0.90941869  0.        ],
[-0.99113148 -0.13288484  0.        ],
[-0.35497451  0.93487598  0.        ],
[-0.82131378  0.57047671  0.        ],
[-0.61940883  0.7850686   0.        ],
[-0.5385057  -0.84262187  0.        ],
[-0.00619315  0.99998082  0.        ],
[-0.56307462 -0.82640606  0.        ],
[-0.57420445  0.81871195  0.        ],
[-0.54380915  0.83920892  0.        ],
[-0.55838466 -0.82958216  0.        ],
[-0.83262108  0.55384306  0.        ],
[-0.72106393  0.69286853  0.        ],
[-0.80996031 -0.5864847   0.        ],
[-0.99869214  0.0511274   0.        ],
[-0.93044444  0.36643301  0.        ],
[-0.61104322  0.79159723  0.        ],
[-0.23106603  0.97293807  0.        ],
[-0.64513052  0.76407239  0.        ],
[-0.73094652 -0.68243475  0.        ],
[-0.47868295  0.87798783  0.        ],
[-0.51359822  0.85803081  0.        ],
[-0.86485149 -0.50202779  0.        ],
[-0.2738023   0.96178599  0.        ],
[-0.97856274  0.20594894  0.        ],
[-0.15179727  0.98841165  0.        ],
[-0.99944225 -0.03339458  0.        ],
[-0.02925344  0.99957203  0.        ],
[-0.08088707  0.99672327  0.        ],
[-0.84572093 -0.53362544  0.        ],
[-0.81499362 -0.57946993  0.        ],
[-0.71032132 -0.70387756  0.        ],
[-0.99967318  0.02556443  0.        ],
[-0.33125533  0.94354115  0.        ],
[-0.89659654  0.44284833  0.        ],
[-0.99172017 -0.12841773  0.        ],
[-0.57116017 -0.82083863  0.        ],
[-0.42371851  0.90579392  0.        ],
[-0.70822044 -0.70599136  0.        ],
[-0.36951531  0.92922464  0.        ],
[-0.86295279 -0.50528455  0.        ],
[-0.58216069 -0.81307375  0.        ],
[-0.17650549  0.98429966  0.        ],
[-0.44556791  0.89524814  0.        ],
[-0.56683884 -0.8238287   0.        ],
[-0.56689227 -0.82379194  0.        ],
[-0.49309107  0.8699777   0.        ],
[-0.88276402  0.46981664  0.        ],
[-0.55461441 -0.83210748  0.        ],
[-0.99640698 -0.08469435  0.        ],
[-0.85044823  0.52605875  0.        ],
[-0.82072922 -0.57131738  0.        ],
[-0.19864957  0.98007058  0.        ],
[-0.90555114 -0.42423712  0.        ],
[-0.59303466 -0.80517693  0.        ],
[-0.94797607  0.31834161  0.        ],
[-0.68636276 -0.72725935  0.        ],
[-0.87913638  0.47657028  0.        ],
[-0.6258943   0.77990789  0.        ],
[-0.99599559 -0.0894024   0.        ],
[-0.5848144  -0.81116714  0.        ],
[-0.49578276  0.86844658  0.        ],
[-0.43778379  0.89908028  0.        ],
[-0.39260483  0.91970726  0.        ],
[-0.52917537  0.84851248  0.        ],
[-0.25654567  0.96653211  0.        ],
[-0.89192341 -0.4521865   0.        ],
[-0.92864857  0.37096069  0.        ],
[-0.79600654 -0.60528802  0.        ],
[-0.61021317 -0.79223727  0.        ],
[-0.77504682 -0.63190381  0.        ],
[-0.86837256  0.49591239  0.        ],
[-0.83754091  0.54637462  0.        ],
[-0.42509213  0.90515009  0.        ],
[-0.60633117 -0.79521225  0.        ],
[-0.95477856  0.29731784  0.        ],
[-0.67693494  0.73604286  0.        ],
[-0.67525953  0.73758021  0.        ],
[-0.32924615  0.94424413  0.        ],
[-0.99939242 -0.03485371  0.        ],
[-0.96453326  0.26396135  0.        ],
[-0.17306021  0.98491125  0.        ],
[-0.85043117 -0.52608632  0.        ],
[-0.7001255   0.71401981  0.        ],
[-0.58023368  0.81445005  0.        ],
[-0.81461662  0.5799998   0.        ],
[-0.72532636  0.68840517  0.        ],
[-0.29822382  0.95449597  0.        ],
[-0.9153106   0.40274868  0.        ],
[-0.79738246 -0.60347428  0.        ],
[-0.88505685 -0.46548294  0.        ],
[-0.74751701  0.66424266  0.        ],
[-0.99984883  0.01738754  0.        ],
[-0.15376475  0.98810749  0.        ],
[-0.74295538 -0.66934095  0.        ],
[-0.82428019 -0.5661821   0.        ],
[-0.59639635  0.8026901   0.        ],
[-0.81970313 -0.5727886   0.        ],
[-0.59985208  0.80011092  0.        ],
[-0.79961718  0.60051008  0.        ],
[-0.86752305 -0.49739699  0.        ],
[-0.73799548 -0.67480565  0.        ],
[-0.63209155 -0.77489371  0.        ],
[-0.96591077  0.25887522  0.        ],
[-0.87932396 -0.47622407  0.        ],
[-0.61886238 -0.78549943  0.        ],
[-0.97979268  0.20001574  0.        ],
[-0.04161436  0.99913375  0.        ],
[-0.83918986 -0.54383856  0.        ],
[-0.28239093  0.95929941  0.        ],
[-0.69253118 -0.72138794  0.        ],
[-0.86130034  0.50809617  0.        ],
[-0.83038296 -0.5571931   0.        ],
[-0.68714173  0.72652339  0.        ],
[-0.82768861 -0.56118764  0.        ],
[-0.96103511  0.27642632  0.        ],
[-0.7534634   0.65748985  0.        ],
[-0.41729073  0.90877304  0.        ],
[-0.14818271  0.98896     0.        ],
[-0.39056039  0.92057731  0.        ],
[-0.13289841  0.99112966  0.        ],
[-0.91845914  0.39551587  0.        ],
[-0.07787851  0.99696286  0.        ],
[-0.66288918 -0.74871752  0.        ],
[-0.55423496  0.83236026  0.        ],
[-0.72838461  0.68516849  0.        ],
[-0.68087419 -0.73240039  0.        ],
[-0.99841014  0.05636666  0.        ],
[-0.00786901  0.99996904  0.        ],
[-0.73974239 -0.67289018  0.        ],
[-0.8157561  -0.57839605  0.        ],
[-0.8225813  -0.56864752  0.        ],
[-0.65433718 -0.75620292  0.        ],
[-0.68797206  0.72573717  0.        ],
[-0.90490686 -0.42560964  0.        ],
[-0.78614793 -0.61803838  0.        ],
[-0.63384413 -0.7734608   0.        ],
[-0.95697062  0.29018483  0.        ],
[-0.17211214  0.98507736  0.        ],
[-0.63284255 -0.77428051  0.        ],
[-0.2019606   0.97939365  0.        ],
[-0.48136204  0.87652187  0.        ],
[-0.82685008  0.56242239  0.        ],
[-0.9324185   0.36138032  0.        ],
[-0.68807937 -0.72563544  0.        ],
[-0.5749818  0.8181662  0.       ],
[-0.89313455 -0.44978959  0.        ],
[-0.79865176  0.60179346  0.        ],
[-0.02762027  0.99961849  0.        ],
[-0.84600263 -0.53317872  0.        ],
[-0.99613279  0.0878605   0.        ],
[-0.48170408  0.87633394  0.        ],
[-0.90297898 -0.42968472  0.        ],
[-0.60786203 -0.79404267  0.        ],
[-0.86011706 -0.51009669  0.        ],
[-0.32442736  0.94591061  0.        ],
[-0.99871221 -0.05073381  0.        ],
[-0.80065104  0.59913096  0.        ],
[-0.49704329  0.86772575  0.        ],
[-0.95373008  0.30066415  0.        ],
[-0.94739054 -0.32007993  0.        ],
[-0.16575827  0.98616641  0.        ],
[-0.99684159 -0.07941566  0.        ],
[-0.78095369  0.62458893  0.        ],
[-0.59838529  0.80120849  0.        ],
[-0.63982805  0.7685181   0.        ],
[-0.61410137  0.78922715  0.        ],
[-0.99932492  0.03673838  0.        ],
[-0.94324764  0.3320902   0.        ],
[-0.51700282  0.8559837   0.        ],
[-0.83612021 -0.54854626  0.        ],
[-0.99942699 -0.0338482   0.        ],
[-0.27120154  0.96252258  0.        ],
[-0.99999143 -0.00413949  0.        ],
[-0.96665736  0.25607333  0.        ],
[-0.95739838 -0.28877038  0.        ],
[-0.91565046 -0.40197541  0.        ],
[-0.67965986  0.73352742  0.        ],
[-0.76822297 -0.64018237  0.        ],
[-0.79032209  0.6126916   0.        ],
[-0.17220883  0.98506046  0.        ],
[-0.90983282  0.41497498  0.        ],
[-0.81969771 -0.57279635  0.        ],
[-0.84622884  0.53281963  0.        ],
[-0.56572039 -0.82459714  0.        ],
[-0.11183781  0.99372647  0.        ],
[-0.83298561  0.55329465  0.        ],
[-0.26625145  0.96390361  0.        ],
[-0.7437215  -0.66848958  0.        ],
[-0.61059278  0.79194473  0.        ],
[-0.93276441  0.36048656  0.        ],
[-0.70516519  0.70904305  0.        ],
[-0.91556504  0.40216994  0.        ],
[-0.79327344  0.60886555  0.        ],
[-0.68275809  0.7306445   0.        ],
[-0.93493615  0.354816    0.        ],
[-0.04373663  0.9990431   0.        ],
[-0.85503815 -0.5185651   0.        ],
[-0.77589008 -0.63086812  0.        ],
[-0.97568979 -0.21915617  0.        ],
[-0.86119435  0.5082758   0.        ],
[-0.74453098 -0.66758791  0.        ],
[-0.82440316 -0.56600303  0.        ],
[-0.8736352   0.48658148  0.        ],
[-0.28649332  0.95808224  0.        ],
[-0.61435306 -0.78903125  0.        ],
[-0.68163244  0.73169476  0.        ],
[-0.82337848 -0.56749263  0.        ],
[-0.23022453  0.97313754  0.        ],
[-0.56184144 -0.82724495  0.        ],
[-0.26090855  0.96536352  0.        ],
[-0.39929698  0.91682164  0.        ],
[-0.70577514  0.70843592  0.        ],
[-0.49200629  0.87059164  0.        ],
[-0.66138397 -0.7500475   0.        ],
[-0.00588731  0.99998267  0.        ],
[-0.2639367  0.96454    0.       ],
[-0.49328668  0.8698668   0.        ],
[-0.87013341  0.49281625  0.        ],
[-0.83864285  0.54468171  0.        ],
[-0.8286319   0.55979386  0.        ],
[-0.98231879 -0.18721589  0.        ],
[-0.9614002   0.27515388  0.        ],
[-0.99383959 -0.11082813  0.        ],
[-0.57713424 -0.81664929  0.        ],
[-0.25356848  0.96731744  0.        ],
[-0.7839521  -0.62082132  0.        ],
[-0.51685629  0.85607218  0.        ],
[-0.70382328 -0.7103751   0.        ],
[-0.81321743 -0.58195998  0.        ],
[-0.55153098 -0.83415441  0.        ],
[-0.97575908  0.21884746  0.        ],
[-0.99758262  0.06949041  0.        ],
[-0.94851668  0.31672718  0.        ],
[-0.64594671 -0.7633825   0.        ],
[-0.78343913 -0.62146853  0.        ],
[-0.04971836  0.99876328  0.        ],
[-0.81296009  0.5823194   0.        ],
[-0.94875795  0.31600373  0.        ],
[-0.9774732   0.21105959  0.        ],
[-0.61167313  0.7911106   0.        ],
[-0.97103447  0.23893943  0.        ],
[-0.57690679 -0.81680999  0.        ],
[-0.9897763  -0.14262845  0.        ],
[-0.87997872 -0.47501311  0.        ],
[-0.6313111   0.77552969  0.        ],
[-0.99998328  0.00578223  0.        ],
[-0.10999807  0.9939318   0.        ],
[-0.65580003 -0.75493464  0.        ],
[-0.17674521  0.98425664  0.        ],
[-0.85331248 -0.52139985  0.        ],
[-0.68952554 -0.72426137  0.        ],
[-0.74228402 -0.67008539  0.        ],
[-0.60200896 -0.79848933  0.        ],
[-0.69429253  0.71969291  0.        ],
[-0.68633836 -0.72728238  0.        ],
[-0.80258947 -0.59653176  0.        ],
[-0.57549993 -0.81780183  0.        ],
[-0.86498572 -0.50179647  0.        ],
[-0.81869314  0.57423127  0.        ],
[-0.97318888 -0.23000742  0.        ],
[-0.98521364  0.17133033  0.        ],
[-0.99855755  0.05369187  0.        ],
[-0.73031919  0.68310605  0.        ],
[-0.86340292 -0.50451502  0.        ],
[-0.99709545 -0.07616214  0.        ],
[-0.68774238  0.72595484  0.        ],
[-0.4536589  0.8911754  0.       ],
[-0.62232494  0.78275901  0.        ],
[-0.76929774 -0.63889043  0.        ],
[-0.9691526   0.24646143  0.        ],
[-0.84187501 -0.53967256  0.        ],
[-0.94757437 -0.3195353   0.        ],
[-0.71056806 -0.70362847  0.        ],
[-0.99855419  0.0537544   0.        ],
[-0.77534934 -0.63153258  0.        ],
[-0.77315809 -0.63421334  0.        ],
[-0.61544591  0.78817912  0.        ],
[-0.64689285  0.76258091  0.        ],
[-0.82164395  0.57000107  0.        ],
[-0.99899129 -0.04490436  0.        ],
[-0.72932677  0.68416553  0.        ],
[-0.63287138  0.77425694  0.        ],
[-0.38422236  0.92324058  0.        ],
[-0.78449209 -0.62013882  0.        ],
[-0.78478058 -0.6197737   0.        ],
[-0.96421766 -0.26511186  0.        ],
[-0.88603489  0.46361856  0.        ],
[-0.80051336  0.59931491  0.        ],
[-0.70078772 -0.71336987  0.        ],
[-0.70815155 -0.70606047  0.        ],
[-0.77841895  0.62774512  0.        ],
[-0.65132281  0.75880076  0.        ],
[-0.79382301  0.60814886  0.        ],
[-0.86989272 -0.49324096  0.        ],
[-0.47770248  0.87852168  0.        ],
[-0.77290203 -0.63452537  0.        ],
[-0.4067347   0.91354632  0.        ],
[-0.11004056  0.9939271   0.        ],
[-0.67765874 -0.73537653  0.        ],
[-0.98794122  0.15482939  0.        ],
[-0.37297274  0.9278423   0.        ],
[-0.62977355 -0.77677878  0.        ],
[-0.98976997 -0.14267238  0.        ],
[-0.80741866 -0.5899789   0.        ],
[-0.1704939   0.98535873  0.        ],
[-0.90325565 -0.42910283  0.        ],
[-0.37897017  0.92540889  0.        ],
[-0.63490284  0.77259199  0.        ],
[-0.92262135 -0.38570694  0.        ],
[-0.65858475  0.75250656  0.        ],
[-0.98869345  0.14995087  0.        ],
[-0.04413147  0.99902573  0.        ],
[-0.6302791   0.77636863  0.        ],
[-0.75741894 -0.6529292   0.        ],
[-0.92541951 -0.37894423  0.        ],
[-0.5782445  -0.81586353  0.        ],
[-0.46818504  0.88363045  0.        ],
[-0.94470701 -0.32791563  0.        ],
[-0.97918794  0.20295561  0.        ],
[-0.58142667 -0.81359881  0.        ],
[-0.9860575  -0.16640495  0.        ],
[-0.8883131   0.45923832  0.        ],
[-0.81083622  0.58527312  0.        ],
[-0.83590385 -0.5488759   0.        ],
[-0.55841929 -0.82955885  0.        ],
[-0.64975724 -0.76014178  0.        ],
[-0.98503704  0.17234277  0.        ],
[-0.79449749  0.60726743  0.        ],
[-0.64936869  0.76047374  0.        ],
[-0.07153206  0.9974383   0.        ],
[-0.64688441  0.76258807  0.        ],
[-0.89947563 -0.43697094  0.        ],
[-0.54034804  0.84144162  0.        ],
[-0.15459352  0.98797816  0.        ],
[-0.55876444 -0.82932641  0.        ],
[-0.83446423 -0.55106211  0.        ],
[-0.58134626 -0.81365627  0.        ],
[-0.9993667 -0.0355838  0.       ],
[-0.86324703 -0.5047817   0.        ],
[-0.99410354 -0.10843504  0.        ],
[-0.65417224 -0.75634561  0.        ],
[-0.5457684  -0.83793607  0.        ],
[-0.83291982  0.55339369  0.        ],
[-0.69499219 -0.71901729  0.        ],
[-0.77714295  0.62932411  0.        ],
[-0.78072588  0.62487367  0.        ],
[-0.6444773   0.76462344  0.        ],
[-0.15684924  0.98762256  0.        ],
[-0.23888835  0.97104704  0.        ],
[-0.93631392  0.35116413  0.        ],
[-0.98640633  0.16432451  0.        ],
[-0.68228594  0.73108542  0.        ],
[-0.74062005 -0.67192406  0.        ],
[-0.33008067  0.94395273  0.        ],
[-0.97393004  0.22684856  0.        ],
[-0.19497877  0.98080746  0.        ],
[-0.99754763  0.06999083  0.        ],
[-0.8821686  -0.47093371  0.        ],
[-0.99862681 -0.05238789  0.        ],
[-0.9708321   0.23976037  0.        ],
[-0.86951436  0.49390766  0.        ],
[-0.95117381  0.30865578  0.        ],
[-0.04116178  0.99915249  0.        ],
[-0.97325496  0.22972762  0.        ],
[-0.5506361  0.8347454  0.       ],
[-0.9720062   0.23495519  0.        ],
[-0.86269587  0.50572308  0.        ],
[-0.64051684 -0.76794413  0.        ],
[-0.79609551  0.605171    0.        ],
[-0.68788604  0.72581871  0.        ],
[-0.73386727  0.6792929   0.        ],
[-0.98675555  0.16221431  0.        ],
[-0.7533198  -0.65765438  0.        ],
[-0.94053945  0.33968449  0.        ],
[-0.35771336  0.93383144  0.        ],
[-0.99490361  0.10083057  0.        ],
[-0.81879277 -0.57408919  0.        ],
[-0.99858879 -0.05310762  0.        ],
[-0.02090682  0.99978143  0.        ],
[-0.80720425  0.59027223  0.        ],
[-0.3558001   0.93456208  0.        ],
[-0.7155361  -0.69857576  0.        ],
[-0.985538    0.16945456  0.        ],
[-0.99890839  0.04671224  0.        ],
[-0.80621152  0.5916274   0.        ],
[-0.78518007 -0.61926752  0.        ],
[-0.99611773  0.08803101  0.        ],
[-0.03818381  0.99927073  0.        ],
[-0.98746485  0.15783903  0.        ],
[-0.99786267  0.06534596  0.        ],
[-0.58542512 -0.81072648  0.        ],
[-0.98785109  0.15540341  0.        ],
[-0.90719331 -0.42071403  0.        ],
[-0.53653366 -0.84387892  0.        ],
[-0.81877569 -0.57411355  0.        ],
[-0.57229456 -0.82004813  0.        ],
[-0.86335736 -0.50459298  0.        ],
[-0.98852843  0.15103488  0.        ],
[-0.82328312 -0.56763096  0.        ],
[-0.99484317 -0.10142518  0.        ],
[-0.56743636  0.82341726  0.        ],
[-0.83667861  0.54769417  0.        ],
[-0.56902032 -0.82232346  0.        ],
[-0.58650283  0.80994718  0.        ],
[-0.67345876 -0.73922479  0.        ],
[-0.38860989  0.92140238  0.        ],
[-0.55645515 -0.83087765  0.        ],
[-0.77840431 -0.62776327  0.        ],
[-0.846864    0.53180953  0.        ],
[-0.57418925  0.81872261  0.        ],
[-0.6215088   0.78340718  0.        ],
[-0.83507559  0.55013521  0.        ],
[-0.36133558  0.93243584  0.        ],
[-0.84674611 -0.53199721  0.        ],
[-0.88639787 -0.4629242   0.        ],
[-0.99961695 -0.02767586  0.        ],
[-0.9777761  -0.20965185  0.        ],
[-0.98019129  0.19805311  0.        ],
[-0.75495261  0.65577935  0.        ],
[-0.88101071  0.47309633  0.        ],
[-0.99945122  0.03312491  0.        ],
[-0.89488742 -0.44629195  0.        ],
[-0.99976952  0.02146865  0.        ],
[-0.68855186 -0.7251871   0.        ],
[-0.86883328 -0.49510477  0.        ],
[-0.57755168 -0.81635412  0.        ],
[-0.19389854  0.98102159  0.        ],
[-0.58756237 -0.80917888  0.        ],
[-0.92419824 -0.38191309  0.        ],
[-0.92267088  0.38558844  0.        ],
[-0.69726109  0.71681725  0.        ],
[-0.68985756 -0.72394513  0.        ],
[-0.54092402 -0.84107146  0.        ],
[-0.0208265  0.9997831  0.       ],
[-0.67271889 -0.73989817  0.        ],
[-0.20584398  0.97858482  0.        ],
[-0.97116333  0.23841517  0.        ],
[-0.86468744  0.5023103   0.        ],
[-0.60885797  0.79327925  0.        ],
[-0.73857753  0.67416855  0.        ],
[-0.57955561 -0.8149327   0.        ],
[-0.27395549  0.96174237  0.        ],
[-0.77077846 -0.63710326  0.        ],
[-0.99941587  0.0341747   0.        ],
[-0.96344759  0.26789687  0.        ],
[-0.67263736  0.73997228  0.        ],
[-0.99996669 -0.00816189  0.        ],
[-0.29429597  0.95571433  0.        ],
[-0.19024635  0.98173638  0.        ],
[-0.52200118  0.85294476  0.        ],
[-0.93828082  0.3458744   0.        ],
[-0.88090683  0.47328971  0.        ],
[-0.45007908  0.8929887   0.        ],
[-0.77281295 -0.63463386  0.        ],
[-0.6668763  -0.74516844  0.        ],
[-0.54139969  0.84076535  0.        ],
[-0.57522197 -0.81799736  0.        ],
[-0.63985681  0.76849415  0.        ],
[-0.70321377 -0.71097848  0.        ],
[-0.11992409  0.99278306  0.        ],
[-0.6981171  0.7159836  0.       ],
[-0.06790129  0.99769204  0.        ],
[-0.56421982 -0.82562461  0.        ],
[-0.97687905  0.21379272  0.        ],
[-0.9813011   0.19247898  0.        ],
[-0.6645879  0.7472101  0.       ],
[-0.63870888  0.76944848  0.        ],
[-0.84432098 -0.53583773  0.        ],
[-0.57973697 -0.81480368  0.        ],
[-0.75847331 -0.6517041   0.        ],
[-0.9945353   0.10440087  0.        ],
[-0.54121336 -0.84088531  0.        ],
[-0.22669398  0.97396604  0.        ],
[-0.99992253 -0.01244702  0.        ],
[-0.951084   -0.30893239  0.        ],
[-0.84119701  0.54072875  0.        ],
[-0.85908512 -0.51183274  0.        ],
[-0.88890162  0.45809815  0.        ],
[-0.58027212 -0.81442266  0.        ],
[-0.99971184  0.02400482  0.        ],
[-0.1458733   0.98930328  0.        ],
[-0.54696766 -0.83715374  0.        ],
[-0.69646385  0.71759188  0.        ],
[-0.8168325  -0.57687492  0.        ],
[-0.95785661  0.2872468   0.        ],
[-0.74826287  0.66340235  0.        ],
[-0.99929084 -0.03765382  0.        ],
[-0.05667616  0.99839261  0.        ],
[-0.7137281  -0.70042288  0.        ],
[-0.99999779  0.00210169  0.        ],
[-0.57104836 -0.82091642  0.        ],
[-0.78223318 -0.62298575  0.        ],
[-0.91383668 -0.40608192  0.        ],
[-0.73006572  0.68337694  0.        ],
[-0.57895072 -0.81536254  0.        ],
[-0.63655715  0.77122954  0.        ],
[-0.30404657  0.95265717  0.        ],
[-0.69717421 -0.71690175  0.        ],
[-0.95444614 -0.29838327  0.        ],
[-0.72306878 -0.69077604  0.        ],
[-0.92513665  0.37963427  0.        ],
[-0.73549012  0.67753545  0.        ],
[-0.68438494 -0.72912088  0.        ],
[-0.78099346  0.62453921  0.        ],
[-0.71969327 -0.69429215  0.        ],
[-0.807577   -0.58976215  0.        ],
[-0.67096381 -0.7414901   0.        ],
[-0.9999837   0.00571025  0.        ],
[-0.56316857 -0.82634203  0.        ],
[-0.64901327  0.76077709  0.        ],
[-0.70910913  0.70509875  0.        ],
[-0.97224637 -0.23395941  0.        ],
[-0.99999699  0.00245388  0.        ],
[-0.58361743 -0.81202875  0.        ],
[-0.95075305  0.3099494   0.        ],
[-0.54013132 -0.84158075  0.        ],
[-0.98320003 -0.18253136  0.        ],
[-0.95966852 -0.281134    0.        ],
[-0.81838722 -0.57466717  0.        ],
[-0.74601457 -0.66592962  0.        ],
[-0.61951517  0.78498468  0.        ],
[-0.86190223 -0.50707449  0.        ],
[-0.77934649 -0.62659321  0.        ],
[-0.39278756  0.91962924  0.        ],
[-0.55621224 -0.83104028  0.        ],
[-0.61710262  0.78688269  0.        ],
[-0.99488494  0.10101464  0.        ],
[-0.2870772   0.95790745  0.        ],
[-0.83695864 -0.54726614  0.        ],
[-0.53708685  0.84352695  0.        ],
[-0.93114535 -0.36464825  0.        ],
[-0.57869759 -0.81554221  0.        ],
[-0.40718135  0.91334733  0.        ],
[-0.98541302  0.17017985  0.        ],
[-0.2927401   0.95619205  0.        ],
[-0.70829661  0.70591495  0.        ],
[-0.99687108 -0.07904462  0.        ],
[-0.73874629 -0.67398362  0.        ],
[-0.05883723  0.99826759  0.        ],
[-0.62418535  0.78127629  0.        ],
[-0.92686688  0.37539018  0.        ],
[-0.93646994  0.35074785  0.        ],
[-0.6255493   0.78018464  0.        ],
[-0.54250661 -0.84005153  0.        ],
[-0.57772156 -0.81623391  0.        ],
[-0.52906117  0.84858369  0.        ],
[-0.83687187  0.54739883  0.        ],
[-0.84548275 -0.53400274  0.        ],
[-0.99999788 -0.00205784  0.        ],
[-0.53514458 -0.84476048  0.        ],
[-0.15152038  0.98845413  0.        ],
[-0.98640131  0.16435464  0.        ],
[-0.5643775  -0.82551683  0.        ],
[-0.15725283  0.98755838  0.        ],
