[ 4.22767604  8.34821597  0.14719083],
[ 4.67573623  8.04950918  0.15794618],
[ 5.79891782  6.60324654  0.22771483],
[ 2.1053159   8.98946841  0.31545353],
[ 6.48637086  5.27044371  0.344213  ],
[ 6.7360948   4.8958578   0.40237024],
[ 5.80291584  6.59125249  0.50625323],
[ 6.76305814  4.85541278  0.74136413],
[ 6.16826412  5.74760382  0.93839643],
[ 4.47142819  8.18571454  1.02008132],
[ 2.8448991   8.91551009  1.18439698],
[ 6.86704042  4.69943937  1.20086332],
[ 6.14503513  5.7824473   1.23335186],
[ 5.03910775  7.8072615   1.40772139],
[ 2.57517643  8.94248236  1.43945317],
[ 6.85055121  4.72417318  1.53713877],
[ 5.60596932  7.18209204  1.60869418],
[ 6.01455071  5.97817394  1.74721901],
[ 6.49542428  5.25686358  1.78349053],
[ 5.64300369  7.07098894  1.90327354],
[ 4.41373586  8.22417609  1.9751076 ],
[ 3.7490398   8.60038408  2.15240497],
[ 2.89815118  8.91018488  2.23323074],
[ 5.99643965  6.01068106  2.36962874],
[ 6.18625839  5.72061242  2.4258847 ],
[ 2.9319424   8.90680576  2.4494658 ],
[ 6.66025532  5.00961702  2.46206466],
[ 6.9004467   4.64932995  2.71385256],
[ 6.0040205   5.99396925  2.75275379],
[ 2.21322698  8.9786773   2.79119285],
[ 4.85954052  7.92697299  2.96510988],
[ 5.74324218  6.77027346  3.05817571],
[ 5.73210072  6.80369783  3.1365479 ],
[ 3.99274185  8.50290326  3.15760917],
[ 2.83335873  8.91666413  3.27204353],
[ 3.36303682  8.75478527  3.32407527],
[ 6.27353745  5.58969382  3.40807307],
[ 5.67433445  6.97699666  3.41579076],
[ 3.66615308  8.63353877  3.61381958],
[ 6.99625624  4.50561565  3.62129299],
[ 4.37862434  8.24758377  3.9392272 ],
[ 5.53374548  7.39876355  4.13188233],
[ 6.94832819  4.57750772  4.15429753],
[ 2.68202832  8.93179717  4.41046719],
[ 6.97423135  4.53865297  4.68894561],
[ 5.45499806  7.53000129  4.71059942],
[ 3.37192486  8.75123006  4.74506395],
[ 5.87019362  6.38941913  4.78554098],
[ 5.44111974  7.53925351  4.8635767 ],
[ 2.83928613  8.91607139  4.98990211],
[ 4.55861595  8.12758937  5.14943101],
[ 6.9624395   4.55634075  5.16850371],
[ 2.0873579   8.99126421  5.25036458],
[ 3.65716     8.637136    5.29976343],
[ 6.19421922  5.70867117  5.40983934],
[ 5.41095756  7.55936163  5.46409065],
[ 4.69840252  8.03439832  5.46956078],
[ 2.3208396   8.96791604  5.4744483 ],
[ 5.39018382  7.57321079  5.56600328],
[ 2.22880837  8.97711916  5.60519595],
[ 4.17414091  8.38390606  5.87057402],
[ 6.05455505  5.91816742  6.29686858],
[ 6.68105707  4.9784144   6.35652317],
[ 2.73276314  8.92672369  6.76188032],
[ 6.97666827  4.53499759  6.81728342],
[ 2.35809165  8.96419084  6.91196893],
[ 5.70161399  6.89515802  7.09139379],
[ 6.26302084  5.60546873  7.23457799],
[ 6.56707056  5.14939416  7.24641434],
[ 3.60787449  8.6568502   7.30871271],
[ 4.13393272  8.41071152  7.31013627],
[ 2.74445122  8.92555488  7.40671707],
[ 5.71392793  6.85821622  7.61256936],
[ 4.37032769  8.25311487  7.62429726],
[ 4.89807565  7.9012829   7.63250585],
[ 6.20735355  5.68896968  7.63391503],
[ 5.71502026  6.85493923  7.82295041],
[ 3.58836478  8.66465409  7.86586526],
[ 5.64312948  7.07061157  7.90065238],
[ 3.861334    8.5554664   7.92631139],
[ 4.82049804  7.9530013   7.93505797],
[ 4.05355877  8.46429415  7.95694302],
[ 6.05041332  5.92438002  7.96897192],
[ 2.26693483  8.97330652  8.03912581],
[ 6.55688921  5.16466618  8.06277794],
[ 4.85693963  7.92870691  8.31303213],
[ 2.07645099  8.9923549   8.36516557],
[ 4.17672601  8.38218266  8.51669891],
[ 2.79196606  8.92080339  8.77920675],
[ 2.64479328  8.93552067  8.87158046],
[ 5.12629786  7.74913476  8.90419258],
[ 5.68825083  6.9352475   8.99558764],
[ 5.76891163  6.69326512  9.02908228],
[ 2.80681268  8.91931873  9.19531134],
[ 6.2090158   5.68647629  9.31040979],
[ 2.25825053  8.97417495  9.34897746],
[ 6.30259892  5.54610162  9.35400527],
[ 4.06979345  8.45347103  9.36714906],
[ 5.26748158  7.65501228  9.4172711 ],
[ 5.5817856   7.2546432   9.45321105],
[ 6.31584763  5.52622856  9.54234927],
[ 5.2075204   7.6949864   9.81533693],
[  6.15981358   5.76027963  10.0342797 ],
[  6.533888     5.19916799  10.10489791],
[  6.8474597    4.72881044  10.11741842],
[  4.76004535   7.9933031   10.16163177],
[  3.0874994    8.86500024  10.2255274 ],
[  5.81244351   6.56266948  10.26364708],
[  3.96985082   8.51205967  10.4261652 ],
[  3.48365671   8.70653732  10.66095979],
[  3.88958124   8.54416751  10.73055752],
[  6.07811431   5.88282853  10.80032492],
[  4.27808707   8.31460862  10.81974648],
[  5.941182     6.17645399  10.84312422],
[  4.49793812   8.16804125  10.94361271],
[  6.59619106   5.10571341  11.17424894],
[  6.4922891    5.26156635  11.25884317],
[  6.76432884   4.85350675  11.6326585 ],
[  6.52335684   5.21496474  11.6603058 ],
[  6.94332799   4.58500801  11.75595979],
[  6.79064056   4.81403916  11.79816585],
[  6.61919656   5.07120516  11.84832353],
[  6.15996396   5.76005406  12.04471142],
[  6.8798744    4.6801884   12.15018789],
[  2.94762378   8.90523762  12.30414131],
[  4.48983214   8.17344524  12.36708898],
[  6.68126549   4.97810177  12.5214131 ],
[  5.55605419   7.33183742  12.58322641],
[  3.56856547   8.67257381  12.7226903 ],
[  5.67868294   6.96395119  12.79153138],
[  6.7744833    4.83827506  12.83726032],
[  6.21259786   5.68110321  12.95151373],
[  4.03257532   8.47828312  13.09241489],
[  2.55261787   8.94473821  13.11212801],
[  5.88242009   6.35273973  13.20822719],
[  6.8271174    4.75932391  13.24771578],
[  3.1611542    8.83553832  13.32596404],
[  2.74630221   8.92536978  13.36053871],
[  4.06993706   8.4533753   13.48901194],
[  6.27415194   5.58877209  13.51247439],
[  5.19590371   7.70273086  13.53246357],
[  4.42237103   8.21841931  13.62738065],
[  3.09793388   8.86082645  13.65812122],
[  3.20049536   8.81980186  14.2699117 ],
[  6.49244773   5.2613284   14.27320269],
[  6.24147733   5.63778401  14.3625121 ],
[  4.03798995   8.47467337  14.37342285],
[  6.54635425   5.18046863  14.44823317],
[  6.76263057   4.85605414  14.46321112],
[  5.5279197    7.41624091  14.46643235],
[  6.63784629   5.04323056  14.54566372],
[  4.84240892   7.93839405  14.93146786],
[  4.04281673   8.47145551  14.93800767],
[  3.31449725   8.7742011   14.93962077],
[  5.87245588   6.38263236  14.97198426],
[  6.77731098   4.83403353  15.20902238],
[  4.24639345   8.3357377   15.54621497],
[  6.89154659   4.66268012  15.55086561],
[  2.02186069   8.99781393  15.6620136 ],
[  5.65544976   7.03365073  15.68434978],
[  5.62080388   7.13758835  15.72206193],
[  2.94365499   8.9056345   15.73899451],
[  5.01397473   7.82401685  16.02122627],
[  5.70862343   6.87412971  16.09622724],
[  5.35678977   7.59547348  16.18816023],
[  6.05309217   5.92036174  16.21405244],
[  6.60974546   5.08538181  16.43134851],
[  6.97676115   4.53485828  16.61451034],
[  5.75286562   6.74140314  16.6247695 ],
[  2.08915698   8.9910843   16.70466603],
[  6.96774672   4.54837992  16.80762121],
[  6.77810575   4.83284138  17.05903979],
[  5.75860416   6.72418752  17.126021  ],
[  2.64854457   8.93514554  17.17533051],
[  6.68925163   4.96612256  17.22131621],
[  3.83090409   8.56763837  17.3954375 ],
[  6.8275358   4.7586963  17.637103 ],
[  2.79852146   8.92014785  17.87293038],
[  5.01382194   7.82411871  17.89025742],
[  2.53409365   8.94659063  18.01782498],
[  4.0495194    8.46698707  18.06071911],
[  5.07161404   7.78559064  18.09528265],
[  5.87347217   6.37958349  18.29669481],
[  2.57638184   8.94236182  18.30322926],
[  4.96174136   7.85883909  18.43845453],
[  2.57418747   8.94258125  18.47605525],
[  3.23274338   8.80690265  18.61057497],
[  2.74992709   8.92500729  18.6731939 ],
[  2.40709421   8.95929058  18.73034296],
[  4.8587749    7.9274834   18.82939748],
[  6.37928576   5.43107136  18.85481988],
[  6.36853167   5.44720249  18.97954114],
[  4.54926025   8.1338265   19.17796726],
[  4.60851425   8.09432384  19.52794196],
[  5.69117342   6.92647974  19.55353287],
[  5.47925871   7.51382753  19.74439793],
[  4.94740397   7.86839735  19.77089718],
[  6.33182171   5.50226743  19.80446096],
[  4.46756683   8.18828878  19.80612434],
[  4.70404737   8.03063509  19.82185562],
[  4.18501073   8.37665952  19.86231662],
[  4.27607729   8.31594847  19.95274036],
[  6.85515229   4.71727156  20.13981172],
[  6.40308329   5.39537506  20.18167004],
[  6.84156067   4.73765899  20.18821597],
[  3.43107295   8.72757082  20.41079931],
[  3.46951761   8.71219295  20.48129967],
[  6.65827588   5.01258618  20.51191929],
[  5.92882199   6.21353403  20.62197135],
[  6.77706022   4.83440967  20.63894042],
[  6.76000759   4.85998862  20.7598345 ],
[  4.6334421    8.07770527  20.80333344],
[  6.04445903   5.93331145  21.07638494],
[  6.48131066   5.27803401  21.16082485],
[  4.17069535   8.3862031   21.19539602],
[  2.97511768   8.90248823  21.31550212],
[  6.39034867   5.414477    21.39553793],
[  3.84148171   8.56340731  21.46784166],
[  5.49665274   7.50223151  21.54897376],
[  5.19120427   7.70586382  21.60782319],
[  2.71334226   8.92866577  21.6889558 ],
[  2.31682602   8.9683174   21.69427863],
[  3.29943245   8.78022702  21.70522887],
[  5.35719098   7.59520601  21.73264079],
[  5.86077206   6.41768382  21.92818345],
[  5.92844841   6.21465478  22.01062795],
[  5.77736334   6.66790998  22.08343988],
[  5.77341137   6.67976589  22.15278584],
[  4.71381495   8.02412337  22.21112115],
[  6.90028877   4.64956684  22.42868103],
[  6.7835734    4.8246399   22.43784113],
[  5.78788167   6.63635498  22.535925  ],
[  4.48663645   8.1755757   22.6518805 ],
[  5.34242245   7.6050517   22.68878529],
[  5.87681388   6.36955837  22.72052041],
[  5.15763648   7.72824235  22.72313429],
[  4.872065     7.91862333  22.92724349],
[  2.84170561   8.91582944  23.09294927],
[  2.46294164   8.95370584  23.30713353],
[  4.71710532   8.02192979  23.39824325],
[  6.45651488   5.31522768  23.45194618],
[  5.40543183   7.56304545  23.45621957],
[  2.72394791   8.92760521  23.52372284],
[  3.84971425   8.5601143   23.61453056],
[  3.92364654   8.53054139  23.64773339],
[  4.93942904   7.87371397  23.71385425],
[  5.20949174   7.69367217  24.01997021],
[  4.5267324    8.14884507  24.31566506],
[  6.17197158   5.74204262  24.3441352 ],
[  4.81984486   7.95343676  24.34743063],
[  4.46502958   8.18998028  24.44739172],
[  4.6365599    8.07562673  24.50859251],
[  4.77732397   7.98178402  24.53299344],
[  5.32770403   7.61486398  24.66251754],
[  4.10274684   8.43150211  24.67916748],
[  6.21142041   5.68286939  25.18137708],
[  2.45699466   8.95430053  25.24424345],
[  6.19649518   5.70525723  25.37035888],
[  5.66962636   6.99112092  25.41440492],
[  4.27489205   8.31673863  25.41462819],
[  5.28872193   7.64085204  25.53861395],
[  5.76262246   6.71213263  25.76726392],
[  5.74205827   6.77382519  25.99325911],
[  3.91251352   8.53499459  26.13518814],
[  2.67239741   8.93276026  26.16835529],
[  5.48256427   7.51162382  26.26774895],
[  2.28510167   8.97148983  26.50558819],
[  2.86509259   8.91349074  26.50867102],
[  6.04144031   5.93783953  26.61231685],
[  6.73143054   4.90285419  26.6663041 ],
[  2.51951314   8.94804869  26.68887762],
[  2.6469747    8.93530253  26.74252552],
[  6.19866348   5.70200477  26.76775996],
[  4.64613845   8.06924103  26.84027245],
[  4.42193397   8.21871069  26.85064661],
[  3.58519138   8.66592345  26.9016289 ],
[  6.97855596   4.53216606  27.05995613],
[  3.58634021   8.66546391  27.12080914],
[  3.54227965   8.68308814  27.17143391],
[  5.59104084   7.22687747  27.37352883],
[  5.54570697   7.36287908  27.40470202],
[  5.06002376   7.79331749  27.43238585],
[  5.5547217    7.3358349   27.44844417],
[  3.20621977   8.81751209  27.4886634 ],
[  2.26469891   8.97353011  27.51472069],
[  5.25679854   7.66213431  27.51982147],
[  2.15496242   8.98450376  27.53036018],
[  3.48469615   8.70612154  27.58797669],
[  5.12094361   7.75270426  27.64481248],
[  3.77426699   8.59029321  27.65777207],
[  2.86955175   8.91304483  27.67803781],
[  5.94723435   6.15829696  27.71280193],
[  5.272432     7.651712    27.71522645],
[  3.60550703   8.65779719  27.8511145 ],
[  6.31371975   5.52942037  27.85154351],
[  4.28044624   8.31303584  28.09513266],
[  6.22751198   5.65873202  28.15408554],
[  4.93226198   7.87849202  28.87370583],
[  6.96445775   4.55331338  28.89364268],
[  4.81184857   7.95876762  29.0634981 ],
[  4.53729992   8.14180005  29.22370628],
[  3.78084792   8.58766083  29.38549412],
[  3.04567465   8.88173014  29.5801672 ],
[  6.21262364   5.68106453  29.59306091],
[  6.52735423   5.20896865  29.63982856],
[  2.60628297   8.9393717   29.68449421],
[  5.84903574   6.45289277  29.75870474],
[  3.61542516   8.65382994  30.40851211],
[  2.69894557   8.93010544  30.79064688],
[  3.2850938    8.78596248  30.8181995 ],
[  6.91464445   4.62803333  30.83222762],
[  2.38576284   8.96142372  31.0401574 ],
[  4.76998843   7.98667438  31.04564242],
[  4.63649513   8.07566992  31.10478664],
[  3.13700036   8.84519986  31.12119637],
[  3.41230054   8.73507978  31.45725435],
[  6.93820702   4.59268947  31.62556798],
[  4.56434179   8.12377214  31.62992857],
[  6.37530504   5.43704244  31.75910688],
[  5.7818518    6.65444461  31.78068049],
[  5.24605895   7.66929403  31.88280382],
[  5.14096644   7.73935571  31.9518073 ],
[  6.94144907   4.58782639  32.00120736],
[  2.11427395   8.9885726   32.05880116],
[  5.84145368   6.47563897  32.26287234],
[  5.85819232   6.42542305  32.26440928],
[  2.6206044    8.93793956  32.50158494],
[  2.51898081   8.94810192  32.54276909],
[  5.65487111   7.03538666  32.60001356],
[  2.47086899   8.9529131   32.64973187],
[  5.13782531   7.7414498   32.81372168],
[  6.71509749   4.92735376  32.8190013 ],
[  3.92261282   8.53095487  33.06537911],
[  3.84163824   8.5633447   33.5087068 ],
[  4.42302814   8.21798124  33.56855648],
[  4.59693119   8.10204587  33.5693155 ],
[  4.02167136   8.48555243  33.90903055],
[  5.91618813   6.25143562  33.93762549],
[  5.02716421   7.81522386  34.04431224],
[  5.81600366   6.55198901  34.10508637],
[  4.99075353   7.83949765  34.26599513],
[  6.41824692   5.37262961  34.26825003],
[  6.10501246   5.84248132  34.45956192],
[  2.79670384   8.92032962  34.49935618],
[  6.3162536    5.5256196   34.69830685],
[  5.94187437   6.17437688  34.70191764],
[  4.85203925   7.93197383  34.76075245],
[  6.25978214   5.61032678  34.96023617],
[  4.73393491   8.01071006  35.13541238],
[  2.92045021   8.90795498  35.27225553],
[  2.9858768    8.90141232  35.38788415],
[  5.98745683   6.0376295   35.40227108],
[  3.18789249   8.824843    35.4395932 ],
[  4.35667791   8.26221472  35.44358635],
[  6.98825939   4.51761091  35.46601431],
[  3.02559735   8.88976106  35.46722648],
[  5.9521291    6.14361271  35.59505551],
[  4.2969933    8.30200446  35.67277363],
[  2.3171313    8.96828687  35.84958955],
[  4.49899534   8.16733644  35.92885644],
[  3.14781115   8.84087554  35.93836279],
[  3.02871169   8.88851532  35.95436756],
[  6.42461424   5.36307864  36.02724676],
[  6.82248539   4.76627192  36.10298175],
[  2.01937881   8.99806212  36.19360847],
[  4.15128703   8.39914198  36.2192273 ],
[  3.01945096   8.89221962  36.21963066],
[  4.4876751    8.17488326  36.82683235],
[  6.35164818   5.47252774  36.85868817],
[  6.61483104   5.07775344  36.87888151],
[  5.90052563   6.2984231   36.97305954],
[  4.48052019   8.17965321  37.00820733],
[  5.43620868   7.54252755  37.06147101],
[  6.27220546   5.59169181  37.09615166],
[  2.05312016   8.99468798  37.09895263],
[  2.63642485   8.93635751  37.295692  ],
[  5.90754083   6.27737752  37.33700155],
[  5.77670317   6.66989048  37.4770229 ],
[  4.0355334    8.47631107  37.53376895],
[  6.1357813    5.79632805  37.59437856],
[  4.22318907   8.35120728  37.6987715 ],
[  5.53136101   7.40591696  37.77101124],
[  5.77782242   6.66653275  37.82002393],
[  6.8821483    4.67677755  37.86473501],
[  6.70144643   4.94783035  37.9066175 ],
[  6.97555384   4.53666924  38.02443745],
[  4.10708642   8.42860905  38.09719284],
[  2.17766526   8.98223347  38.32899838],
[  5.13542087   7.74305275  38.33302644],
[  2.2036414    8.97963586  38.3573735 ],
[  3.33513884   8.76594447  38.51256062],
[  6.74800879   4.87798682  38.81903638],
[  6.76948144   4.84577784  38.83532217],
[  5.82348414   6.52954759  39.07661122],
[  4.59412596   8.10391603  39.12278685],
[  4.23743076   8.34171283  39.12595288],
[  2.41332932   8.95866707  39.20501931],
[  6.53225249   5.20162127  39.59231274],
[  5.58920755   7.23237735  39.70911735],
[  6.06026623   5.90960065  39.79355267],
[  3.54159888   8.68336045  39.85448688],
[  6.86839718   4.69740423  39.88250391],
[  2.63108042   8.93689196  40.20893731],
[  5.54897597   7.35307209  40.60108055],
[  2.95846229   8.90415377  40.68394382],
[  6.56510631   5.15234053  40.74612437],
[  6.17872296   5.73191556  40.74684601],
[  5.3709904    7.5860064   40.84208883],
[  4.59530424   8.10313051  40.92298017],
[  2.92735365   8.90726463  40.94934646],
[  6.41998405   5.37002393  41.00948957],
[  6.39562036   5.40656945  41.03551487],
[  3.66290205   8.63483918  41.07240965],
[  4.57828375   8.1144775   41.18848632],
[  3.81754214   8.57298314  41.2778283 ],
[  3.21679756   8.81328098  41.40954148],
[  5.15745872   7.72836085  41.41101406],
[  3.56312866   8.67474853  41.42813374],
[  2.56952978   8.94304702  41.4954674 ],
[  5.75125154   6.74624537  41.70131333],
[  3.76991089   8.59203564  41.75916893],
[  6.8490226    4.7264661   41.86255829],
[  5.80076869   6.59769394  41.89699792],
[  5.59083551   7.22749346  41.92122807],
[  6.91712146   4.62431781  42.03088289],
[  3.43058631   8.72776548  42.04095742],
[  5.78761226   6.63716322  42.08727205],
[  2.11920636   8.98807936  42.17766388],
[  6.57431463   5.13852806  42.31172087],
[  6.96930516   4.54604226  42.51476555],
[  5.35716469   7.59522354  42.60297246],
[  4.03632053   8.47578631  42.78882782],
[  2.25124563   8.97487544  42.81610816],
[  6.87463101   4.68805348  42.89519692],
[  2.98976468   8.90102353  42.91317114],
[  5.18600692   7.70932872  42.97033044],
[  3.64239096   8.64304362  42.99094483],
[  5.26569038   7.65620642  43.22085566],
[  3.44870232   8.72051907  43.23286281],
[  6.28142449   5.57786326  43.34762086],
[  4.33750336   8.27499776  43.42509145],
[  6.88719611   4.66920583  44.07727436],
[  3.07052523   8.87178991  44.11972478],
[  3.32921708   8.76831317  44.31935414],
[  2.79042007   8.92095799  44.489702  ],
[  5.62833914   7.11498259  44.53031266],
[  3.53464202   8.68614319  45.11852631],
[  3.60141444   8.65943423  45.18686722],
[  6.98401945   4.52397083  45.22626641],
[  5.63831198   7.08506405  45.30757805],
[  2.68390465   8.93160953  45.41760481],
[  3.12554972   8.84978011  45.65376013],
[  3.50239468   8.69904213  45.91043085],
[  2.72249803   8.9277502   45.91886444],
[  4.94960982   7.86692679  46.10877523],
[  3.59194542   8.66322183  46.13818454],
[  4.79780062   7.96813292  46.40457625],
[  5.71028189   6.86915433  46.57345569],
[  6.97905709   4.53141437  46.67312342],
[  2.05861194   8.99413881  46.67540213],
[  4.50390904   8.16406064  46.76167963],
[  6.64824946   5.0276258   46.84307007],
[  6.83894198   4.74158703  46.84689127],
[  5.04436751   7.80375499  46.91877267],
[  2.47682294   8.95231771  47.0057611 ],
[  4.87787151   7.91475233  47.08498558],
[  5.9541412    6.13757641  47.1541485 ],
[  5.40828041   7.56114639  47.20459226],
[  6.39892021   5.40161969  47.3558506 ],
[  4.93512776   7.87658149  47.52521753],
[  2.79033282   8.92096672  47.55056663],
[  2.44259153   8.95574085  47.7600639 ],
[  2.07283536   8.99271646  47.80639344],
[  4.0909678    8.4393548   47.96217239],
[  3.4378257    8.72486972  48.3565676 ],
[  4.55422284   8.13051811  48.50586731],
[  2.3198975    8.96801025  48.71047367],
[  6.51734631   5.22398054  48.72828822],
[  6.62295795   5.06556307  48.74682576],
[  3.75388681   8.59844528  48.77278794],
[  6.3294491    5.50582635  48.77540115],
[  2.17454887   8.98254511  48.83755198],
[  3.98274739   8.50690104  48.8631398 ],
[  2.08124271   8.99187573  48.90996519],
[  5.9127022    6.2618934   48.94099124],
[  2.01583375   8.99841663  49.13881148],
[  5.08687948   7.77541368  49.37246458],
[  4.81870434   7.95419711  49.41766514],
[  5.88098459   6.35704624  49.56405118],
[  5.1441151    7.7372566   49.84842291],
[  6.16898475   5.74652288  49.8527908 ],
[  4.18698822   8.37534119  50.39675834],
[  6.17067714   5.74398429  50.5516277 ],
[  5.66963151   6.99110546  50.59268172],
[  6.37841929   5.43237106  50.64565175],
[  4.26369659   8.32420227  50.65868673],
[  5.74267237   6.7719829   50.67018924],
[  4.65768345   8.06154437  50.71731243],
[  4.54724599   8.13516934  50.74985754],
[  2.60775899   8.9392241   50.76646745],
[  2.81004609   8.91899539  51.00435581],
[  6.3773329    5.43400065  51.11508925],
[  4.7550201    7.99665327  51.38613414],
[  3.47051396   8.71179441  51.41888928],
[  4.79588839   7.96940774  51.48714606],
[  5.98561722   6.04314835  51.54778475],
[  4.72025047   8.01983302  51.58199264],
[  5.07156444   7.7856237   51.65045213],
[  5.53377609   7.39867174  51.69491161],
[  2.98604448   8.90139555  51.74876092],
[  4.37747066   8.24835289  51.91014533],
[  5.2377       7.67486667  51.95167778],
[  4.16196943   8.39202038  52.00264858],
[  3.9335234    8.52659064  52.43644437],
[  2.87663449   8.91233655  52.53436491],
[  4.40550158   8.22966561  52.58163736],
[  6.25251016   5.62123477  52.66929561],
[  2.63088666   8.93691133  52.79195802],
[  2.63175892   8.93682411  52.83755782],
[  5.81260708   6.56217876  53.0105669 ],
[  3.30182794   8.77926882  53.04652095],
[  4.7529171    7.99805527  53.23543267],
[  3.67389731   8.63044108  53.25882265],
[  6.13871702   5.79192448  53.27274337],
[  2.27695669   8.97230433  53.3469102 ],
[  6.62444171   5.06333743  53.62828057],
[  5.38619966   7.57586689  53.64082006],
[  3.47563243   8.70974703  53.64811588],
[  6.57889929   5.13165106  53.65972394],
[  5.66168696   7.01493911  53.6662825 ],
[  3.42101785   8.73159286  53.80699479],
[  3.67905848   8.62837661  54.10548333],
[  2.32972088   8.96702791  54.27120418],
[  5.81968721   6.54093838  54.28648367],
[  4.32574068   8.28283955  54.41946205],
[  2.62033469   8.93796653  54.46497684],
[  6.94052368   4.58921448  54.51478724],
[  5.78410786   6.64767643  54.54017963],
[  6.37912629   5.43131057  54.71783314],
[  4.10655825   8.42896117  54.76948107],
[  5.77785242   6.66644275  54.79112209],
[  6.08492448   5.87261329  55.01633353],
[  5.53650824   7.39047529  55.05040677],
[  6.58725992   5.11911012  55.05442771],
[  2.193468     8.9806532   55.10988979],
[  3.12595479   8.84961809  55.14779118],
[  6.63655417   5.04516874  55.49822167],
[  4.87892806   7.91404796  55.5533457 ],
[  4.11236517   8.42508989  55.72324131],
[  6.79588489   4.80617267  55.94037588],
[  3.57416918   8.67033233  56.02012995],
[  4.16580277   8.38946482  56.02408687],
[  3.28465311   8.78613876  56.02497521],
[  5.20212031   7.69858646  56.15185744],
[  4.45195834   8.19869444  56.20559642],
[  5.55218564   7.34344308  56.33278327],
[  4.97945412   7.84703059  56.41695157],
[  2.70927499   8.9290725   56.59946763],
[  6.10025356   5.84961965  56.94325182],
[  2.16240648   8.98375935  57.12770505],
[  5.46058846   7.52627436  57.19883476],
[  2.45615386   8.95438461  57.31443408],
[  3.86969124   8.5521235   57.34371924],
[  3.63961086   8.64415566  57.54673521],
[  2.66772228   8.93322777  57.55978932],
[  2.0266856    8.99733144  57.57666111],
[  5.40757298   7.56161801  57.71361238],
[  4.05023708   8.46650861  57.78532669],
[  6.24630761   5.63053859  57.91113803],
[  5.5944908    7.21652759  57.92189745],
[  2.71092119   8.92890788  57.94153035],
[  4.0204596    8.48636027  58.01939959],
[  5.77649481   6.67051556  58.10622106],
[  6.35913345   5.46129983  58.11004609],
[  6.07740906   5.88388641  58.22518374],
[  5.23566487   7.67622342  58.32326706],
[  6.72698034   4.90952949  58.34476476],
[  4.13198677   8.41200882  58.38047129],
[  3.10078616   8.85968554  58.38582218],
[  4.23957697   8.34028202  58.40724995],
[  2.855631     8.9144369   58.60162423],
[  3.40600521   8.73759792  58.60913918],
[  5.17335919   7.71776054  58.62304709],
[  4.87849701   7.91433533  58.69850792],
[  2.94498042   8.90550196  58.71747659],
[  4.94152531   7.87231646  58.81488583],
[  4.74619594   8.00253604  58.86583794],
[  4.57457882   8.11694745  59.22566774],
[  3.27674863   8.78930055  59.22595923],
[  3.62826404   8.64869438  59.33220825],
[  6.85569064   4.71646404  59.41043149],
[  3.08840859   8.86463656  59.47665379],
[  2.68711702   8.9312883   59.51115027],
[  4.56282392   8.12478405  59.65978841],
[  4.73880421   8.00746386  59.7325252 ],
[  6.31590677   5.52613985  59.85648622],
[  6.59893849   5.10159226  59.85849474],
[  4.68289214   8.04473857  59.90735445],
[  5.55101395   7.34695814  59.96010934],
[  6.83235879   4.75146182  60.01664867],
[  6.54841859   5.17737212  60.01791448],
[  5.57944402   7.26166793  60.11043344],
[  5.1584982    7.72766787  60.21194514],
[  6.64210981   5.03683528  60.27789353],
[  3.35494183   8.75802327  60.38362417],
[  2.71497303   8.9285027   60.43957727],
[  2.39210097   8.9607899   60.44086551],
[  6.75365988   4.86951019  60.47191629],
[  2.39244505   8.96075549  60.48968454],
[  2.87298737   8.91270126  60.68171024],
[  6.67807901   4.98288148  60.704501  ],
[  5.69958416   6.90124752  60.92897827],
[  3.30179696   8.77928122  60.9689123 ],
[  6.23740511   5.64389234  61.03866855],
[  4.82645027   7.94903315  61.08371298],
[  6.02511001   5.96233498  61.09588589],
[  5.50692147   7.47923558  61.28192174],
[  5.51629168   7.45112497  61.38756198],
[  6.06988411   5.89517383  61.3983781 ],
[  6.74672059   4.87991912  61.72884039],
[  5.22922187   7.68051875  61.83263418],
[  3.1618617    8.83525532  61.92494369],
[  5.20872669   7.69418221  62.85650997],
[  5.64187214   7.07438358  63.1336869 ],
[  4.87219359   7.91853761  63.18311125],
[  5.00878992   7.82747339  63.47298033],
[  2.66080908   8.93391909  63.63658664],
[  5.34303182   7.60464546  63.64811806],
[  5.44571242   7.53619172  63.68911874],
[  5.26627232   7.65581845  63.7457164 ],
[  5.74423569   6.76729292  63.80387173],
[  6.49846681   5.25229978  63.80593667],
[  6.60449951   5.09325074  63.89467247],
[  3.41597381   8.73361048  63.94339612],
[  3.77607241   8.58957104  63.96389168],
[  4.1660617    8.3892922   63.98080357],
[  6.22841794   5.65737309  64.12776092],
[  5.77083201   6.68750398  64.1626    ],
[  6.85212821   4.72180769  64.31968717],
[  2.16284149   8.98371585  64.32911308],
[  4.35029103   8.26647264  64.4214086 ],
[  6.26926207   5.5961069   64.59092866],
[  5.65477808   7.03566577  64.64402753],
[  4.97736958   7.84842028  64.82441112],
[  6.3610036    5.45849459  65.07901719],
[  6.40127615   5.39808578  65.10554478],
[  5.16399647   7.72400235  65.20263339],
[  5.70525921   6.88422237  65.36300306],
[  2.30354622   8.96964538  65.3886329 ],
[  6.20936878   5.68594683  65.43235373],
[  3.9518926    8.51924296  65.63568354],
[  6.55825055   5.16262417  65.70231254],
[  5.71515498   6.85453507  65.70564837],
[  5.52388438   7.42834686  65.71611703],
[  5.45761257   7.52825829  66.2126629 ],
[  2.71452704   8.9285473   66.31107284],
[  2.05359605   8.99464039  66.31593005],
[  4.97441576   7.85038949  66.36414178],
[  6.68433157   4.97350265  66.42875315],
[  4.68967528   8.04021648  66.59138393],
[  3.56058556   8.67576578  66.63056972],
[  5.61941269   7.14176194  66.83824459],
[  2.41464849   8.95853515  66.96315328],
[  2.28028516   8.97197148  66.96826278],
[  5.27610062   7.64926626  67.12782123],
[  2.48254108   8.95174589  67.28729618],
[  2.90018272   8.90998173  67.30846681],
[  6.37862732   5.43205902  67.33413779],
[  2.00119559   8.99988044  67.34796794],
[  5.98036445   6.05890665  67.36573893],
[  4.04581853   8.46945431  67.41011072],
[  6.38047302   5.42929047  67.52530086],
[  3.15000186   8.83999926  67.6028011 ],
[  6.56085612   5.15871582  67.66740742],
[  5.76292924   6.71121227  67.66979407],
[  3.48993501   8.704026    67.68662582],
[  6.93295114   4.60057329  67.77388212],
[  6.23097456   5.65353815  67.9464926 ],
[  5.16285979   7.72476014  68.00919551],
[  3.20702457   8.81719017  68.06335849],
[  6.64489904   5.03265144  68.19974295],
[  5.63714657   7.08856029  68.26864826],
[  2.29051593   8.97094841  68.38915398],
[  6.14791941   5.77812088  68.44555068],
[  6.29917599   5.55123601  68.51803304],
[  4.91264578   7.89156948  68.55262562],
[  5.17975711   7.71349526  68.58746905],
[  6.50484449   5.24273326  68.65646484],
[  6.09172187   5.86241719  68.70086467],
[  6.30378822   5.54431767  68.77806367],
[  3.4930669    8.70277324  68.80532147],
[  3.42622304   8.72951078  68.90211149],
[  6.58126905   5.12809642  68.92121563],
[  6.434016     5.348976    68.96113991],
[  4.22107693   8.35261538  69.09838352],
[  4.03854896   8.47430069  69.29964651],
[  6.20697284   5.68954074  69.38577903],
[  6.97059256   4.54411116  69.57250591],
[  6.81031835   4.78452248  69.60846173],
[  6.509074     5.236389    69.66899907],
[  6.78676894   4.81984659  69.68335614],
[  5.62904951   7.11285147  69.82958083],
[  5.58103781   7.25688657  70.05141442],
[  4.54917517   8.13388322  70.0614759 ],
[  4.68923947   8.04050702  70.15401576],
[  6.14349377   5.78475934  70.20209355],
[  6.43018805   5.35471793  70.38623112],
[  2.14844483   8.98515552  70.61637739],
[  4.17224805   8.38516797  70.83900482],
[  2.84006418   8.91599358  71.00694815],
[  6.           6.          71.25371656],
[  2.14747492   8.98525251  71.26617243],
[  6.69983899   4.95024151  71.3861406 ],
[  5.81200716   6.56397851  71.45558791],
[  2.55908788   8.94409121  71.65227989],
[  6.28776098   5.56835853  71.7115537 ],
[  4.29368861   8.30420759  71.75264693],
[  3.23485976   8.8060561   71.85552965],
[  4.01583995   8.48944003  72.00004998],
[  4.74299834   8.00466777  72.09960162],
[  4.59637152   8.10241899  72.51629585],
[  6.88621249   4.67068126  72.69898438],
[  2.10321241   8.98967876  72.85078763],
[  2.21340131   8.97865987  72.85330181],
[  2.53374971   8.94662503  72.86408648],
[  4.26753447   8.32164369  72.98774097],
[  5.8200506    6.53984819  72.99089931],
[  3.88405484   8.54637806  73.24127661],
[  5.81333462   6.55999614  73.33917516],
[  5.87729616   6.36811153  73.43051082],
[  2.69580897   8.9304191   73.67421289],
[  6.44330913   5.33503631  73.74313156],
[  5.07239486   7.7850701   73.81810181],
[  6.40486479   5.39270282  73.86871591],
[  5.83045215   6.50864354  73.95567897],
[  3.4571919    8.71712324  73.96780156],
[  6.0361273    5.94580905  74.01413761],
[  2.5901125    8.94098875  74.10993611],
[  6.21412594   5.67881109  74.21310598],
[  4.63703304   8.07531131  74.34031876],
[  5.66776497   6.99670508  74.44682348],
[  3.28988092   8.78404763  74.63529972],
[  5.87577746   6.37266762  74.6636664 ],
[  4.82874098   7.94750601  74.70537426],
[  2.44834802   8.9551652   74.8193524 ],
[  4.7186117    8.02092553  74.95348934],
[  6.09098135   5.86352797  75.07148371],
[  3.00530707   8.89787717  75.18690986],
[  3.8339839    8.56640644  75.24750754],
[  6.90020357   4.64969464  75.45224602],
[  2.13084788   8.98691521  75.48061977],
[  6.25144517   5.62283225  75.60420375],
[  6.18336948   5.72494579  75.609083  ],
[  4.59046645   8.1063557   75.70432448],
[  6.11437436   5.82843846  75.80479189],
[  4.615146     8.08990267  76.07001294],
[  5.91292452   6.26122643  76.07664524],
[  2.27338032   8.97266197  76.22942743],
[  5.72672555   6.81982334  76.45545372],
[  2.00551246   8.99944875  76.6630775 ],
[  5.6071907    7.17842791  77.06654149],
[  5.62570104   7.12289687  77.15927529],
[  3.82310162   8.57075935  77.25895242],
[  5.76767801   6.69696597  77.29814966],
[  6.64466894   5.03299659  77.34677902],
[  6.02627651   5.96058524  77.38435017],
[  6.95052964   4.57420553  77.39029714],
[  6.41656465   5.37515302  77.44004889],
[  6.55815129   5.16277307  77.71394909],
[  5.6509402    7.04717941  77.71411579],
[  4.77561903   7.98292065  77.96726926],
[  3.21771379   8.81291448  77.98980777],
[  2.49524444   8.95047556  77.99148884],
[  3.09024761   8.86390095  78.04664651],
[  3.0188506    8.89245976  78.07958458],
[  4.15519304   8.39653798  78.26384904],
[  4.52264946   8.15156703  78.3779573 ],
[  6.26496926   5.60254612  78.46213198],
[  6.24874393   5.6268841   78.48481944],
[  5.94180202   6.17459394  78.8557588 ],
[  6.74715212   4.87927182  78.89588674],
[  4.531392     8.14573867  78.95967439],
[  5.16949611   7.72033593  79.10356074],
[  4.90447791   7.89701473  79.32941576],
[  5.08349118   7.77767255  79.43589459],
[  6.22559188   5.66161218  79.70257958],
[  3.32344683   8.77062127  79.73946493],
[  5.23519516   7.67653656  79.75588857],
[  5.54296071   7.37111787  79.78910122],
[  4.954466     7.86368934  79.82098851],
[  2.93845106   8.90615489  79.86312848],
[  5.22261429   7.68492381  79.89763198],
[  4.97995939   7.84669374  80.08467368],
[  5.31699577   7.62200282  80.10610291],
[  5.91596478   6.25210565  80.44432747],
[  5.66826356   6.99520933  80.54558331],
[  6.21495634   5.67756549  80.66443173],
[  4.48490616   8.17672923  80.89884131],
[  5.3083826    7.62774493  81.00733077],
[  4.85706728   7.92862181  81.05968301],
[  2.08530627   8.99146937  81.23001638],
[  2.03018452   8.99698155  81.25869972],
[  5.45789622   7.52806918  81.26435442],
[  5.83571064   6.49286809  81.29618713],
[  6.35666943   5.46499585  81.49954191],
[  3.96160462   8.51535815  81.60123221],
[  6.40754103   5.38868846  81.88969128],
[  4.26169418   8.32553721  82.07893511],
[  6.88928497   4.66607254  82.15474056],
[  6.90867455   4.63698817  82.27276939],
[  6.37505875   5.43741187  82.37561375],
[  6.01756494   5.97365259  82.4471115 ],
[  5.88196822   6.35409535  82.67403989],
[  4.953417     7.86438867  82.81793897],
[  5.05401654   7.79732231  82.82576343],
[  6.44092562   5.33861157  82.83130855],
[  4.23813279   8.34124481  82.86040799],
[  5.20227533   7.69848311  82.96434277],
[  4.01233176   8.49177883  83.01785921],
[  6.16746027   5.74880959  83.12730824],
[  6.78237072   4.82644392  83.14170862],
[  4.73504479   8.00997014  83.23920869],
[  4.64201094   8.0719927   83.49922722],
[  5.12072952   7.75284699  83.52119306],
[  6.24433695   5.63349458  83.61288147],
[  4.51112618   8.15924921  83.63562546],
[  6.09688534   5.854672    83.63608084],
[  6.8894401    4.66583985  83.78634733],
[  2.91242183   8.90875782  83.93303256],
[  6.5040977    5.24385344  83.93412597],
[  2.64098825   8.93590117  83.94034892],
[  2.14869258   8.98513074  83.95905572],
[  6.36457313   5.4531403   83.98284274],
[  6.51589143   5.22616286  83.98686263],
[  6.54344826   5.1848276   84.09547381],
[  6.61197525   5.08203712  84.3280872 ],
[  5.56947452   7.29157645  84.40850301],
[  5.19676601   7.702156    84.46878669],
[  4.23036397   8.34642402  84.67033258],
[  4.70879919   8.02746721  84.67331184],
[  6.69823633   4.95264551  84.70905167],
[  6.92069067   4.618964    84.85673648],
[  6.01717096   5.97424356  84.88918711],
[  4.00104439   8.49930374  85.05769091],
[  5.5537428    7.33877161  85.13423147],
[  2.45110701   8.9548893   85.24141792],
[  5.39705886   7.56862742  85.29363922],
[  3.85971171   8.55611531  85.31236001],
[  2.70660645   8.92933936  85.32317818],
[  3.81692522   8.57322991  85.47805285],
[  4.97599775   7.84933484  85.58422481],
[  2.77538207   8.92246179  85.60323157],
[  5.62394956   7.12815132  85.63269674],
[  6.65966038   5.01050942  85.71589085],
[  3.66500998   8.63399601  85.74807491],
[  3.35777161   8.75689135  85.89436098],
[  6.42089271   5.36866094  86.12305244],
[  4.32948043   8.28034638  86.27549576],
[  5.74772013   6.7568396   86.33062434],
[  5.29945682   7.63369545  86.49435751],
[  3.87147656   8.55140938  86.51517176],
[  5.33168204   7.61221198  86.62500415],
[  4.85017769   7.93321487  86.62662058],
[  5.04317163   7.80455225  86.64343864],
[  2.5524243    8.94475757  86.73432783],
[  3.25062903   8.79974839  86.87815226],
[  6.24077125   5.63884313  86.89517513],
[  6.45210695   5.32183957  87.33548168],
[  2.82092282   8.91790772  87.35772242],
[  4.63736728   8.07508848  87.47732844],
[  2.14863243   8.98513676  87.70625878],
[  5.64703336   7.05889991  87.87884257],
[  4.65868264   8.06087824  87.98013693],
[  4.76570737   7.98952842  88.02513734],
[  6.35098969   5.47351547  88.0612472 ],
[  6.39190244   5.41214635  88.12909991],
[  3.063163     8.8747348   88.35498349],
[  4.21681193   8.35545871  88.51532573],
[  5.76771405   6.69685784  88.52175033],
[  6.71145424   4.93281864  88.65502938],
[  6.3006527    5.54902095  88.76593561],
[  6.10717597   5.83923604  89.01329079],
[  2.37745858   8.96225414  89.15775854],
[  2.81823931   8.91817607  89.21618556],
[  6.86331457   4.70502815  89.35099476],
[  5.77723077   6.66830768  89.47298955],
[  6.24170612   5.63744082  89.60386911],
[  5.4131969    7.55786874  89.78426149],
[  4.44328785   8.20447477  89.81668894],
[  5.99970412   6.00088763  89.87670307],
[  6.59521717   5.10717424  89.89266981],
[  4.2312285    8.34584767  89.9101682 ],
[  6.77918118   4.83122823  89.98633941],
[  3.54044142   8.68382343  90.18299406],
[  3.79562572   8.58174971  90.66650305],
[  5.67968786   6.96093641  90.67926459],
[  4.55121308   8.13252462  90.86119671],
[  3.45282004   8.71887198  90.90795787],
[  5.93319688   6.20040935  90.94220058],
[  5.68132475   6.95602574  91.03597091],
[  6.01629715   5.97555427  91.0665467 ],
[  3.53394086   8.68642366  91.09566514],
[  3.07095038   8.87161985  91.10914306],
[  2.96806193   8.90319381  91.11514649],
[  5.63520437   7.09438689  91.13712667],
[  4.58185548   8.11209635  91.25174822],
[  4.49567996   8.16954669  91.41344872],
[  3.72080118   8.61167953  91.49477663],
[  5.50339631   7.48981108  91.62566892],
[  2.28779857   8.97122014  91.76032425],
[  5.97872419   6.06382743  91.86587043],
[  5.76648875   6.70053375  92.20731061],
[  6.93371391   4.59942914  92.24923948],
[  6.48739636   5.26890546  92.27478247],
[  2.84292091   8.91570791  92.53296682],
[  2.88895636   8.91110436  92.55693517],
[  6.79650236   4.80524647  92.60160817],
[  3.76169081   8.59532368  92.73200695],
[  5.89805428   6.30583717  92.96265614],
[  4.59100253   8.10599831  92.98602897],
[  5.4550149    7.52999007  93.01259722],
[  4.62454106   8.08363929  93.06448692],
[  6.16917079   5.74624382  93.11351073],
[  6.70942314   4.93586529  93.20919084],
[  6.92312495   4.61531258  93.4319598 ],
[  5.64902595   7.05292214  93.5652132 ],
[  5.60666281   7.18001158  93.71211877],
[  2.17763563   8.98223644  93.72778798],
[  3.04409821   8.88236072  93.83280912],
[  6.41092314   5.38361529  93.8841939 ],
[  2.1628752    8.98371248  93.91923772],
[  6.1583701    5.76244485  94.02466783],
[  5.84466926   6.46599221  94.10658357],
[  6.91677832   4.62483252  94.16061201],
[  4.94891804   7.86738797  94.16681585],
[  4.87333297   7.91777802  94.30045772],
[  2.8604586    8.91395414  94.40968926],
[  2.47098844   8.95290116  94.44973206],
[  5.99092451   6.02722647  94.68054439],
[  5.84187517   6.47437448  94.72398245],
[  5.70523552   6.88429343  94.76621293],
[  4.76618581   7.98920946  94.76813173],
[  5.38392692   7.57738205  94.8481264 ],
[  4.21351464   8.35765691  94.94073051],
[  4.1314236    8.41238426  95.27791558],
[  3.64628449   8.6414862   95.39811422],
[  6.91923876   4.62114186  95.40004889],
[  6.66507587   5.0023862   95.42966014],
[  6.78754751   4.81867874  95.55615251],
[  4.47636135   8.18242577  95.82737483],
[  5.78318595   6.65044216  95.85013411],
[  6.12098122   5.81852818  95.8657964 ],
[  4.58673877   8.10884082  96.00946898],
[  3.36362475   8.7545501   96.02712851],
[  2.41223231   8.95877677  96.1045446 ],
[  4.65733405   8.0617773   96.11021599],
[  4.83802433   7.94131712  96.18446838],
[  4.47067511   8.1862166   96.31369715],
[  2.32461876   8.96753812  96.37422168],
[  6.17278907   5.74081639  96.43582182],
[  5.2024745    7.69835034  96.50615168],
[  5.87039762   6.38880715  96.57978246],
[  3.13947722   8.84420911  96.70133651],
[  3.45833633   8.71666547  96.90036   ],
[  5.77531391   6.67405828  97.17697507],
[  5.45962374   7.52691751  97.20760212],
[  5.05501665   7.79665557  97.27266558],
[  3.06944237   8.87222305  97.33149167],
[  4.0446229    8.4702514   97.43671347],
[  4.72588741   8.01607506  97.63437632],
[  3.51072096   8.69571161  97.6922309 ],
[  3.76624918   8.59350033  97.72293888],
[  5.66715721   6.99852837  97.75364479],
[  6.76506242   4.85240638  97.90993901],
[  5.12797536   7.74801642  97.9238365 ],
[  3.98847353   8.50461059  97.9463484 ],
[  3.15812353   8.83675059  97.97295453],
[  6.04563901   5.93154149  98.03841702],
[  4.42446919   8.21702054  98.41382469],
[  6.4164985    5.37525225  98.59728105],
[  6.60117159   5.09824261  98.60102459],
[  5.85275296   6.44174112  98.7147773 ],
[  5.24064125   7.67290584  98.72156196],
[  5.55127071   7.34618786  98.8760548 ],
[  2.72489956   8.92751004  98.99762013],
[  5.91908917   6.2427325   99.05716493],
[  5.58289629   7.25131113  99.07010647],
[  2.83081559   8.91691844  99.08955857],
[  5.14684652   7.73543566  99.20409737],
[  6.81273479   4.78089782  99.29371681],
[  6.07886032   5.88170953  99.36494799],
[  2.0603962    8.99396038  99.42990563],
[  4.54087152   8.13941899  99.77843521],
[  3.6926411    8.62294356  99.80535602],
[  3.22556669   8.80977332  99.83262359],
[  5.32984591   7.61343606  99.85936126],
[  5.51558257   7.45325228  99.94655772],
[  6.76787004   4.84819494  99.94826084],
[  5.10622619   7.76251587  99.99337015],
[  2.08040211   8.99195979  99.99790347],
