[  6.13516287  12.0458109    0.14719083],
[  7.47760409  12.34557476   0.15794618],
[ 9.08754368  8.36603321  0.22771483],
[  2.59070988  11.81384925   0.31545353],
[ 8.87079858  4.88904792  0.344213  ],
[ 9.07305871  3.896488    0.40237024],
[ 7.75470591  7.62923533  0.50625323],
[ 9.58332451  3.55238035  0.74136413],
[ 8.38443012  6.1189792   0.93839643],
[  6.22715071  11.17550802   1.02008132],
[  3.80825782  12.02287245   1.18439698],
[ 9.17520338  3.29575964  1.20086332],
[ 9.02452868  6.33173213  1.23335186],
[ 6.83098172  9.98381321  1.40772139],
[  3.35560234  11.97769456   1.43945317],
[ 9.59133796  3.12516638  1.53713877],
[ 8.7328252   9.52467955  1.60869418],
[ 9.43242209  7.069143    1.74721901],
[ 8.53596691  4.91087347  1.78349053],
[ 7.51164884  8.39161664  1.90327354],
[  6.55912933  11.98951841   1.9751076 ],
[  4.91515493  11.34454311   2.15240497],
[  3.74070823  11.53628629   2.23323074],
[ 9.58286918  7.21846333  2.36962874],
[ 8.27570292  6.03309085  2.4258847 ],
[  3.81441499  11.59917537   2.4494658 ],
[ 9.0926583   4.18851335  2.46206466],
[ 9.55325697  2.89788094  2.71385256],
[ 8.33193775  6.76085633  2.75275379],
[  3.23847642  14.35444326   2.79119285],
[  7.00073471  10.86522691   2.96510988],
[ 8.51700277  8.42216593  3.05817571],
[ 8.27696444  8.35006088  3.1365479 ],
[  5.9081835   12.7249501    3.15760917],
[  3.8274709   12.14747494   3.27204353],
[  4.73359366  12.35026747   3.32407527],
[ 9.21786398  5.77013986  3.40807307],
[ 7.94955652  8.50458843  3.41579076],
[  5.5637174   13.20189611   3.61381958],
[ 8.39690187  3.34828366  3.62129299],
[  6.79297859  12.56414469   3.9392272 ],
[ 7.87760058  9.35404675  4.13188233],
[ 8.86509561  3.15926367  4.15429753],
[  3.59382741  12.21502179   4.41046719],
[ 8.59109065  3.26825024  4.68894561],
[  8.63327042  10.40531729   4.71059942],
[  4.29769759  11.17362266   4.74506395],
[ 9.22459096  7.93930118  4.78554098],
[ 7.45723142  9.38191598  4.8635767 ],
[  3.69143371  11.674795     4.98990211],
[  6.68831802  11.59418616   5.14943101],
[ 8.82296444  3.13374166  5.16850371],
[  2.72626365  12.77714612   5.25036458],
[  4.64790297  11.02827976   5.29976343],
[ 8.16885835  5.98819705  5.40983934],
[ 7.03674526  9.07847332  5.46409065],
[  6.81596815  11.24421694   5.46956078],
[  3.23717329  13.33261825   5.4744483 ],
[ 7.84440029  9.90135604  5.56600328],
[  3.18312759  13.90965667   5.60519595],
[  6.28688025  12.60084152   5.87057402],
[ 9.77555583  6.96055653  6.29686858],
[ 9.87930725  3.82272697  6.35652317],
[  4.1184353   13.74381533   6.76188032],
[ 9.65640284  2.41764342  6.81728342],
[  3.07026071  12.25066617   6.91196893],
[ 8.49508005  8.68597551  7.09139379],
[ 8.21690315  5.7461399   7.23457799],
[ 9.77282363  4.38421022  7.24641434],
[  4.71669822  11.3699058    7.30871271],
[  6.27593234  12.78183291   7.31013627],
[  3.91776479  12.97197335   7.40671707],
[ 7.54373611  8.00644193  7.61256936],
[  6.27322675  11.67022587   7.62429726],
[  7.86475879  11.86783289   7.63250585],
[ 8.64185914  6.00142722  7.63391503],
[ 9.42051116  9.1757337   7.82295041],
[  4.82328629  11.7027675    7.86586526],
[ 7.58927161  8.44573061  7.90065238],
[  4.9141206   10.95868383   7.92631139],
[  7.31343711  11.46496809   7.93505797],
[  5.67926268  11.93400301   7.95694302],
[ 8.43891843  6.60317773  7.96897192],
[  3.09968559  13.13168246   8.03912581],
[ 8.61657998  4.6938482   8.06277794],
[  7.19282754  11.13974977   8.31303213],
[  2.73280507  12.92535812   8.36516557],
[  6.08633229  12.18827108   8.51669891],
[  3.88403425  12.56834493   8.77920675],
[  4.09785907  14.30757873   8.87158046],
[  7.33281759  10.27294648   8.90419258],
[ 8.36412582  8.69030467  8.99558764],
[ 9.25113306  8.67085014  9.02908228],
[  4.16654972  13.41630194   9.19531134],
[ 9.6206595   6.11863252  9.31040979],
[  3.36399654  14.53883417   9.34897746],
[ 9.30832293  5.64103427  9.35400527],
[  5.53376051  11.54961683   9.36714906],
[ 6.80164553  9.24437398  9.4172711 ],
[ 7.56731646  8.79803801  9.45321105],
[ 9.64319338  5.58609019  9.54234927],
[ 6.78799228  9.40310781  9.81533693],
[  8.48586812   6.1697123   10.0342797 ],
[  8.96119249   4.69859093  10.10489791],
[  8.33416887   3.86823572  10.11741842],
[  6.65152816  10.76816729  10.16163177],
[  4.77557035  13.67161539  10.2255274 ],
[  7.72993883   7.56321541  10.26364708],
[  5.42224684  11.73288236  10.4261652 ],
[  4.90151097  12.2993339   10.66095979],
[  5.00814222  11.07825526  10.73055752],
[  9.13230429   6.66776611  10.80032492],
[  6.77623515  13.02699704  10.81974648],
[  9.05223629   7.39201447  10.84312422],
[  6.89672688  12.19698355  10.94361271],
[  9.24961609   4.39374727  11.17424894],
[ 10.32097843   4.62512399  11.25884317],
[  9.92205337   3.38933888  11.6326585 ],
[  9.59343018   4.61261364  11.6603058 ],
[  8.59777855   3.37511202  11.75595979],
[  9.88364968   3.27183272  11.79816585],
[  9.94884004   4.0972119   11.84832353],
[  8.80772867   6.22571665  12.04471142],
[  8.47853402   3.67651041  12.15018789],
[  4.25885901  12.86666315  12.30414131],
[  6.97082313  12.35802776  12.36708898],
[  9.00628077   4.13739582  12.5214131 ],
[  9.10226249  10.19585477  12.58322641],
[  5.2631885   12.86483871  12.7226903 ],
[  7.76110187   8.35197115  12.79153138],
[  9.26359955   3.65096263  12.83726032],
[  8.9349394    6.01611735  12.95151373],
[  5.40448353  11.44118971  13.09241489],
[  3.27735764  11.81117487  13.11212801],
[  7.72116249   7.17943141  13.20822719],
[  9.48001746   3.30200638  13.24771578],
[  5.01805388  14.00627996  13.32596404],
[  3.71722417  12.26958013  13.36053871],
[  5.56875996  11.62298247  13.48901194],
[  9.81982175   5.80385105  13.51247439],
[  8.31866076  11.10532376  13.53246357],
[  5.83359278  10.68401921  13.62738065],
[  3.95044178  11.280558    13.65812122],
[  4.67866503  12.88768611  14.2699117 ],
[  9.20182001   4.81049381  14.27320269],
[  8.25041523   5.82636485  14.3625121 ],
[  6.28269207  13.30773847  14.37342285],
[ 10.17391843   4.38869321  14.44823317],
[  9.2834891    3.69275638  14.46321112],
[  8.81464266  10.18106096  14.46643235],
[  9.09003836   4.2764775   14.54566372],
[  7.43149285  11.53247709  14.93146786],
[  5.89741598  12.45372515  14.93800767],
[  4.25873973  11.28660595  14.93962077],
[  8.14885246   7.42917439  14.97198426],
[  8.86502151   3.83037353  15.20902238],
[  5.36137873  10.47527419  15.54621497],
[  8.80333929   3.42751368  15.55086561],
[  2.46855723  11.83301473  15.6620136 ],
[  7.95488459   8.62631483  15.68434978],
[  8.41033874   9.17976887  15.72206193],
[  4.55142688  13.77499099  15.73899451],
[  6.87667176  10.12587097  16.02122627],
[  9.00041442   8.95896569  16.09622724],
[  8.12261993  10.28345264  16.18816023],
[  8.11753486   6.50164683  16.21405244],
[  8.69631772   4.49594222  16.43134851],
[  8.69857716   3.1740996   16.61451034],
[  7.66286644   7.85902808  16.6247695 ],
[  2.57952807  11.89148724  16.70466603],
[  9.06344336   2.92617005  16.80762121],
[  9.03600269   3.74498182  17.05903979],
[  9.01162665   8.60757415  17.126021  ],
[  3.7718823   13.07707045  17.17533051],
[  8.47011134   4.30559533  17.22131621],
[  5.56683291  12.56289342  17.3954375 ],
[  8.8987217    3.61969332  17.637103  ],
[  4.1556312   13.43319961  17.87293038],
[  6.74028409   9.95784155  17.89025742],
[  3.66337308  13.47582824  18.01782498],
[  5.50198903  11.57402463  18.06071911],
[  7.85086974  11.0869248   18.09528265],
[  9.74518581   8.15553821  18.29669481],
[  3.5639969   12.77994074  18.30322926],
[  7.63577597  11.28311175  18.43845453],
[  3.2541306   11.58893742  18.47605525],
[  4.41872854  12.03951189  18.61057497],
[  3.90013171  12.8769775   18.6731939 ],
[  3.56980351  14.11171354  18.73034296],
[  6.75816005  10.53525944  18.82939748],
[  8.92881428   5.30982665  18.85481988],
[  9.634799     5.32834162  18.97954114],
[  6.73195809  11.70383783  19.17796726],
[  7.12711779  12.09040882  19.52794196],
[  9.14579061   9.18108371  19.55353287],
[  7.40657869   9.22643548  19.74439793],
[  7.0072405   10.53196902  19.77089718],
[  8.80878314   5.50612545  19.80446096],
[  6.39774359  11.48177867  19.80612434],
[  7.42771278  12.14743117  19.82185562],
[  6.27091843  12.51530396  19.86231662],
[  6.15465857  11.86345019  19.95274036],
[  9.47391983   3.17154985  20.13981172],
[  9.85278169   5.14581718  20.18167004],
[  9.01551451   3.49808779  20.18821597],
[  4.7245016   12.05471572  20.41079931],
[  4.61913571  11.63704899  20.48129967],
[  9.68502134   3.99759597  20.51191929],
[  7.84669881   6.98639369  20.62197135],
[  9.82521656   3.37003273  20.63894042],
[  8.74930576   3.94875634  20.7598345 ],
[  7.37230447  12.36835197  20.80333344],
[  8.61548065   6.67896026  21.07638494],
[  9.33263155   4.83724481  21.16082485],
[  6.00079002  12.04590842  21.19539602],
[  4.51999858  13.4908424   21.31550212],
[  9.79329303   5.21348297  21.39553793],
[  5.78866518  13.03209777  21.46784166],
[  7.4369778    9.20425462  21.54897376],
[  6.89899758   9.5728334   21.60782319],
[  4.11474872  13.86600296  21.6889558 ],
[  3.35138593  13.91322677  21.69427863],
[  4.76575006  12.69901678  21.70522887],
[  8.57200788  10.7186295   21.73264079],
[  7.99481533   7.4242805   21.92818345],
[  7.97038459   7.03826591  22.01062795],
[  9.04922517   8.4964987   22.08343988],
[  7.84121952   7.844147    22.15278584],
[  6.57294983  10.82037505  22.21112115],
[  9.37667121   3.01522569  22.42868103],
[  9.71029      3.39319443  22.43784113],
[  7.90017654   7.79325914  22.535925  ],
[  6.83045805  12.13537102  22.6518805 ],
[  8.53862424  10.74361837  22.68878529],
[  9.38099773   7.96499818  22.72052041],
[  8.44265988  11.40466391  22.72313429],
[  6.71884151  10.4315605   22.92724349],
[  4.21897089  13.36752383  23.09294927],
[  3.16789089  11.94086694  23.30713353],
[  6.93125716  11.34662884  23.39824325],
[  9.61027408   4.91031161  23.45194618],
[  7.54954364   9.57456442  23.45621957],
[  3.54159822  11.78730207  23.52372284],
[  5.00699976  11.21014404  23.61453056],
[  5.93222447  13.03974212  23.64773339],
[  6.46578348   9.85815162  23.71385425],
[  7.90026585  10.5977472   24.01997021],
[  5.81890445  10.28702309  24.31566506],
[ 10.08346584   6.38300618  24.3441352 ],
[  6.70713393  10.61335143  24.34743063],
[  6.6239015   11.87857269  24.44739172],
[  6.9114834   11.63382302  24.50859251],
[  6.71418169  10.79053425  24.53299344],
[  7.65243302   9.921945    24.66251754],
[  5.48611028  11.30379009  24.67916748],
[  8.2923798    5.94142424  25.18137708],
[  3.18985997  12.07437335  25.24424345],
[  9.64603839   6.1856775   25.37035888],
[  9.21593129   9.39082757  25.41440492],
[  6.10517455  11.77523917  25.41462819],
[  7.12090894   9.51051405  25.53861395],
[  9.04550846   8.59863859  25.76726392],
[  8.33740662   8.32279428  25.99325911],
[  5.0617128   11.12258433  26.13518814],
[  4.04877462  13.92254002  26.16835529],
[  8.90788427  10.54789368  26.26774895],
[  3.27004255  13.81125503  26.50558819],
[  4.40870755  13.82772761  26.50867102],
[  7.9278979    6.49051918  26.61231685],
[  8.49151487   4.16041629  26.6663041 ],
[  3.23473557  11.84860077  26.68887762],
[  3.94427978  13.72403594  26.74252552],
[ 10.02489944   6.22654625  26.76775996],
[  6.01986451  10.20743384  26.84027245],
[  6.84064632  12.44550599  26.85064661],
[  4.75778568  11.55326613  26.9016289 ],
[  9.6820387    2.38677145  27.05995613],
[  5.20073588  12.63939931  27.12080914],
[  5.43859503  13.40914163  27.17143391],
[  9.21355488  10.00358214  27.37352883],
[  8.22549745   9.56010352  27.40470202],
[  7.01029883  10.12849635  27.43238585],
[  7.43201793   8.85495802  27.44844417],
[  4.56521697  12.55105235  27.4886634 ],
[  2.85946194  11.9494385   27.51472069],
[  8.07517768  10.60411068  27.51982147],
[  2.80250041  12.57230298  27.53036018],
[  5.4580812   13.70513595  27.58797669],
[  6.81172662   9.69381087  27.64481248],
[  5.09393654  11.67451331  27.65777207],
[  4.28432496  13.40416624  27.67803781],
[  8.39763299   7.10108189  27.71280193],
[  7.04114449   9.47763343  27.71522645],
[  4.95772801  11.96858139  27.8511145 ],
[  8.97278449   5.58307023  27.85154351],
[  6.313166    12.14259905  28.09513266],
[  9.32283117   5.99304376  28.15408554],
[  6.8413914   10.37267448  28.87370583],
[  9.52475483   2.58648251  28.89364268],
[  6.54157208  10.40973694  29.0634981 ],
[  6.72822487  11.74743091  29.22370628],
[  4.9608978   11.34064023  29.38549412],
[  4.07006171  11.83613887  29.5801672 ],
[ 10.08539961   6.15755166  29.59306091],
[  8.95258193   4.72394374  29.63982856],
[  3.96650558  14.10994577  29.68449421],
[  9.43677867   8.18847247  29.75870474],
[  5.35935295  12.91187217  30.40851211],
[  3.57413738  12.04446911  30.79064688],
[  4.25483463  11.38857548  30.8181995 ],
[  9.22930169   3.04663307  30.83222762],
[  3.08447092  12.11232678  31.0401574 ],
[  6.40718058  10.37255414  31.04564242],
[  6.07105583  10.31953302  31.10478664],
[  4.72217944  13.2915558   31.12119637],
[  4.468534    11.4667821   31.45725435],
[  8.76247221   3.27457334  31.62556798],
[  6.98862433  12.0582674   31.62992857],
[  8.627194     5.33926491  31.75910688],
[  8.86142799   8.36085125  31.78068049],
[  7.17314163   9.6962303   31.88280382],
[  7.33314297  10.22135161  31.9518073 ],
[  9.03923061   3.06047735  32.00120736],
[  2.7835178   12.84792413  32.05880116],
[  8.05940762   7.56594766  32.26287234],
[  8.84968944   7.84438631  32.26440928],
[  3.54184947  12.40360291  32.50158494],
[  3.88263341  14.48058172  32.54276909],
[  7.62044996   8.39809569  32.60001356],
[  3.54180066  13.46268344  32.64973187],
[  6.66131435   9.47012312  32.81372168],
[  9.65025778   3.74815602  32.8190013 ],
[  5.76359247  12.66504071  33.06537911],
[  5.55795465  12.5020404   33.5087068 ],
[  7.0450987   12.79752175  33.56855648],
[  6.42657585  11.02225449  33.5693155 ],
[  5.57128228  11.85296852  33.90903055],
[  8.87376982   7.48052601  33.93762549],
[  7.72133435  11.11467017  34.04431224],
[  8.93316112   8.16688996  34.10508637],
[  6.82590428  10.1435572   34.26599513],
[  8.68329392   5.17286977  34.26825003],
[  9.4585795    6.61538532  34.45956192],
[  4.40835002  14.28632085  34.49935618],
[  9.80435495   5.58691864  34.69830685],
[  8.12325934   7.02520124  34.70191764],
[  7.75787006  11.93969518  34.76075245],
[  9.29944309   5.83918213  34.96023617],
[  6.87309288  11.1956947   35.13541238],
[  4.59741481  14.06141031  35.27225553],
[  4.69692122  13.94972014  35.38788415],
[  9.16586639   7.13559741  35.40227108],
[  4.43817061  12.27856382  35.4395932 ],
[  6.77830948  12.6424124   35.44358635],
[  9.44357698   2.52541531  35.46601431],
[  4.23771176  12.40725636  35.46722648],
[  8.50412828   7.11318586  35.59505551],
[  6.66476899  12.72333563  35.67277363],
[  3.28377627  13.58736516  35.84958955],
[  6.43201991  11.41221295  35.92885644],
[  4.76284156  13.35620941  35.93836279],
[  3.96075301  11.59065734  35.95436756],
[ 10.21316703   5.00369158  36.02724676],
[  8.8637229    3.65842026  36.10298175],
[  2.8622903   14.36241456  36.19360847],
[  6.05086567  12.23858278  36.2192273 ],
[  4.13211394  12.12724036  36.21963066],
[  6.79999723  12.07935307  36.82683235],
[  9.03802859   5.42173959  36.85868817],
[  8.30333509   4.59167775  36.87888151],
[  9.11865846   7.68636777  36.97305954],
[  6.39903469  11.43123455  37.00820733],
[  7.24505345   9.20172911  37.06147101],
[  9.61718972   5.80123367  37.09615166],
[  2.91944203  14.31334009  37.09895263],
[  3.52679242  12.24788467  37.295692  ],
[  8.57255141   7.40797047  37.33700155],
[  8.60656708   8.2534454   37.4770229 ],
[  5.20032764  10.98771104  37.53376895],
[  8.90083354   6.34924312  37.59437856],
[  5.47386788  10.78152137  37.6987715 ],
[  7.29269224   8.88028524  37.77101124],
[  7.65942248   7.71720692  37.82002393],
[  9.20925085   3.20755127  37.86473501],
[  9.48456602   3.87543724  37.9066175 ],
[  9.44609585   2.58959736  38.02443745],
[  5.48132507  11.27506671  38.09719284],
[  2.98324986  13.34957721  38.32899838],
[  6.83278543   9.67223893  38.33302644],
[  2.86333411  12.46961312  38.3573735 ],
[  4.22467174  11.11854572  38.51256062],
[  9.96344503   3.45461538  38.81903638],
[  9.76272001   3.43771548  38.83532217],
[  9.10330472   8.20308033  39.07661122],
[  6.39304036  10.97920285  39.12278685],
[  5.33783257  10.46354134  39.12595288],
[  3.08238321  11.90851003  39.20501931],
[  9.03043005   4.69033965  39.59231274],
[  7.70493985   8.85863521  39.70911735],
[  8.32639724   6.53173927  39.79355267],
[  5.00008668  12.31894493  39.85448688],
[  9.50855446   3.08638056  39.88250391],
[  3.57223738  12.45079322  40.20893731],
[  8.6622055    9.89356868  40.60108055],
[  4.08468663  12.28375415  40.68394382],
[  9.70310998   4.40947645  40.74612437],
[  8.89601778   6.15881953  40.74684601],
[  8.29569961  10.39936805  40.84208883],
[  6.16630823  10.61262372  40.92298017],
[  4.21250286  12.8394998   40.94934646],
[  8.81443654   5.15449688  41.00948957],
[  8.40836956   5.27663187  41.03551487],
[  5.22163846  12.3908506   41.07240965],
[  6.35285295  10.97397337  41.18848632],
[  5.3085832   12.01703982  41.2778283 ],
[  4.51063698  12.35662642  41.40954148],
[  6.75870474   9.52061129  41.41101406],
[  4.90050792  11.98829869  41.42813374],
[  3.67397867  13.25647717  41.4954674 ],
[  8.37970882   8.28884632  41.70131333],
[  5.63124682  12.94735524  41.75916893],
[  8.4024628    3.82368261  41.86255829],
[  9.56572727   8.60845738  41.89699792],
[  8.84101774   9.71957849  41.92122807],
[  9.09132322   3.13004111  42.03088289],
[  4.58010409  11.68513509  42.04095742],
[  9.13312169   8.47045514  42.08727205],
[  3.07131165  14.45169313  42.17766388],
[  9.96934652   4.30348842  42.31172087],
[  9.24961806   2.77456614  42.51476555],
[  7.4876156    9.66514753  42.60297246],
[  5.60268184  11.85149878  42.78882782],
[  3.30513773  14.31210718  42.81610816],
[  8.39503322   3.74580924  42.89519692],
[  4.72089799  13.99642359  42.91317114],
[  7.94875818  10.74059533  42.97033044],
[  4.98074305  11.88639342  42.99094483],
[  8.42593341  10.93431481  43.22085566],
[  5.05612506  12.83452057  43.23286281],
[  9.69542529   5.759627    43.34762086],
[  6.42262439  12.08515926  43.42509145],
[  8.93141609   3.36246881  44.07727436],
[  4.04038232  11.6477089   44.11972478],
[  5.07599963  13.39612601  44.31935414],
[  3.89909258  12.6277782   44.489702  ],
[  8.63256692   9.28838862  44.53031266],
[  5.44119011  13.44794978  45.11852631],
[  5.44578297  13.18035951  45.18686722],
[  9.03984068   2.87199471  45.22626641],
[  8.80646038   9.34099544  45.30757805],
[  3.85671847  13.14914613  45.41760481],
[  4.41636449  12.48301468  45.65376013],
[  5.10033738  12.72667016  45.91043085],
[  3.50359226  11.66232062  45.91886444],
[  6.747758    10.18862976  46.10877523],
[  5.43984126  13.20480104  46.13818454],
[  6.43522361  10.31028865  46.40457625],
[  7.8935428    8.24792477  46.57345569],
[  8.3992304    3.40311548  46.67312342],
[  2.56841909  12.10606663  46.67540213],
[  7.16863162  12.62581856  46.76167963],
[  9.22512124   4.19235172  46.84307007],
[  9.36386208   3.31153398  46.84689127],
[  6.69750139   9.80454992  46.91877267],
[  3.60975376  13.7009679   47.0057611 ],
[  6.3610232    9.92501131  47.08498558],
[  8.67735278   7.16680967  47.1541485 ],
[  7.7732279    9.77523958  47.20459226],
[  9.8670586    5.16579302  47.3558506 ],
[  7.68545745  11.46277546  47.52521753],
[  4.33696524  14.09239648  47.55056663],
[  3.43913809  13.24722701  47.7600639 ],
[  2.66539013  12.55668618  47.80639344],
[  6.07239112  12.58050969  47.96217239],
[  4.45123776  11.32666918  48.3565676 ],
[  5.83319765  10.21706533  48.50586731],
[  3.29783419  13.62991986  48.71047367],
[ 10.11553413   4.53839577  48.72828822],
[  9.50273558   4.21157073  48.74682576],
[  4.9916939   11.50745993  48.77278794],
[ 10.19696745   5.52130187  48.77540115],
[  2.85853494  12.70168081  48.83755198],
[  5.41059482  11.66250264  48.8631398 ],
[  2.7247251   12.82880761  48.90996519],
[  8.67908702   7.42117727  48.94099124],
[  2.75457246  13.71788832  49.13881148],
[  8.30795183  11.56151369  49.37246458],
[  6.723908    10.64141799  49.41766514],
[  8.90650058   7.72171803  49.56405118],
[  7.67220591  10.59331733  49.84842291],
[  8.14785263   6.07670666  49.8527908 ],
[  5.82615466  11.62408794  50.39675834],
[  9.29418828   6.25986936  50.5516277 ],
[  8.86362403   9.15239156  50.59268172],
[  8.6511059    5.32633814  50.64565175],
[  6.12194172  11.85679079  50.65868673],
[  8.55842783   8.450623    50.67018924],
[  6.53846704  10.97184672  50.71731243],
[  6.25138073  10.92533863  50.74985754],
[  3.90811095  13.87689972  50.76646745],
[  3.91697872  12.57206752  51.00435581],
[  8.92339883   5.31808704  51.11508925],
[  6.72505155  10.89648443  51.38613414],
[  5.0669063   12.77217831  51.41888928],
[  6.32349696  10.15728988  51.48714606],
[  9.28507926   7.18881339  51.54778475],
[  7.01887449  11.46590639  51.58199264],
[  7.4654886   10.62933956  51.65045213],
[  8.84299917  10.15915971  51.69491161],
[  4.05615036  12.05833715  51.74876092],
[  6.34761474  11.77287153  51.91014533],
[  7.59985983  10.17413715  51.95167778],
[  6.3684435   12.82559926  52.00264858],
[  5.28207438  11.54609871  52.43644437],
[  4.16649688  12.98831722  52.53436491],
[  5.82187053  10.72630122  52.58163736],
[ 10.14035813   5.94267789  52.66929561],
[  3.55533146  12.38889757  52.79195802],
[  3.61567282  12.60856917  52.83755782],
[  9.68212566   8.58062357  53.0105669 ],
[  5.08958709  13.55376594  53.04652095],
[  6.97667818  11.27597745  53.23543267],
[  5.12613375  12.11920099  53.25882265],
[  7.91802264   6.14252949  53.27274337],
[  3.37833602  14.42330617  53.3469102 ],
[  8.98956167   4.35819656  53.62828057],
[  7.72745175   9.80328807  53.64082006],
[  4.70114421  11.8222597   53.64811588],
[ 10.26323147   4.20837979  53.65972394],
[  7.49660873   8.27296127  53.6662825 ],
[  4.42988809  11.33426389  53.80699479],
[  5.0101422   11.82153204  54.10548333],
[  3.03956777  12.32252269  54.27120418],
[  8.84256515   8.09534981  54.28648367],
[  6.06605025  11.4829229   54.41946205],
[  3.91076292  13.79342033  54.46497684],
[  8.71435787   3.30053065  54.51478724],
[  9.40424769   8.64492978  54.54017963],
[  9.39450086   5.28841196  54.71783314],
[  6.21389586  12.79516818  54.76948107],
[  8.62000683   8.25339383  54.79112209],
[  9.68740456   6.774308    55.01633353],
[  8.90448793  10.18895661  55.05040677],
[  8.89878219   4.52015882  55.05442771],
[  2.87226655  12.60607829  55.10988979],
[  4.21123304  11.90395798  55.14779118],
[  9.93992029   4.01693652  55.49822167],
[  6.39349023   9.96541783  55.5533457 ],
[  6.31584804  12.97578117  55.72324131],
[  8.32721254   4.03172716  55.94037588],
[  4.68332196  11.40991148  56.02012995],
[  5.26690014  10.59729563  56.02408687],
[  4.84160017  12.96525135  56.02497521],
[  8.12657469  10.87124364  56.15185744],
[  6.61269162  11.91574409  56.20559642],
[  8.17205467   9.47134743  56.33278327],
[  6.68912427  10.0101417   56.41695157],
[  3.40813319  11.39818051  56.59946763],
[  9.24567226   6.58934513  56.94325182],
[  2.64618482  11.64503969  57.12770505],
[  8.28567757  10.07155348  57.19883476],
[  3.69409073  14.22823763  57.31443408],
[  5.77719552  12.89665813  57.34371924],
[  5.27217589  12.60355376  57.54673521],
[  3.88024467  13.34351677  57.55978932],
[  2.66796702  13.04648319  57.57666111],
[  8.05445987  10.04094558  57.71361238],
[  6.12007337  12.89239096  57.78532669],
[  8.8218655    5.85969556  57.91113803],
[  8.31562698   9.29138565  57.92189745],
[  3.657555    12.26961197  57.94153035],
[  6.27368249  13.38614093  58.01939959],
[  8.06190614   7.94990963  58.10622106],
[  9.5058291    5.37743759  58.11004609],
[  9.84238356   6.85411071  58.22518374],
[  7.30945451   9.87353897  58.32326706],
[  8.96985186   3.97580988  58.34476476],
[  5.60792647  11.42716486  58.38047129],
[  4.09605716  11.6821819   58.38582218],
[  6.41935712  12.53851439  58.40724995],
[  4.36576868  13.75161441  58.60162423],
[  5.04299753  12.97898439  58.60913918],
[  8.04346517  10.89478719  58.62304709],
[  7.83497722  11.91984831  58.69850792],
[  3.97377235  12.01875962  58.71747659],
[  7.08287044  10.65235669  58.81488583],
[  6.57129742  10.70322548  58.86583794],
[  6.23438439  10.79660578  59.22566774],
[  4.83135581  12.97185621  59.22595923],
[  4.74790916  11.37270598  59.33220825],
[  9.27038708   3.28925576  59.41043149],
[  4.42126342  12.65875747  59.47665379],
[  3.79144567  12.89361822  59.51115027],
[  6.22855381  10.83029467  59.65978841],
[  6.11405252  10.05005797  59.7325252 ],
[  9.7735945    5.58813638  59.85648622],
[  9.44527045   4.32974572  59.85849474],
[  6.31150214  10.53283242  59.90735445],
[  7.32295029   8.78862269  59.96010934],
[  8.37560004   3.892111    60.01664867],
[ 10.29236249   4.35266358  60.01791448],
[  7.76481245   8.96639329  60.11043344],
[  7.09557962   9.8942438   60.21194514],
[  8.9484984    4.30488199  60.27789353],
[  5.3030965   13.88079491  60.38362417],
[  3.96334336  13.32171985  60.43957727],
[  3.45619606  13.73444998  60.44086551],
[  9.19138463   3.77280751  60.47191629],
[  3.43715403  13.64612117  60.48968454],
[  4.5524839   14.23239055  60.68171024],
[  9.87882652   3.83732044  60.704501  ],
[  7.77663156   8.23744715  60.92897827],
[  4.16587049  11.08694892  60.9689123 ],
[  9.11366084   5.92575449  61.03866855],
[  7.15755392  11.21990545  61.08371298],
[  8.03715621   6.58388183  61.09588589],
[  8.89361551  10.41407359  61.28192174],
[  9.01353588  10.44205587  61.38756198],
[  9.38245559   6.77332319  61.3983781 ],
[  8.35919115   4.16877028  61.72884039],
[  7.63107801  10.23703189  61.83263418],
[  4.87710863  13.6105332   61.92494369],
[  7.46848981  10.13439059  62.85650997],
[  7.91624676   8.68467704  63.1336869 ],
[  7.00170362  10.81594339  63.18311125],
[  8.06710373  11.62024562  63.47298033],
[  4.08547026  14.1412418   63.63658664],
[  7.54148912   9.7625128   63.64811806],
[  7.53714332   9.44124911  63.68911874],
[  8.60449026  11.11711044  63.7457164 ],
[  7.77678711   7.97557726  63.80387173],
[  9.63166889   4.71091548  63.80593667],
[  9.52596836   4.28407     63.89467247],
[  5.20900461  13.36596644  63.94339612],
[  5.50773826  12.63468596  63.96389168],
[  6.36532587  12.79845009  63.98080357],
[  8.20933288   5.86950871  64.12776092],
[  8.95531246   8.48945842  64.1626    ],
[  9.28289811   3.29798609  64.31968717],
[  3.1570849   14.45079332  64.32911308],
[  6.38926663  11.96705846  64.4214086 ],
[  9.47881014   5.80678926  64.59092866],
[  7.7485689    8.48748248  64.64402753],
[  6.82272943  10.18652595  64.82441112],
[  8.14396564   5.40752395  65.07901719],
[  9.24596694   5.19766051  65.10554478],
[  7.23076254  10.02678252  65.20263339],
[  8.89127416   8.9138753   65.36300306],
[  3.40059601  14.27392234  65.3886329 ],
[  8.01355062   5.9138427   65.43235373],
[  5.454459    11.86722139  65.63568354],
[  9.02823476   4.59470001  65.70231254],
[  8.05429081   8.31921873  65.70564837],
[  7.46498155   9.07063869  65.71611703],
[  7.40461761   9.28627956  66.2126629 ],
[  4.10524097  13.82420283  66.31107284],
[  2.82292163  13.71543912  66.31593005],
[  6.45778453   9.73362942  66.36414178],
[  9.01275724   4.12326703  66.42875315],
[  6.30010553  10.49210787  66.59138393],
[  5.13712578  12.58466529  66.63056972],
[  7.34662275   8.4089892   66.83824459],
[  3.65350691  14.41478861  66.96315328],
[  2.83881628  11.72815126  66.96826278],
[  8.59832508  11.07002129  67.12782123],
[  3.53879312  13.35927504  67.28729618],
[  3.81208064  11.74853396  67.30846681],
[  8.39948129   5.33733861  67.33413779],
[  2.58463594  12.78726117  67.34796794],
[  8.18118457   6.83430951  67.36573893],
[  5.14804875  10.8322034   67.41011072],
[  9.84179659   5.26041335  67.52530086],
[  4.54227274  12.72996837  67.6028011 ],
[  8.62628231   4.67848729  67.66740742],
[  7.59394293   7.76279897  67.66979407],
[  5.44133169  13.63997736  67.68662582],
[  9.31055117   2.90382113  67.77388212],
[  8.52562937   5.89333958  67.9464926 ],
[  7.67861037  10.53001963  68.00919551],
[  4.60771341  12.66434517  68.06335849],
[ 10.05850634   3.93881565  68.19974295],
[  8.77664601   9.32825898  68.26864826],
[  3.21935185  13.51334595  68.38915398],
[ 10.03928904   6.50924812  68.44555068],
[  8.53968916   5.62985678  68.51803304],
[  7.58375542  11.42791327  68.55262562],
[  8.04686191  10.87304111  68.58746905],
[  8.22090048   4.93575523  68.65646484],
[  8.14033344   6.36145389  68.70086467],
[  8.98453808   5.62571885  68.77806367],
[  4.72107732  11.80619419  68.80532147],
[  4.63399906  11.84065812  68.90211149],
[ 10.11879146   4.23310284  68.92121563],
[  9.5363811    5.02408769  68.96113991],
[  6.04056868  11.8923071   69.09838352],
[  6.28425045  13.30799121  69.29964651],
[ 10.13510308   6.1952042   69.38577903],
[  8.35589461   3.46473026  69.57250591],
[  9.81644475   3.20441391  69.60846173],
[  9.63249884   4.6654038   69.66899907],
[  9.40319246   3.52894007  69.68335614],
[  8.39970378   9.11502742  69.82958083],
[  8.29938097   9.37229131  70.05141442],
[  6.70117153  11.65383356  70.0614759 ],
[  7.48997674  12.30558912  70.15401576],
[  8.34052921   6.20723223  70.20209355],
[  8.58887465   5.13732613  70.38623112],
[  2.87938369  13.06073211  70.61637739],
[  5.42508082  10.88836701  70.83900482],
[  3.96146777  12.54455733  71.00694815],
[  8.01143552   6.67047851  71.25371656],
[  3.09756022  14.28774794  71.26617243],
[  8.28454742   4.34265425  71.3861406 ],
[  8.71671892   8.08098148  71.45558791],
[  3.48760362  12.59874286  71.65227989],
[  9.98877037   5.74144971  71.7115537 ],
[  6.71791054  12.83897164  71.75264693],
[  4.11993402  11.21696496  71.85552965],
[  6.08364264  12.99781287  72.00004998],
[  7.49713982  12.08665478  72.09960162],
[  7.30430979  12.4256682   72.51629585],
[  9.17601622   3.21048609  72.69898438],
[  2.68198798  12.3645613   72.85078763],
[  2.86065418  12.37190051  72.85330181],
[  3.25541417  11.84178229  72.86408648],
[  5.64926302  10.94292667  72.98774097],
[  8.7808348    8.06120575  72.99089931],
[  4.89641638  10.84326912  73.24127661],
[  7.6593625    7.52152594  73.33917516],
[  7.94732121   7.3095689   73.43051082],
[  3.43364132  11.56173351  73.67421289],
[  8.91429341   5.05214026  73.74313156],
[  8.28626471  11.60060794  73.81810181],
[ 10.11957222   5.11706473  73.86871591],
[  7.60909109   7.40328822  73.95567897],
[  4.64837829  11.7584238   73.96780156],
[  9.30842627   6.92148926  74.01413761],
[  3.90494227  13.99853038  74.10993611],
[  8.91594682   6.00713728  74.21310598],
[  6.3321704   10.72602854  74.34031876],
[  7.72169192   8.39084231  74.44682348],
[  4.75229558  12.70338793  74.63529972],
[  9.23399266   7.90519229  74.6636664 ],
[  6.87342471  10.81207692  74.70537426],
[  3.52708128  13.57932659  74.8193524 ],
[  7.37763727  12.01060247  74.95348934],
[  9.12688704   6.60528448  75.07148371],
[  4.29919068  12.67627201  75.18690986],
[  5.87975102  13.27084486  75.24750754],
[  8.51685556   3.58297125  75.45224602],
[  2.59006573  11.59191549  75.48061977],
[  8.1559999    5.78235826  75.60420375],
[  9.42161405   6.21861195  75.609083  ],
[  7.04836164  12.04228989  75.70432448],
[  9.23142348   6.51795439  75.80479189],
[  5.98207831  10.25138156  76.07001294],
[  9.10072204   7.59639819  76.07664524],
[  2.87675698  11.96841258  76.22942743],
[  9.48393501   9.12487281  76.45545372],
[  2.77555465  13.97453887  76.6630775 ],
[  8.18715946   9.10765319  77.06654149],
[  7.39721911   8.40985066  77.15927529],
[  5.62939272  12.73672447  77.25895242],
[  8.84441498   8.44833522  77.29814966],
[  9.98744871   3.96270575  77.34677902],
[  8.09967449   6.59872675  77.38435017],
[  9.72587884   2.51009239  77.39029714],
[  9.08456307   5.14455336  77.44004889],
[ 10.25791207   4.31244879  77.71394909],
[  8.3980681    8.96393542  77.71411579],
[  7.31782809  11.67373855  77.96726926],
[  4.18714081  11.46709075  77.98980777],
[  3.13243967  11.58325591  77.99148884],
[  4.40020112  12.59074182  78.04664651],
[  4.23434421  12.42711128  78.07958458],
[  5.86303039  11.84100716  78.26384904],
[  6.16747467  10.87903607  78.3779573 ],
[  9.96775855   5.86178981  78.46213198],
[  9.68805601   5.9243915   78.48481944],
[  7.83321838   6.91245461  78.8557588 ],
[  8.26404359   4.20944465  78.89588674],
[  5.96986701  10.52028409  78.95967439],
[  8.34568498  11.24567424  79.10356074],
[  6.96450749  10.63944548  79.32941576],
[  8.10150732  11.33339753  79.43589459],
[  9.36284397   6.00654101  79.70257958],
[  5.24699878  13.87535415  79.73946493],
[  7.58266803  10.16466183  79.75588857],
[  7.35853186   8.86569241  79.78910122],
[  7.24859205  10.81602671  79.82098851],
[  4.52455938  13.72556407  79.86312848],
[  8.5195509   11.21052449  79.89763198],
[  7.216322    10.67521372  80.08467368],
[  7.1401245    9.44523259  80.10610291],
[  7.88700704   7.0716573   80.44432747],
[  8.03150499   8.59797635  80.54558331],
[  9.56697093   6.08209638  80.66443173],
[  6.61388135  11.77678677  80.89884131],
[  7.78471595  10.11952404  81.00733077],
[  6.69246278  10.45144277  81.05968301],
[  2.66292815  12.4213893   81.23001638],
[  2.67254787  13.03777092  81.25869972],
[  8.12995792   9.9402655   81.26435442],
[  9.5325899    8.3321861   81.29618713],
[  9.72968036   5.38370572  81.49954191],
[  5.67646921  12.32654464  81.60123221],
[ 10.2682895    5.09142251  81.88969128],
[  6.56694578  12.71263808  82.07893511],
[  8.25433534   3.78900776  82.15474056],
[  8.23738081   3.74212875  82.27276939],
[  9.03684333   5.32251737  82.37561375],
[  8.26147789   6.68331739  82.4471115 ],
[  9.53944709   8.00016236  82.67403989],
[  7.14944418  10.69249613  82.81793897],
[  7.89581281  11.21404909  82.82576343],
[  9.93270575   4.9475978   82.83130855],
[  6.39483444  12.49828078  82.86040799],
[  6.72598811   9.35133587  82.96434277],
[  5.16142419  11.00210919  83.01785921],
[  8.54871924   6.14976467  83.12730824],
[  9.88043432   3.31617928  83.14170862],
[  7.47529417  12.0876404   83.23920869],
[  7.39054717  12.35905552  83.49922722],
[  8.36376519  11.47657268  83.52119306],
[  9.8694065    5.96327512  83.61288147],
[  5.81164767  10.32868768  83.63562546],
[  9.82231386   6.74319409  83.63608084],
[  9.24431355   3.15222475  83.78634733],
[  3.87488653  11.88153692  83.93303256],
[ 10.18627356   4.58770643  83.93412597],
[  3.84305817  13.39213127  83.94034892],
[  2.8673548   12.9912902   83.95905572],
[  8.16947953   5.39486695  83.98284274],
[  9.78628908   4.60749783  83.98686263],
[ 10.27905671   4.38001545  84.09547381],
[  8.94477357   4.41754629  84.3280872 ],
[  8.85046153   9.8893749   84.40850301],
[  8.10114561  10.86488979  84.46878669],
[  5.32898837  10.47296208  84.67033258],
[  6.172898    10.2351388   84.67331184],
[ 10.07928887   3.66276703  84.70905167],
[  9.46738904   2.85369076  84.85673648],
[  8.10474603   6.63526517  84.88918711],
[  5.31534407  11.38904336  85.05769091],
[  7.31742642   8.76800672  85.13423147],
[  3.15110995  11.94899277  85.24141792],
[  7.72852132   9.7692933   85.29363922],
[  5.81147031  13.01337781  85.31236001],
[  4.20147309  14.22057075  85.32317818],
[  5.89536127  13.37487245  85.47805285],
[  6.76070703  10.1127084   85.58422481],
[  3.53613931  11.49176887  85.60323157],
[  8.46362994   9.19679273  85.63269674],
[  8.34746834   4.44188942  85.71589085],
[  5.61478351  13.32953088  85.74807491],
[  5.1805847   13.54612983  85.89436098],
[ 10.12557631   5.03167355  86.12305244],
[  5.73791706  10.86502089  86.27549576],
[  7.90259623   8.02972044  86.33062434],
[  7.39859585   9.75943733  86.49435751],
[  5.92900711  13.23539881  86.51517176],
[  8.18285863  10.43367575  86.62500415],
[  6.73533204  10.53647983  86.62662058],
[  7.1614892   10.37046557  86.64343864],
[  3.55540639  12.91225347  86.73432783],
[  4.42636784  11.98748178  86.87815226],
[  8.95931325   5.89598028  86.89517513],
[  9.84206821   4.90234319  87.33548168],
[  4.30669798  13.7861696   87.35772242],
[  6.55752066  11.07715657  87.47732844],
[  2.82842199  12.77482333  87.70625878],
[  7.89358668   8.63633198  87.87884257],
[  6.50388168  10.91466949  87.98013693],
[  6.11638278   9.96351678  88.02513734],
[  8.17141291   5.44033834  88.0612472 ],
[  8.79884646   5.26608566  88.12909991],
[  3.88416296  11.22989498  88.35498349],
[  5.93959155  11.71478952  88.51532573],
[  7.53238467   7.7012922   88.52175033],
[  8.50030958   4.22204544  88.65502938],
[  8.56595274   5.62508519  88.76593561],
[  8.30394858   6.34083091  89.01329079],
[  3.08343218  12.16788167  89.15775854],
[  4.1020565   13.13214633  89.21618556],
[  9.33963233   3.21305906  89.35099476],
[  8.57323329   8.23134166  89.47298955],
[  8.08555762   5.81009731  89.60386911],
[  7.73084362   9.71990503  89.78426149],
[  6.79172478  12.26278384  89.81668894],
[  8.98731965   6.99761076  89.87670307],
[  9.41828991   4.35253615  89.89266981],
[  5.95594208  11.68270091  89.9101682 ],
[  8.88168993   3.81522833  89.98633941],
[  5.04877797  12.44489393  90.18299406],
[  4.99352322  11.36517087  90.66650305],
[  7.59035384   8.23233207  90.67926459],
[  5.85818687  10.26805653  90.86119671],
[  4.92303537  12.47727657  90.90795787],
[  9.85302866   7.76297825  90.94220058],
[  8.32782702   8.71222812  91.03597091],
[  7.98052335   6.59918846  91.0665467 ],
[  4.63353221  11.4333137   91.09566514],
[  4.36919626  12.58696824  91.10914306],
[  4.12464661  12.3533041   91.11514649],
[  8.57030465   9.19476614  91.13712667],
[  6.52699887  11.24071456  91.25174822],
[  6.59477071  11.69925854  91.41344872],
[  4.94297986  11.51009158  91.49477663],
[  7.21332121   8.97892357  91.62566892],
[  2.92272842  12.08371646  91.76032425],
[  9.31510579   7.24463451  91.86587043],
[  8.50700605   8.26400733  92.20731061],
[  9.48934866   2.77233331  92.24923948],
[  9.31404245   4.81370253  92.27478247],
[  4.40357719  13.95617623  92.53296682],
[  3.94460947  12.22074464  92.55693517],
[  8.93076378   3.72407844  92.60160817],
[  5.21067703  11.99339462  92.73200695],
[  9.01279167   7.65694436  92.96265614],
[  6.18953574  10.66509616  92.98602897],
[  7.19567054   9.10470499  93.01259722],
[  6.31272985  10.74034456  93.06448692],
[  9.70478805   6.33552094  93.11351073],
[  9.11605097   3.98553019  93.20919084],
[  9.28695856   2.96725933  93.4319598 ],
[  7.87099608   8.60807523  93.5652132 ],
[  8.70241327   9.49681267  93.71211877],
[  2.88169571  12.79928935  93.72778798],
[  4.29014032  12.47778006  93.83280912],
[  8.22770455   5.23730747  93.8841939 ],
[  2.91302782  13.10846656  93.91923772],
[  9.25874601   6.31264197  94.02466783],
[  7.70726874   7.37542277  94.10658357],
[  8.80667318   3.32701912  94.16061201],
[  7.52090769  11.18980694  94.16681585],
[  6.65854499  10.34486725  94.30045772],
[  4.30815014  13.53663365  94.40968926],
[  3.2085128   12.05837818  94.44973206],
[  9.21718204   7.13089806  94.68054439],
[  8.28269566   7.67317633  94.72398245],
[  9.33847956   9.19894884  94.76621293],
[  6.62095281  10.6990508   94.76813173],
[  7.21522191   9.32251706  94.8481264 ],
[  5.80812567  11.47265248  94.94073051],
[  5.53301106  11.27654092  95.27791558],
[  4.69457606  11.17916232  95.39811422],
[  8.94642737   3.22083448  95.40004889],
[  9.42143257   4.05689874  95.42966014],
[  8.99196042   3.7287417   95.55615251],
[  6.42440404  11.4912066   95.82737483],
[  8.70429283   8.26489657  95.85013411],
[  7.98082396   6.21776305  95.8657964 ],
[  6.61520205  11.36331613  96.00946898],
[  5.17112699  13.49549386  96.02712851],
[  3.67501298  14.53130965  96.1045446 ],
[  7.13220418  11.89204156  96.11021599],
[  6.4322416   10.16089484  96.18446838],
[  5.79012853  10.43397576  96.31369715],
[  3.47134854  14.41195822  96.37422168],
[  8.24537492   6.07874846  96.43582182],
[  7.84297766  10.56224508  96.50615168],
[  9.61910823   8.12009888  96.57978246],
[  4.93455048  13.87554418  96.70133651],
[  4.84534828  12.2567836   96.90036   ],
[  8.89473464   8.4242673   97.17697507],
[  8.67995224  10.43035655  97.20760212],
[  7.40423405  10.61920854  97.27266558],
[  4.45981636  12.85306088  97.33149167],
[  5.34290493  11.25513565  97.43671347],
[  7.47523507  12.12618228  97.63437632],
[  5.03403204  12.52617439  97.6922309 ],
[  5.41938389  12.46551294  97.72293888],
[  8.3673685    8.83318447  97.75364479],
[  8.91528465   3.85333973  97.90993901],
[  7.60548119  10.57848547  97.9238365 ],
[  4.99432814  10.72423074  97.9463484 ],
[  4.32689095  12.0942806   97.97295453],
[  8.97194975   6.77685376  98.03841702],
[  6.74056213  12.25910165  98.41382469],
[  8.82617094   5.16714694  98.59728105],
[  8.78681076   4.50047372  98.60102459],
[  8.87733832   7.89331051  98.7147773 ],
[  8.43408997  11.04470791  98.72156196],
[  8.79084583   9.98094922  98.8760548 ],
[  3.74139925  12.48034814  98.99762013],
[  9.21015653   7.60087052  99.05716493],
[  7.45455546   8.70375868  99.07010647],
[  3.69014701  11.71435443  99.08955857],
[  7.45173618  10.33439673  99.20409737],
[  9.30565287   3.46213902  99.29371681],
[  9.26913503   6.69927936  99.36494799],
[  2.81101611  13.56730936  99.42990563],
[  6.61293722  11.54316515  99.77843521],
[  5.70968115  13.44355709  99.80535602],
[  4.52820952  12.36793231  99.83262359],
[  7.79700962  10.05810959  99.85936126],
[  7.7454875    9.36223472  99.94655772],
[  8.52764843   4.02408664  99.94826084],
[  7.81901054  10.90883334  99.99337015],
[  2.79234413  13.24076312  99.99790347],
