[-0.76124771  0.6484612   0.        ],
[-0.30033495  0.9538338   0.        ],
[-0.6381769   0.76988976  0.        ],
[-0.84265392  0.53845555  0.        ],
[-0.70211526  0.71206331  0.        ],
[-0.88973996  0.45646774  0.        ],
[-0.21704106  0.97616247  0.        ],
[-0.21681148  0.97621349  0.        ],
[-0.5422302  -0.84022998  0.        ],
[-0.92442665 -0.38135989  0.        ],
[-0.99602415 -0.08908359  0.        ],
[-0.9598329  0.2805723  0.       ],
[-0.57293444 -0.8196012   0.        ],
[-0.62317439 -0.78208291  0.        ],
[-0.36441221  0.93123775  0.        ],
[-0.90136403 -0.43306222  0.        ],
[-0.9923631  0.123351   0.       ],
[-0.98958843 -0.14392617  0.        ],
[-0.79479267  0.60688106  0.        ],
[-0.66210873  0.74940778  0.        ],
[-0.56038848 -0.82822989  0.        ],
[-0.78098917 -0.62454457  0.        ],
[-0.16878806  0.98565237  0.        ],
[-0.68052743 -0.73272261  0.        ],
[-0.80160753  0.59785062  0.        ],
[-0.98641747 -0.16425767  0.        ],
[-0.48447406  0.87480563  0.        ],
[-0.22758796  0.97375753  0.        ],
[-0.55318603  0.83305775  0.        ],
[-0.55138124 -0.8342534   0.        ],
[-0.68186755  0.73147567  0.        ],
[-0.99817012 -0.06046827  0.        ],
[-0.9568629   0.29053984  0.        ],
[-0.22149666  0.97516113  0.        ],
[-0.78471438  0.61985752  0.        ],
[-0.44817447  0.89394611  0.        ],
[-0.53874994  0.84246573  0.        ],
[-0.82490195 -0.56527583  0.        ],
[-0.79300971 -0.60920899  0.        ],
[-0.79793201 -0.60274747  0.        ],
[-0.54475432  0.83859569  0.        ],
[-0.75221216  0.65892099  0.        ],
[-0.81944103  0.5731635   0.        ],
[-0.49545409  0.86863413  0.        ],
[-0.58329043  0.81226368  0.        ],
[-0.85645893 -0.51621517  0.        ],
[-0.81544549 -0.57883387  0.        ],
[-0.4269189   0.90428992  0.        ],
[-0.61848906 -0.78579341  0.        ],
[-0.65952394  0.75168356  0.        ],
[-0.95563878  0.2945412   0.        ],
[-0.68451824 -0.72899574  0.        ],
[-0.09872681  0.99511457  0.        ],
[-0.54086019  0.84111251  0.        ],
[-0.10818767  0.99413049  0.        ],
[-0.81903611 -0.57374197  0.        ],
[-0.83825243  0.54528238  0.        ],
[-0.98594213  0.16708716  0.        ],
[-0.5678177   0.82315434  0.        ],
[-0.48944535  0.87203397  0.        ],
[-0.07394703  0.99726217  0.        ],
[-0.91463835  0.40427303  0.        ],
[-0.17568916  0.98444569  0.        ],
[-0.99812593 -0.06119335  0.        ],
[-0.84945693 -0.52765796  0.        ],
[-0.91395083  0.40582493  0.        ],
[-0.59603933 -0.80295524  0.        ],
[-0.58644315 -0.80999039  0.        ],
[-0.08144038  0.99667821  0.        ],
[-0.71646295  0.69762515  0.        ],
[-0.80433082  0.59418174  0.        ],
[-0.83560474 -0.54933115  0.        ],
[-0.9888324   0.14903182  0.        ],
[-0.27285487  0.96205521  0.        ],
[-0.76487632 -0.64417716  0.        ],
[-0.52840064  0.84899515  0.        ],
[-0.36576353  0.93070782  0.        ],
[-0.55853568 -0.8294805   0.        ],
[-0.44352875  0.89626014  0.        ],
[-0.71440501  0.69973244  0.        ],
[-0.89096477  0.45407244  0.        ],
[-0.99756336  0.06976635  0.        ],
[-0.67289791 -0.73973536  0.        ],
[-0.93360436  0.3583056   0.        ],
[-0.78548121 -0.6188855   0.        ],
[-0.35129427  0.9362651   0.        ],
[-0.86729924 -0.49778714  0.        ],
[-0.8616847   0.50744406  0.        ],
[-0.03592726  0.99935441  0.        ],
[-0.70293122  0.71125783  0.        ],
[-0.84931281 -0.5278899   0.        ],
[-0.43242714  0.90166888  0.        ],
[-0.89664713 -0.4427459   0.        ],
[-0.54193621 -0.84041962  0.        ],
[-0.99302106  0.1179372   0.        ],
[-0.747872    0.66384295  0.        ],
[-0.98445034  0.17566312  0.        ],
[-0.92985048  0.3679376   0.        ],
[-0.98714925  0.15980102  0.        ],
[-0.88264374  0.47004258  0.        ],
[-0.54540601 -0.83817199  0.        ],
[-0.89134161  0.45333226  0.        ],
[-0.11236976  0.99366646  0.        ],
[-0.83516514 -0.54999926  0.        ],
[-0.68594512  0.72765328  0.        ],
[-0.85553192 -0.51775007  0.        ],
[-0.79426565  0.60757064  0.        ],
[-0.22615129  0.97409219  0.        ],
[-0.74777975 -0.66394687  0.        ],
[-0.37947634  0.92520144  0.        ],
[-0.60929257  0.7929455   0.        ],
[-0.33180846  0.94334678  0.        ],
[-0.79953912  0.60061401  0.        ],
[-0.41108695  0.91159614  0.        ],
[-0.99970254 -0.02438929  0.        ],
[-0.40036916  0.91635393  0.        ],
[-0.82471016 -0.56555562  0.        ],
[-0.38278972  0.9238355   0.        ],
[-0.82163809 -0.57000951  0.        ],
[-0.51513496  0.85710908  0.        ],
[-0.85183272  0.52381391  0.        ],
[-0.53989244  0.84173402  0.        ],
[-0.82590969 -0.56380243  0.        ],
[-0.5854978   0.81067399  0.        ],
[-0.60481629 -0.79636503  0.        ],
[-0.72961199  0.68386135  0.        ],
[-0.57562771 -0.81771189  0.        ],
[-0.774481    0.63259717  0.        ],
[-0.74993881 -0.6615072   0.        ],
[-0.22099229  0.97527556  0.        ],
[-0.99175047 -0.12818346  0.        ],
[-0.82881881  0.5595171   0.        ],
[-0.72749315 -0.68611495  0.        ],
[-0.71996567 -0.69400968  0.        ],
[-0.69002269 -0.72378773  0.        ],
[-0.98941548 -0.14511036  0.        ],
[-0.62586555 -0.77993097  0.        ],
[-0.14386634  0.98959713  0.        ],
[-0.67418774 -0.73856001  0.        ],
[-0.89565255  0.44475443  0.        ],
[-0.95376014 -0.30056879  0.        ],
[-0.98027259 -0.19765034  0.        ],
[-0.03640958  0.99933695  0.        ],
[-0.7333707  -0.67982896  0.        ],
[-0.9481253  -0.31789687  0.        ],
[-0.54826518 -0.83630455  0.        ],
[-0.40380346  0.91484576  0.        ],
[-0.54092336  0.84107188  0.        ],
[-0.94748907  0.31978814  0.        ],
[-0.14148792  0.98993998  0.        ],
[-0.07899828  0.99687475  0.        ],
[-0.99266044 -0.12093487  0.        ],
[-0.18668536  0.98241976  0.        ],
[-0.12735618  0.99185705  0.        ],
[-0.46354577  0.88607298  0.        ],
[-0.86101247 -0.50858384  0.        ],
[-0.53783102  0.84305266  0.        ],
[-0.18516188  0.98270803  0.        ],
[-0.79447645 -0.60729497  0.        ],
[-0.41294117  0.9107577   0.        ],
[-0.54890653  0.83588373  0.        ],
[-0.94086074  0.33879354  0.        ],
[-0.84405156  0.53626203  0.        ],
[-0.61092894 -0.79168544  0.        ],
[-0.73666665  0.67625605  0.        ],
[-0.88274121  0.46985951  0.        ],
[-0.76771151 -0.64079563  0.        ],
[-0.85062422 -0.52577413  0.        ],
[-0.47092844  0.88217141  0.        ],
[-0.55847236 -0.82952313  0.        ],
[-0.67017331  0.74220464  0.        ],
[-0.87234132  0.48889735  0.        ],
[-0.38048538  0.92478694  0.        ],
[-0.53822397 -0.84280185  0.        ],
[-0.64961581 -0.76026266  0.        ],
[-0.75051476  0.66085369  0.        ],
[-0.85340756 -0.52124422  0.        ],
[-0.96423093 -0.26506359  0.        ],
[-0.98355117 -0.18062973  0.        ],
[-0.14392427  0.9895887   0.        ],
[-0.79405309  0.60784841  0.        ],
[-0.999375    0.03534972  0.        ],
[-0.69631915 -0.71773229  0.        ],
[-0.83033519  0.55726428  0.        ],
[-0.87911312  0.47661317  0.        ],
[-0.30135739  0.95351126  0.        ],
[-0.68032198  0.73291337  0.        ],
[-0.50577801  0.86266367  0.        ],
[-0.67132993  0.74115863  0.        ],
[-0.57983984  0.81473048  0.        ],
[-0.38209607  0.92412261  0.        ],
[-0.99962994  0.02720257  0.        ],
[-0.53099206  0.84737679  0.        ],
[-0.61477976  0.78869883  0.        ],
[-0.99994763  0.01023378  0.        ],
[-0.66822994 -0.7439548   0.        ],
[-0.70080438  0.71335351  0.        ],
[-0.37783455  0.92587313  0.        ],
[-0.80896983  0.58785016  0.        ],
[-0.97482305 -0.22297986  0.        ],
[-0.73438929 -0.67872849  0.        ],
[-0.88820032  0.45945641  0.        ],
[-0.81449129 -0.58017578  0.        ],
[-0.8553618  -0.51803108  0.        ],
[-0.85632513 -0.51643709  0.        ],
[-0.86605357  0.49995121  0.        ],
[-0.62369177 -0.78167037  0.        ],
[-0.6755902   0.73727734  0.        ],
[-0.83619155 -0.54843749  0.        ],
[-0.99527782  0.09706734  0.        ],
[-0.99991956 -0.01268358  0.        ],
[-0.99923115 -0.03920589  0.        ],
[-0.68134534  0.73196211  0.        ],
[-0.54523389 -0.83828396  0.        ],
[-0.98797574  0.15460897  0.        ],
[-0.61647653  0.78737329  0.        ],
[-0.85452538 -0.51940964  0.        ],
[-0.41544197  0.90961968  0.        ],
[-0.89929772 -0.43733696  0.        ],
[-0.99822268 -0.05959434  0.        ],
[-0.92189381  0.38744265  0.        ],
[-0.58795052 -0.8088969   0.        ],
[-0.5622734 -0.8269514  0.       ],
[-0.81899805 -0.5737963   0.        ],
[-0.99991139 -0.01331233  0.        ],
[-0.588965    0.80815854  0.        ],
[-0.55179677 -0.83397861  0.        ],
[-0.60225512 -0.79830369  0.        ],
[-0.16868792  0.98566951  0.        ],
[-0.64836188  0.7613323   0.        ],
[-0.5825653  0.8127839  0.       ],
[-0.99060217  0.13677479  0.        ],
[-0.54785725 -0.83657183  0.        ],
[-0.80170171 -0.59772433  0.        ],
[-0.63001696  0.77658137  0.        ],
[-0.99759106  0.06936916  0.        ],
[-0.68067837  0.73258239  0.        ],
[-0.91979881 -0.39239029  0.        ],
[-0.99795415 -0.06393374  0.        ],
[-0.68591483  0.72768183  0.        ],
[-0.75878425  0.65134205  0.        ],
[-0.49392594  0.86950398  0.        ],
[-0.50762314  0.86157922  0.        ],
[-0.8225802  -0.56864912  0.        ],
[-0.79719979  0.60371558  0.        ],
[-0.5691504   0.82223343  0.        ],
[-0.74382943  0.6683695   0.        ],
[-0.59236159  0.80567223  0.        ],
[-0.98700126  0.1607125   0.        ],
[-0.22019636  0.97545557  0.        ],
[-0.82457902 -0.5657468   0.        ],
[-0.77086752  0.6369955   0.        ],
[-0.75161257  0.65960484  0.        ],
[-0.95543763  0.29519305  0.        ],
[-0.77694362  0.62957018  0.        ],
[-0.76646196 -0.64228971  0.        ],
[-0.48937933  0.87207102  0.        ],
[-0.30908135  0.9510356   0.        ],
[-0.15829995  0.98739107  0.        ],
[-0.99208242 -0.12558853  0.        ],
[-0.65578609  0.75494676  0.        ],
[-0.1776046   0.98410193  0.        ],
[-0.7290847   0.68442348  0.        ],
[-0.59077515 -0.80683625  0.        ],
[-0.92749713 -0.37383027  0.        ],
[-0.57162413 -0.8205156   0.        ],
[-0.71828979  0.69574404  0.        ],
[-0.61294616 -0.79012468  0.        ],
[-0.8422727   0.53905167  0.        ],
[-0.04462213  0.99900394  0.        ],
[-0.93728436  0.34856567  0.        ],
[-0.56327582 -0.82626893  0.        ],
[-0.66289261 -0.74871449  0.        ],
[-0.99855098  0.05381394  0.        ],
[-0.69831502 -0.71579057  0.        ],
[-0.70072074 -0.71343566  0.        ],
[-0.84963736  0.52736739  0.        ],
[-0.86272307 -0.50567668  0.        ],
[-0.57209227  0.82018927  0.        ],
[-0.89455777  0.44695233  0.        ],
[-0.17264269  0.98498452  0.        ],
[-0.99731595 -0.07321808  0.        ],
[-0.39276076  0.91964068  0.        ],
[-0.99657266 -0.08272199  0.        ],
[-0.57124488 -0.82077968  0.        ],
[-0.9999686   0.00792476  0.        ],
[-0.3233456   0.94628094  0.        ],
[-0.82681978 -0.56246693  0.        ],
[-0.59288776  0.80528511  0.        ],
[-0.99080498  0.13529777  0.        ],
[-0.99963907  0.02686496  0.        ],
[-0.99974684  0.02249995  0.        ],
[-0.46488082  0.88537327  0.        ],
[-0.99985769  0.01687011  0.        ],
[-0.5405261   0.84132725  0.        ],
[-0.7858574  -0.61840775  0.        ],
[-0.9208431  0.3899333  0.       ],
[-0.33507226  0.94219243  0.        ],
[-0.97785763  0.20927124  0.        ],
[-0.68009709  0.73312205  0.        ],
[-0.03712137  0.99931076  0.        ],
[-0.70306012 -0.71113042  0.        ],
[-0.67930148  0.73385932  0.        ],
[-0.98911934 -0.14711534  0.        ],
[-0.76177295  0.6478441   0.        ],
[-0.13911538  0.99027618  0.        ],
[-0.99754947 -0.06996471  0.        ],
[-0.71803131 -0.69601081  0.        ],
[-0.59173496  0.80613258  0.        ],
[-0.97686781  0.21384404  0.        ],
[-0.86649471 -0.49918626  0.        ],
[-0.80550157  0.59259364  0.        ],
[-0.84496771 -0.53481732  0.        ],
[-0.55683117 -0.83062569  0.        ],
[-0.74389005  0.66830202  0.        ],
[-0.58083534 -0.81402107  0.        ],
[-0.79855719 -0.60191895  0.        ],
[-0.93538895 -0.35362057  0.        ],
[-0.69618421 -0.71786318  0.        ],
[-0.97504758 -0.221996    0.        ],
[-0.74196713  0.67043626  0.        ],
[-0.60411685  0.79689575  0.        ],
[-0.7882075  -0.61540957  0.        ],
[-0.85730397 -0.51481055  0.        ],
[-0.97762767 -0.21034289  0.        ],
[-0.64935937  0.76048169  0.        ],
[-0.88919139  0.45753543  0.        ],
[-0.27592721  0.96117853  0.        ],
[-0.9970977  -0.07613258  0.        ],
[-0.60508182 -0.7961633   0.        ],
[-0.87704592 -0.48040655  0.        ],
[-0.62511989  0.78052874  0.        ],
[-0.66604208  0.74591417  0.        ],
[-0.41917983  0.90790323  0.        ],
[-0.85426513 -0.51983756  0.        ],
[-0.99442264 -0.10546856  0.        ],
[-0.5578108  -0.82996814  0.        ],
[-0.99564348 -0.09324195  0.        ],
[-0.88185623  0.47151838  0.        ],
[-0.2692397  0.9630732  0.       ],
[-0.35792843  0.93374902  0.        ],
[-0.89383969  0.44838668  0.        ],
[-0.91846498  0.39550231  0.        ],
[-0.84666739 -0.53212247  0.        ],
[-0.18220824  0.98325996  0.        ],
[-0.99982526 -0.01869337  0.        ],
[-0.5753623   0.81789866  0.        ],
[-0.60723695 -0.79452079  0.        ],
[-0.85385819  0.52050571  0.        ],
[-0.86879183 -0.49517751  0.        ],
[-0.71376607  0.70038418  0.        ],
[-0.51307285  0.85834507  0.        ],
[-0.87043728  0.49227933  0.        ],
[-0.99901957 -0.04427083  0.        ],
[-0.17150814  0.9851827   0.        ],
[-0.61053039 -0.79199283  0.        ],
[-0.02382178  0.99971622  0.        ],
[-0.8450159  -0.53474117  0.        ],
[-0.40524105  0.91420987  0.        ],
[-0.89856051 -0.43884964  0.        ],
[-0.74003234  0.67257129  0.        ],
[-0.95865794  0.284561    0.        ],
[-0.88073543  0.4736086   0.        ],
[-0.58652514 -0.80993102  0.        ],
[-0.52580677  0.85060404  0.        ],
[-0.65186963  0.75833105  0.        ],
[-0.59880033  0.80089835  0.        ],
[-0.99778614 -0.06650425  0.        ],
[-0.85795864 -0.51371876  0.        ],
[-0.99332499  0.1153493   0.        ],
[-0.48278989  0.87573622  0.        ],
[-0.97564202  0.21936873  0.        ],
[-0.97314964  0.23017335  0.        ],
[-0.32791037  0.94470884  0.        ],
[-0.9991197  -0.04195027  0.        ],
[-0.95449129 -0.29823879  0.        ],
[-0.57198269 -0.82026569  0.        ],
[-0.86162418 -0.50754681  0.        ],
[-0.94900467  0.31526202  0.        ],
[-0.57360309 -0.81913338  0.        ],
[-0.70860061 -0.70560979  0.        ],
[-0.8006522  -0.59912941  0.        ],
[-0.89964273 -0.4366268   0.        ],
[-0.66393363  0.74779151  0.        ],
[-0.33151916  0.94344849  0.        ],
[-0.99955284  0.02990172  0.        ],
[-0.99674118  0.08066608  0.        ],
[-0.33450909  0.94239252  0.        ],
[-0.7031058   0.71108525  0.        ],
[-0.99966679  0.02581303  0.        ],
[-0.9957132   0.09249449  0.        ],
[-0.61752615  0.78655035  0.        ],
[-0.55040657 -0.83489677  0.        ],
[-0.81157968  0.58424174  0.        ],
[-0.83397547 -0.55180152  0.        ],
[-0.99118621 -0.13247603  0.        ],
[-0.73276261  0.68048436  0.        ],
[-0.53462383  0.84509015  0.        ],
[-0.08643317  0.99625765  0.        ],
[-0.74804464  0.66364842  0.        ],
[-0.79481064  0.60685752  0.        ],
[-0.68923871  0.72453434  0.        ],
[-0.14123631  0.98997591  0.        ],
[-0.76251688 -0.64696832  0.        ],
[-0.68693925 -0.72671484  0.        ],
[-0.4248148   0.90528028  0.        ],
[-0.85126986  0.52472815  0.        ],
[-0.15895819  0.98728532  0.        ],
[-0.96398924 -0.26594124  0.        ],
[-0.58145864 -0.81357597  0.        ],
[-0.99242899 -0.12281976  0.        ],
[-0.57314787  0.81945196  0.        ],
[-0.04488975  0.99899195  0.        ],
[-0.67895891 -0.73417627  0.        ],
[-0.94918607  0.31471545  0.        ],
[-0.96895549  0.24723522  0.        ],
[-0.82114111  0.57072522  0.        ],
[-0.11622338  0.9932231   0.        ],
[-0.87115654 -0.49100538  0.        ],
[-0.98374063  0.17959502  0.        ],
[-0.82348255 -0.5673416   0.        ],
[-0.9356501  -0.35292902  0.        ],
[-0.955327    0.29555088  0.        ],
[-0.57949857 -0.81497325  0.        ],
[-0.94859843 -0.31648226  0.        ],
[-0.89530838  0.44544686  0.        ],
[-0.46904083  0.88317648  0.        ],
[-0.78149824  0.62390744  0.        ],
[-0.67419177  0.73855634  0.        ],
[-0.5579171  -0.82989669  0.        ],
[-0.68404225 -0.72944239  0.        ],
[-0.9604648   0.27840144  0.        ],
[-0.99790957  0.0646257   0.        ],
[-0.91025299 -0.41405252  0.        ],
[-0.69391398 -0.72005791  0.        ],
[-0.55555052 -0.83148279  0.        ],
[-0.94663129  0.32231849  0.        ],
[-0.92417591  0.38196713  0.        ],
[-0.07390151  0.99726554  0.        ],
[-0.99970633  0.02423339  0.        ],
[-0.86016272 -0.51001971  0.        ],
[-0.77260422  0.63488796  0.        ],
[-0.36003662  0.93293817  0.        ],
[-0.88959038 -0.45675919  0.        ],
[-0.69630908 -0.71774206  0.        ],
[-0.35805795  0.93369937  0.        ],
[-0.73738759 -0.67546987  0.        ],
[-0.8246865   0.56559011  0.        ],
[-0.76909127 -0.63913896  0.        ],
[-0.63910071 -0.76912306  0.        ],
[-0.9951707   0.09815948  0.        ],
[-0.49089783  0.87121715  0.        ],
[-0.21255383  0.97714936  0.        ],
[-0.995216   -0.09769909  0.        ],
[-0.7936686  -0.60835035  0.        ],
[-0.67604802 -0.73685756  0.        ],
[-0.99040985 -0.13816053  0.        ],
[-0.65358018  0.75685729  0.        ],
[-0.9974679   0.07111806  0.        ],
[-0.625558   -0.78017766  0.        ],
[-0.91560637  0.40207582  0.        ],
[-0.85011747  0.52659309  0.        ],
[-0.8323365   0.55427064  0.        ],
[-0.81644834  0.57741848  0.        ],
[-0.78424103 -0.62045628  0.        ],
[-0.38021043  0.92490001  0.        ],
[-0.32546606  0.94555372  0.        ],
[-0.99100558  0.13382052  0.        ],
[-0.5716902  -0.82046957  0.        ],
[-0.14662416  0.98919227  0.        ],
[-0.85164449  0.52411989  0.        ],
[-0.8654235   0.50104108  0.        ],
[-0.99792707  0.064355    0.        ],
[-0.93304588  0.3597574   0.        ],
[-0.74219188 -0.67018744  0.        ],
[-0.63185423 -0.77508724  0.        ],
[-0.91578107  0.40167776  0.        ],
[-0.748203   -0.66346987  0.        ],
[-0.85966663 -0.51085545  0.        ],
[-0.82180379 -0.56977059  0.        ],
[-0.80803942 -0.58912843  0.        ],
[-0.56126721  0.82763465  0.        ],
[-0.59205141 -0.8059002   0.        ],
[-0.9125249   0.40902115  0.        ],
[-0.99161501  0.12922722  0.        ],
[-0.6789884 -0.734149   0.       ],
[-0.71258733 -0.70158342  0.        ],
[-0.77135081 -0.63641019  0.        ],
[-0.60057225 -0.79957049  0.        ],
[-0.98654693  0.16347829  0.        ],
[-0.74829646 -0.66336447  0.        ],
[-0.85321192  0.5215644   0.        ],
[-0.82056385 -0.57155486  0.        ],
[-0.77945951  0.62645261  0.        ],
[-0.72295208 -0.69089817  0.        ],
[-0.08634866  0.99626498  0.        ],
[-0.5956316   0.80325774  0.        ],
[-0.04447111  0.99901067  0.        ],
[-0.99570651  0.09256647  0.        ],
[-0.99936168  0.03572429  0.        ],
[-0.56411688  0.82569495  0.        ],
[ -2.89244539e-05   1.00000000e+00   0.00000000e+00],
[-0.26110009  0.96531173  0.        ],
[-0.99914772  0.04127743  0.        ],
[-0.76562397 -0.64328838  0.        ],
[-0.614793   -0.78868851  0.        ],
[-0.99988409  0.01522519  0.        ],
[-0.68760096 -0.72608878  0.        ],
[-0.75560251  0.65503042  0.        ],
[-0.69710783  0.7169663   0.        ],
[-0.78667135  0.617372    0.        ],
[-0.81494601  0.57953689  0.        ],
[-0.87097532  0.49132676  0.        ],
[-0.54398053 -0.83909784  0.        ],
[-0.59303196  0.80517892  0.        ],
[-0.90268954  0.43029245  0.        ],
[-0.11251654  0.99364985  0.        ],
[-0.81060379  0.58559499  0.        ],
[-0.56892112 -0.8223921   0.        ],
[-0.80923985 -0.5874784   0.        ],
[-0.7768476  -0.62968866  0.        ],
[-0.53453204  0.84514821  0.        ],
[-0.67278851  0.73983486  0.        ],
[-0.9842485  -0.17679052  0.        ],
[-0.75892299 -0.65118039  0.        ],
[-0.67384212 -0.73887536  0.        ],
[-0.6044694  -0.79662836  0.        ],
[-0.17050124  0.98535746  0.        ],
[-0.99954952  0.0300127   0.        ],
[-0.95893898  0.28361245  0.        ],
[-0.77544058 -0.63142055  0.        ],
[-0.96235883  0.27178203  0.        ],
[-0.57891169  0.81539025  0.        ],
[-0.62696761  0.77904532  0.        ],
[-0.80203844 -0.59727242  0.        ],
[-0.91649178 -0.40005352  0.        ],
[-0.32620262  0.94529987  0.        ],
[-0.98929793  0.14590959  0.        ],
[-0.96341726  0.26800592  0.        ],
[-0.90504848  0.42530841  0.        ],
[-0.07401134  0.9972574   0.        ],
[-0.72720819 -0.68641696  0.        ],
[-0.92908698  0.36986131  0.        ],
[-0.66736412 -0.74473158  0.        ],
[-0.90888303  0.41705111  0.        ],
[-0.55648924 -0.83085482  0.        ],
[-0.8628485  -0.50546262  0.        ],
[-0.15927482  0.98723428  0.        ],
[-0.63145482  0.77541267  0.        ],
[-0.71471373  0.6994171   0.        ],
[-0.33029728  0.94387695  0.        ],
[-0.57362187 -0.81912023  0.        ],
[-0.57903578  0.81530213  0.        ],
[-0.96380115 -0.26662211  0.        ],
[-0.87951187 -0.47587696  0.        ],
[-0.68037566  0.73286354  0.        ],
[-0.5595035  -0.82882799  0.        ],
[-0.17199858  0.9850972   0.        ],
[-0.74672546 -0.66513239  0.        ],
[-0.49617592  0.86822201  0.        ],
[-0.90432607  0.42684231  0.        ],
[-0.55606815 -0.8311367   0.        ],
[-0.90612522  0.42300957  0.        ],
[-0.35071617  0.9364818   0.        ],
[-0.98113533 -0.19332216  0.        ],
[-0.91600322  0.40117091  0.        ],
[-0.05417031  0.99853171  0.        ],
[-0.15761497  0.98750064  0.        ],
[-0.64366971  0.76530341  0.        ],
[-0.51532691  0.85699369  0.        ],
[-0.99081517  0.13522316  0.        ],
[-0.83201343 -0.55475549  0.        ],
[-0.69727259  0.71680606  0.        ],
[-0.3904367   0.92062978  0.        ],
[-0.99467784 -0.10303392  0.        ],
[-0.78595624  0.61828213  0.        ],
[-0.51739106  0.85574908  0.        ],
[-0.00957765  0.99995413  0.        ],
[-0.55693331 -0.83055722  0.        ],
[-0.53595604 -0.84424589  0.        ],
[-0.83177712 -0.55510974  0.        ],
[-0.56618973 -0.82427495  0.        ],
[-0.85424781  0.51986602  0.        ],
[-0.13939831  0.99023639  0.        ],
[-0.75558597  0.6550495   0.        ],
[-0.99916449  0.04086957  0.        ],
[-0.9462454   0.32344961  0.        ],
[-0.68862773  0.72511506  0.        ],
[-0.84945739 -0.52765721  0.        ],
[-0.84728233  0.53114278  0.        ],
[-0.98101843  0.1939145   0.        ],
[-0.57354717 -0.81917254  0.        ],
[-0.95899732 -0.28341513  0.        ],
[-0.78620838 -0.61796148  0.        ],
[-0.77481639 -0.63218633  0.        ],
[-0.1596447   0.98717454  0.        ],
[-0.99101837 -0.13372583  0.        ],
[-0.70115125 -0.71301257  0.        ],
[-0.57710853 -0.81666747  0.        ],
[-0.03430099  0.99941155  0.        ],
[-0.62850933  0.77780204  0.        ],
[-0.5849675   0.81105673  0.        ],
[-0.04571389  0.99895457  0.        ],
[-0.66307698  0.74855121  0.        ],
[-0.46224083  0.88675443  0.        ],
[-0.54565322 -0.83801108  0.        ],
[-0.88061091  0.47384009  0.        ],
[-0.46911201  0.88313868  0.        ],
[-0.9864312   0.16417516  0.        ],
[-0.95020162  0.3116358   0.        ],
[-0.85479387  0.51896767  0.        ],
[-0.55126987 -0.83432699  0.        ],
[-0.99968882  0.02494504  0.        ],
[-0.98720169  0.15947671  0.        ],
[-0.68978109 -0.72401798  0.        ],
[-0.67623527 -0.73668573  0.        ],
[-0.49364149  0.8696655   0.        ],
[-0.86693379  0.49842332  0.        ],
[-0.09584835  0.99539595  0.        ],
[-0.25649515  0.96654552  0.        ],
[-0.87084083  0.49156511  0.        ],
[-0.63600957 -0.77168117  0.        ],
[-0.79022768  0.61281336  0.        ],
[-0.17541137  0.98449523  0.        ],
[-0.50514508  0.86303444  0.        ],
[-0.8602363  -0.50989559  0.        ],
[-0.77837535 -0.62779919  0.        ],
[-0.44253733  0.89675008  0.        ],
[-0.52144518  0.85328479  0.        ],
[-0.98784839 -0.15542058  0.        ],
[-0.56817727 -0.82290619  0.        ],
[-0.66339265 -0.74827147  0.        ],
[-0.03568069  0.99936324  0.        ],
[-0.66435259 -0.74741932  0.        ],
[-0.69492165 -0.71908546  0.        ],
[-0.4054203  0.9141304  0.       ],
[-0.66035592 -0.75095277  0.        ],
[-0.98904876  0.14758914  0.        ],
[-0.90491634 -0.4255895   0.        ],
[-0.34872778  0.93722406  0.        ],
[-0.76498977 -0.64404243  0.        ],
[-0.98860093  0.15055966  0.        ],
[-0.48457711  0.87474855  0.        ],
[-0.99973329  0.02309436  0.        ],
[-0.84792694  0.5301131   0.        ],
[-0.69765945 -0.71642955  0.        ],
[-0.51483968  0.85728648  0.        ],
[-0.59068859 -0.80689962  0.        ],
[-0.74594086  0.66601219  0.        ],
[-0.87028762  0.49254386  0.        ],
[-0.81141358 -0.58447242  0.        ],
[-0.90272367  0.43022084  0.        ],
[-0.09244031  0.99571823  0.        ],
[-0.59870894  0.80096667  0.        ],
[-0.25255184  0.96758336  0.        ],
[-0.03757345  0.99929387  0.        ],
[-0.71222076  0.70195555  0.        ],
[-0.35456739  0.93503046  0.        ],
[-0.94802571 -0.31819374  0.        ],
[-0.53269434  0.84630771  0.        ],
[-0.66074765  0.75060812  0.        ],
[-0.74800401 -0.66369421  0.        ],
[-0.74982554 -0.66163559  0.        ],
[-0.7580116   0.65224107  0.        ],
[-0.99071427 -0.13596043  0.        ],
[-0.91295969  0.40804975  0.        ],
[-0.36675566  0.9303173   0.        ],
[-0.85667685 -0.51585345  0.        ],
[-0.82118773 -0.57065814  0.        ],
[-0.57175854  0.82042195  0.        ],
[-0.78015745 -0.62558321  0.        ],
[-0.48870742  0.87244774  0.        ],
[-0.29166314  0.9565211   0.        ],
[-0.7430267  -0.66926177  0.        ],
[-0.79529793  0.60621877  0.        ],
[-0.56260722 -0.82672433  0.        ],
[-0.55659258 -0.83078559  0.        ],
[-0.95816177  0.28622722  0.        ],
[-0.92004702  0.39180796  0.        ],
[-0.66593255  0.74601196  0.        ],
[-0.75643997 -0.65406312  0.        ],
[-0.57380199 -0.81899406  0.        ],
[-0.83853646 -0.54484548  0.        ],
[-0.94735265 -0.32019206  0.        ],
[-0.97646847  0.21566023  0.        ],
[-0.48781242  0.87294848  0.        ],
[-0.57334228 -0.81931595  0.        ],
[-0.87878914 -0.47721028  0.        ],
[-0.73056714 -0.68284087  0.        ],
[-0.99896026  0.04558941  0.        ],
[-0.99906262  0.04328833  0.        ],
[-0.99238228  0.12319663  0.        ],
[-0.72256964 -0.69129813  0.        ],
[-0.84886344 -0.5286122   0.        ],
[-0.99568911 -0.0927534   0.        ],
[-0.95316447 -0.30245246  0.        ],
[-0.99990069  0.01409319  0.        ],
[-0.53531397 -0.84465316  0.        ],
[-0.96400508  0.26588383  0.        ],
[-0.94166807  0.33654307  0.        ],
[-0.6625712   0.74899894  0.        ],
[-0.6673672   0.74472882  0.        ],
[-0.8630825  -0.50506296  0.        ],
[-0.56032882 -0.82827025  0.        ],
[-0.61282437 -0.79021914  0.        ],
[-0.79028363 -0.61274121  0.        ],
[-0.68522595  0.72833055  0.        ],
[-0.99939245  0.03485308  0.        ],
[-0.16929376  0.98556564  0.        ],
[-0.78500332  0.61949156  0.        ],
[-0.99944033  0.03345189  0.        ],
[-0.56070099 -0.82801836  0.        ],
[-0.53515445 -0.84475424  0.        ],
[-0.99762017 -0.06894919  0.        ],
[-0.75162757 -0.65958775  0.        ],
[-0.01728233  0.99985065  0.        ],
[-0.99973971  0.02281483  0.        ],
[-0.2830537   0.95910406  0.        ],
[-0.73885155 -0.67386822  0.        ],
[-0.96751332  0.25282006  0.        ],
[-0.33137098  0.94350054  0.        ],
[-0.77312816  0.63424983  0.        ],
[-0.99646551 -0.08400293  0.        ],
[-0.71654674 -0.69753908  0.        ],
[-0.93318465 -0.35939727  0.        ],
[-0.26922273  0.96307794  0.        ],
[-0.99102567 -0.1336717   0.        ],
[-0.38644062  0.92231429  0.        ],
[-0.51505043  0.85715988  0.        ],
[-0.81576054  0.57838979  0.        ],
[-0.5545496  -0.83215067  0.        ],
[-0.3250802   0.94568645  0.        ],
[-0.99969326 -0.02476668  0.        ],
[-0.89978627 -0.43633092  0.        ],
[-0.91053745 -0.4134266   0.        ],
[-0.76706732 -0.64156662  0.        ],
[-0.7114341  -0.70275282  0.        ],
[-0.65724504  0.75367696  0.        ],
[-0.39279002  0.91962819  0.        ],
[-0.91150101  0.41129784  0.        ],
[-0.55148737 -0.83418324  0.        ],
[-0.60814991  0.7938222   0.        ],
[-0.37489502  0.92706727  0.        ],
[-0.58320678 -0.81232373  0.        ],
[-0.8905162   0.45495152  0.        ],
[-0.26603297  0.96396393  0.        ],
[-0.55437641 -0.83226606  0.        ],
[-0.3885834   0.92141355  0.        ],
[-0.98988563 -0.14186771  0.        ],
[-0.99382363 -0.11097118  0.        ],
[-0.02144093  0.99977012  0.        ],
[-0.69217554  0.72172919  0.        ],
[-0.05216503  0.99863848  0.        ],
[-0.76648865  0.64225785  0.        ],
[-0.98684387  0.16167617  0.        ],
[-0.88437028 -0.46678604  0.        ],
[-0.86715476 -0.49803878  0.        ],
[-0.82026205  0.57198791  0.        ],
[ -9.99999748e-01   7.09666582e-04   0.00000000e+00],
[-0.98699318  0.16076213  0.        ],
[-0.82031117  0.57191747  0.        ],
[-0.84846297  0.52925475  0.        ],
[-0.88849611  0.45888416  0.        ],
[-0.27425509  0.96165698  0.        ],
[-0.40520409  0.91422625  0.        ],
[-0.68549919 -0.72807339  0.        ],
[-0.70197236 -0.71220419  0.        ],
[-0.15516992  0.98788779  0.        ],
[-0.83362161  0.55233596  0.        ],
[-0.69816779  0.71593417  0.        ],
[-0.76105431 -0.64868816  0.        ],
[-0.99998324  0.00578887  0.        ],
[-0.92734487 -0.37420781  0.        ],
[-0.12542063  0.99210366  0.        ],
[-0.54842196 -0.83620174  0.        ],
[-0.53684886 -0.84367844  0.        ],
[-0.46691078  0.88430443  0.        ],
[-0.96118637 -0.27589991  0.        ],
[-0.4085876   0.91271911  0.        ],
[-0.98392405  0.17858743  0.        ],
[-0.62505941 -0.78057718  0.        ],
[-0.58923785 -0.80795962  0.        ],
[-0.68632976 -0.72729049  0.        ],
[-0.92638336 -0.37658182  0.        ],
[-0.47692911  0.87894176  0.        ],
[-0.98933632 -0.14564908  0.        ],
[-0.86529    -0.50127159  0.        ],
[-0.91091192 -0.41260087  0.        ],
[-0.98959149 -0.1439051   0.        ],
[-0.79164311 -0.61098378  0.        ],
[-0.39499059  0.91868517  0.        ],
[-0.1552625   0.98787325  0.        ],
[-0.96009983  0.27965749  0.        ],
[-0.8329978  0.5532763  0.       ],
[-0.55774101 -0.83001504  0.        ],
[-0.68371435  0.72974974  0.        ],
[-0.472431    0.88136766  0.        ],
[-0.57894702 -0.81536516  0.        ],
[-0.97971916  0.20037556  0.        ],
[-0.80078318  0.59895434  0.        ],
[-0.8032454   0.59564824  0.        ],
[-0.83132715 -0.55578338  0.        ],
[-0.98626863  0.16514901  0.        ],
[-0.7302123  -0.68322032  0.        ],
[-0.73880959  0.67391423  0.        ],
[-0.69201831  0.72187995  0.        ],
[-0.99794313  0.06410552  0.        ],
[-0.69530195 -0.71871775  0.        ],
[-0.48868132  0.87246236  0.        ],
[-0.81992599 -0.57246953  0.        ],
[-0.8479621  -0.53005686  0.        ],
[-0.58140657 -0.81361318  0.        ],
[-0.68695182  0.72670296  0.        ],
[-0.78936    -0.61393061  0.        ],
[-0.26325841  0.96472535  0.        ],
[-0.93777824  0.34723476  0.        ],
[-0.94925287  0.31451389  0.        ],
[-0.88335981 -0.46869548  0.        ],
[-0.64740338  0.76214754  0.        ],
[-0.96028731 -0.27901304  0.        ],
[-0.98383402  0.17908273  0.        ],
[-0.32062015  0.94720786  0.        ],
[-0.98752723 -0.15744831  0.        ],
[-0.59342117  0.80489212  0.        ],
[-0.68585243  0.72774064  0.        ],
[-0.85131167 -0.52466031  0.        ],
[-0.68741402  0.72626577  0.        ],
[-0.66638466  0.74560813  0.        ],
[-0.92230838 -0.38645471  0.        ],
[-0.95568558 -0.29438933  0.        ],
[-0.57203916 -0.82022631  0.        ],
[-0.54810467 -0.83640975  0.        ],
[-0.18997151  0.9817896   0.        ],
[-0.30938176  0.95093792  0.        ],
[-0.8578648   0.51387546  0.        ],
[-0.8625347   0.50599791  0.        ],
[-0.81259205 -0.58283287  0.        ],
[-0.5886367  -0.80839769  0.        ],
[-0.63204618  0.77493072  0.        ],
[-0.87410804 -0.48573155  0.        ],
[-0.92524838 -0.37936189  0.        ],
[-0.55320265  0.83304672  0.        ],
[-0.5601844  -0.82836793  0.        ],
[-0.85238273 -0.52291843  0.        ],
[-0.9964207   0.08453275  0.        ],
[-0.89995453  0.43598377  0.        ],
[-0.83322262  0.55293767  0.        ],
[-0.99982357 -0.01878386  0.        ],
[-0.72499651  0.68875254  0.        ],
[-0.67360653  0.73909014  0.        ],
[-0.91041781  0.41368999  0.        ],
[-0.61286219 -0.79018981  0.        ],
[-0.77565045 -0.63116272  0.        ],
[-0.99594965 -0.08991271  0.        ],
[-0.97417003 -0.22581577  0.        ],
[-0.61010738  0.79231874  0.        ],
[-0.19425683  0.9809507   0.        ],
[-0.17506062  0.98455766  0.        ],
[-0.95753873  0.28830466  0.        ],
[-0.62811992  0.77811655  0.        ],
[-0.99563833 -0.09329692  0.        ],
[-0.82367012 -0.56706925  0.        ],
[-0.59423405  0.80429217  0.        ],
[-0.23747839  0.97139282  0.        ],
[-0.62432196 -0.78116714  0.        ],
[-0.99260689  0.12137363  0.        ],
[-0.82494635  0.56521104  0.        ],
[-0.99995139 -0.0098599   0.        ],
[-0.65891053  0.75222132  0.        ],
[-0.60270719 -0.79796243  0.        ],
[-0.29729509  0.95478565  0.        ],
[-0.83749616  0.54644321  0.        ],
[-0.5677863  -0.82317599  0.        ],
[-0.98219509  0.18786378  0.        ],
[-0.93126865  0.36433322  0.        ],
[-0.8478152 -0.5302918  0.       ],
[-0.99339884  0.11471155  0.        ],
[-0.67468365 -0.73810702  0.        ],
[-0.99092873  0.13438847  0.        ],
[-0.56209664 -0.82707156  0.        ],
[-0.68318264  0.73024755  0.        ],
[-0.78442882  0.62021885  0.        ],
[-0.73393372 -0.67922109  0.        ],
[-0.86117933  0.50830126  0.        ],
[-0.10865124  0.99407993  0.        ],
[-0.7076204  -0.70659279  0.        ],
[-0.67152702  0.74098007  0.        ],
[-0.56148488 -0.82748699  0.        ],
[-0.99818751  0.06018057  0.        ],
[-0.6534304  0.7569866  0.       ],
[-0.99999866  0.0016383   0.        ],
[-0.060565    0.99816426  0.        ],
[-0.88832648 -0.45921244  0.        ],
[-0.66034615 -0.75096136  0.        ],
[-0.73995221 -0.67265944  0.        ],
[-0.7333861   0.67981234  0.        ],
[-0.64414494 -0.76490346  0.        ],
[-0.87650816 -0.48138701  0.        ],
[-0.67320829  0.73945291  0.        ],
[-0.88077364 -0.47353754  0.        ],
[-0.9029766  -0.42968972  0.        ],
[-0.54106434 -0.8409812   0.        ],
[-0.84398477 -0.53636715  0.        ],
[-0.16904604  0.98560816  0.        ],
[-0.81785583 -0.57542319  0.        ],
[-0.47812215  0.87829335  0.        ],
[-0.90642074  0.42237595  0.        ],
[-0.60414729 -0.79687267  0.        ],
[-0.3003001   0.95384477  0.        ],
[-0.9711041   0.23865631  0.        ],
[-0.09274085  0.99569028  0.        ],
[-0.92579207  0.37803313  0.        ],
[-0.82381624  0.56685695  0.        ],
[-0.60030314 -0.79977255  0.        ],
[-0.93640694  0.350916    0.        ],
[-0.85091924  0.52529653  0.        ],
[-0.78364721  0.62120612  0.        ],
[-0.02754539  0.99962055  0.        ],
[-0.83034461 -0.55725024  0.        ],
[-0.99276795 -0.12004918  0.        ],
[-0.9770637  -0.21294725  0.        ],
[-0.94788417 -0.31861514  0.        ],
[-0.11790045  0.99302542  0.        ],
[-0.87289761  0.48790343  0.        ],
[-0.97851767  0.20616295  0.        ],
[-0.68825628  0.72546763  0.        ],
[-0.99999425  0.00339025  0.        ],
[-0.66107969 -0.7503157   0.        ],
[-0.3596192   0.93309915  0.        ],
[-0.62256028  0.78257185  0.        ],
[-0.98235258  0.18703854  0.        ],
[-0.11960817  0.99282118  0.        ],
[-0.82261438 -0.56859967  0.        ],
[-0.89561161  0.44483687  0.        ],
[-0.5278622   0.84933003  0.        ],
[-0.99937152  0.03544805  0.        ],
[-0.76880205 -0.63948683  0.        ],
[-0.93543633 -0.35349523  0.        ],
[-0.99288344 -0.11909021  0.        ],
[-0.35586804  0.93453621  0.        ],
[-0.70113293  0.71303058  0.        ],
[-0.98272906 -0.18505023  0.        ],
[-0.91785175 -0.39692338  0.        ],
[-0.9637767  -0.26671045  0.        ],
[-0.95315524 -0.30248156  0.        ],
[-0.8538337  -0.52054589  0.        ],
[-0.56396145 -0.82580112  0.        ],
[-0.79729215 -0.6035936   0.        ],
[-0.6342477   0.77312991  0.        ],
[-0.86253715  0.50599373  0.        ],
[-0.84503386 -0.53471279  0.        ],
[-0.60975359  0.79259104  0.        ],
[-0.81608005  0.57793888  0.        ],
[-0.9582469   0.28594209  0.        ],
[-0.53915511 -0.84220649  0.        ],
[-0.68763974 -0.72605205  0.        ],
[-0.69394373 -0.72002923  0.        ],
[-0.9423014   0.33476569  0.        ],
[-0.54346406 -0.83943244  0.        ],
[-0.90880345 -0.4172245   0.        ],
[-0.6235104  -0.78181506  0.        ],
[-0.65302374  0.75733744  0.        ],
[-0.641965   -0.76673394  0.        ],
[-0.8940588  -0.44794962  0.        ],
[-0.5759695   0.81747118  0.        ],
[-0.87645683  0.48148045  0.        ],
[-0.56219033 -0.82700788  0.        ],
[-0.79337296  0.60873586  0.        ],
[-0.90068064 -0.43448175  0.        ],
[-0.97077714  0.23998281  0.        ],
[-0.95328991 -0.30205685  0.        ],
[-0.69655578 -0.71750265  0.        ],
[-0.85246721 -0.52278069  0.        ],
[-0.73708759 -0.67579722  0.        ],
[-0.7938313  -0.60813804  0.        ],
[-0.77525961 -0.63164273  0.        ],
[-0.39885782  0.91701278  0.        ],
[-0.56154656 -0.82744514  0.        ],
[-0.54998734 -0.83517299  0.        ],
[-0.97658172  0.21514682  0.        ],
[-0.94130174 -0.33756635  0.        ],
[-0.64543986  0.76381109  0.        ],
[-0.6637632   0.74794279  0.        ],
[-0.94664171  0.32228788  0.        ],
[-0.87461858  0.48481165  0.        ],
[-0.54681847 -0.8372512   0.        ],
[-0.40700721  0.91342494  0.        ],
[-0.37571655  0.92673463  0.        ],
[-0.35245204  0.93582988  0.        ],
[-0.89760619  0.44079829  0.        ],
[-0.86134504  0.50802039  0.        ],
[-0.97254287 -0.23272381  0.        ],
[-0.54139799 -0.84076644  0.        ],
[-0.97759432  0.21049785  0.        ],
[-0.62883785 -0.77753647  0.        ],
[-0.99602373 -0.08908827  0.        ],
[-0.84304239  0.53784712  0.        ],
[-0.99997795 -0.00664045  0.        ],
[-0.9584674  -0.28520209  0.        ],
[-0.54892721 -0.83587016  0.        ],
