[ 0.22932859  0.97334906  0.        ],
[ 0.28830826  0.95753765  0.        ],
[ 0.69385779  0.72011205  0.        ],
[ 0.95732647  0.28900871  0.        ],
[ 0.8431123  -0.53773752  0.        ],
[ 0.99342033 -0.11452532  0.        ],
[ 0.46862498  0.88339721  0.        ],
[ 0.25529594  0.96686296  0.        ],
[ 0.4624667   0.88663665  0.        ],
[ 0.39523848  0.91857855  0.        ],
[ 0.43258195  0.90159462  0.        ],
[ 0.83749316 -0.54644781  0.        ],
[ 0.46336243  0.88616886  0.        ],
[ 0.99801614  0.06295856  0.        ],
[ 0.97316598  0.23010427  0.        ],
[ 0.78188431 -0.62342356  0.        ],
[ 0.96119116 -0.27588322  0.        ],
[ 0.7480247   0.66367089  0.        ],
[ 0.30888735  0.95109863  0.        ],
[ 0.83493589  0.55034721  0.        ],
[ 0.34456498  0.93876247  0.        ],
[ 0.36796102  0.92984122  0.        ],
[ 0.20821977  0.97808207  0.        ],
[ 0.97025665  0.24207856  0.        ],
[ 0.71228129  0.70189413  0.        ],
[ 0.18656464  0.98244269  0.        ],
[ 0.35385603  0.9352999   0.        ],
[ 0.52010612  0.85410165  0.        ],
[ 0.91742987  0.39789753  0.        ],
[ 0.67383693  0.7388801   0.        ],
[ 0.96411658 -0.26547922  0.        ],
[ 0.16100721  0.98695323  0.        ],
[ 0.64087725  0.76764337  0.        ],
[ 0.77262827  0.63485869  0.        ],
[ 0.99973093  0.02319613  0.        ],
[ 0.25782682  0.96619115  0.        ],
[ 0.59130394  0.80644879  0.        ],
[ 0.82356934  0.56721561  0.        ],
[ 0.46736745  0.88406316  0.        ],
[ 0.76822128 -0.6401844   0.        ],
[ 0.15773139  0.98748205  0.        ],
[ 0.98157186 -0.19109338  0.        ],
[ 0.94797288 -0.31835109  0.        ],
[ 0.42705201  0.90422706  0.        ],
[ 0.91717549 -0.39848352  0.        ],
[ 0.99696783  0.07781478  0.        ],
[ 0.98211322 -0.18829135  0.        ],
[ 0.78983778  0.61331581  0.        ],
[ 0.30589914  0.95206392  0.        ],
[ 0.92922905  0.36950422  0.        ],
[ 0.97831166 -0.20713837  0.        ],
[ 0.28780202  0.95768993  0.        ],
[ 0.92887695  0.37038847  0.        ],
[ 0.21716153  0.97613568  0.        ],
[ 0.44580842  0.8951284   0.        ],
[ 0.98454498  0.17513191  0.        ],
[ 0.92706836  0.37489234  0.        ],
[ 0.98510471 -0.17195556  0.        ],
[ 0.35408715  0.93521243  0.        ],
[ 0.26902364  0.96313357  0.        ],
[ 0.78471837 -0.61985246  0.        ],
[ 0.9969882  -0.07755334  0.        ],
[ 0.57717973  0.81661714  0.        ],
[ 0.97060387 -0.24068264  0.        ],
[ 0.75051163  0.66085725  0.        ],
[ 0.43993292  0.89803064  0.        ],
[ 0.96876056 -0.24799796  0.        ],
[ 0.51402857  0.85777306  0.        ],
[ 0.52975309  0.84815191  0.        ],
[ 0.37007117  0.92900341  0.        ],
[ 0.99951472  0.03115015  0.        ],
[ 0.98431818  0.17640214  0.        ],
[ 0.32207103  0.94671551  0.        ],
[ 0.23325966  0.97241449  0.        ],
[ 0.96046705 -0.27839368  0.        ],
[ 0.72950099  0.68397975  0.        ],
[ 0.97859159  0.20581179  0.        ],
[ 0.9629913  -0.26953247  0.        ],
[ 0.32713211  0.94497862  0.        ],
[ 0.37792994  0.9258342   0.        ],
[ 0.96795044 -0.25114131  0.        ],
[ 0.31923069  0.94767704  0.        ],
[ 0.99443937 -0.10531073  0.        ],
[ 0.91980646 -0.39237238  0.        ],
[ 0.76519682  0.64379642  0.        ],
[ 0.86629844  0.49952679  0.        ],
[ 0.25298902  0.96746915  0.        ],
[ 0.97962656 -0.20082779  0.        ],
[ 0.99553091  0.09443622  0.        ],
[ 0.85780195 -0.51398037  0.        ],
[ 0.91431362 -0.40500692  0.        ],
[ 0.99919911 -0.04001415  0.        ],
[ 0.2523088   0.96764677  0.        ],
[ 0.41610592  0.90931615  0.        ],
[ 0.94950095 -0.31376414  0.        ],
[ 0.6506563   0.75937236  0.        ],
[ 0.9649137   0.26256724  0.        ],
[ 0.99542792  0.09551576  0.        ],
[ 0.421855    0.90666331  0.        ],
[ 0.54110077  0.84095776  0.        ],
