[ 0.98661704  0.16305466  0.        ],
[ 0.66427036  0.7474924   0.        ],
[ 0.98577444  0.16807367  0.        ],
[ 0.70612556  0.70808664  0.        ],
[ 0.62667712  0.77927902  0.        ],
[ 0.38978033  0.92090787  0.        ],
[ 0.67643019  0.73650675  0.        ],
[ 0.50318234  0.86418027  0.        ],
[ 0.7498319   0.66162839  0.        ],
[ 0.99017505  0.13983335  0.        ],
[ 0.76179347  0.64781997  0.        ],
[ 0.21791475  0.97596781  0.        ],
[ 0.99958862 -0.02868069  0.        ],
[ 0.32048931  0.94725213  0.        ],
[ 0.91431656  0.40500027  0.        ],
[ 0.95990849  0.28031356  0.        ],
[ 0.26083043  0.96538463  0.        ],
[ 0.49188548  0.87065991  0.        ],
[ 0.81901489 -0.57377226  0.        ],
[ 0.99961031 -0.0279146   0.        ],
[ 0.87821624 -0.47826377  0.        ],
[ 0.61634593  0.78747552  0.        ],
[ 0.91953795 -0.39300122  0.        ],
[ 0.8891398   0.45763568  0.        ],
[ 0.54740443  0.8368682   0.        ],
[ 0.69484021  0.71916415  0.        ],
[ 0.38027308  0.92487425  0.        ],
[ 0.72088824  0.69305133  0.        ],
[ 0.74024159  0.67234098  0.        ],
[ 0.57477044  0.8183147   0.        ],
[ 0.26690697  0.9637223   0.        ],
[ 0.35111986  0.93633052  0.        ],
[ 0.58688675  0.80966903  0.        ],
[ 0.40177809  0.91573706  0.        ],
[ 0.99788737  0.06496766  0.        ],
[ 0.37991764  0.92502032  0.        ],
[ 0.99358964 -0.113047    0.        ],
[ 0.24986275  0.96828126  0.        ],
[ 0.54388728  0.83915828  0.        ],
[ 0.17626403  0.98434292  0.        ],
[ 0.96522042  0.26143747  0.        ],
[ 0.45382455  0.89109106  0.        ],
[ 0.37667489  0.92634552  0.        ],
[ 0.90999401  0.41462141  0.        ],
[ 0.21298292  0.97705592  0.        ],
[ 0.62830217  0.7779694   0.        ],
[ 0.41572905  0.90948851  0.        ],
[ 0.81493978  0.57954565  0.        ],
[ 0.17740718  0.98413754  0.        ],
[ 0.89491551  0.44623562  0.        ],
[ 0.39903952  0.91693373  0.        ],
[ 0.73433018  0.67879245  0.        ],
[ 0.96448793 -0.26412692  0.        ],
[ 0.49146817  0.87089554  0.        ],
[ 0.89226355 -0.45151495  0.        ],
[ 0.88225308 -0.47077544  0.        ],
[ 0.85861598  0.51261935  0.        ],
[ 0.74710107  0.66471046  0.        ],
[ 0.79430035  0.60752527  0.        ],
[ 0.27219911  0.96224095  0.        ],
[ 0.31144638  0.95026373  0.        ],
[ 0.75255996  0.65852373  0.        ],
[ 0.26099747  0.96533949  0.        ],
[ 0.8334646  -0.55257286  0.        ],
[ 0.71737896  0.69668317  0.        ],
[ 0.93097451 -0.36508418  0.        ],
[ 0.60780431  0.79408685  0.        ],
[ 0.30887042  0.95110413  0.        ],
[ 0.96630786  0.25738905  0.        ],
[ 0.99705234 -0.07672443  0.        ],
[ 0.84932707  0.52786696  0.        ],
[ 0.41847525  0.9082282   0.        ],
[ 0.73341889  0.67977697  0.        ],
[ 0.96411351 -0.26549038  0.        ],
[ 0.35817421  0.93365477  0.        ],
[ 0.89580583  0.44444562  0.        ],
[ 0.60483059  0.79635417  0.        ],
[ 0.90612728 -0.42300514  0.        ],
[ 0.43917379  0.89840213  0.        ],
[ 0.15537218  0.987856    0.        ],
[ 0.39289335  0.91958404  0.        ],
[ 0.77766315 -0.62868117  0.        ],
[ 0.60696297  0.79473011  0.        ],
[ 0.83350143  0.5525173   0.        ],
[ 0.30582292  0.95208841  0.        ],
[ 0.32829851  0.94457402  0.        ],
[ 0.15285127  0.9882492   0.        ],
[ 0.40537094  0.91415228  0.        ],
[ 0.24511459  0.96949411  0.        ],
[ 0.90555477  0.42422938  0.        ],
[ 0.41899737  0.90798745  0.        ],
[ 0.38848648  0.92145442  0.        ],
[ 0.51845603  0.85510429  0.        ],
[ 0.41811704  0.90839317  0.        ],
[ 0.69927123  0.71485645  0.        ],
[ 0.86117768  0.50830405  0.        ],
[ 0.26367387  0.96461188  0.        ],
[ 0.93551069  0.35329838  0.        ],
[ 0.17299354  0.98492296  0.        ],
[ 0.39772956  0.9175027   0.        ],
[ 0.85727274  0.51486255  0.        ],
[ 0.91142627 -0.41146344  0.        ],
[ 0.17173763  0.98514272  0.        ],
[ 0.64717323  0.76234298  0.        ],
[ 0.71771437  0.69633762  0.        ],
[ 0.65958394  0.75163091  0.        ],
[ 0.71482266  0.69930577  0.        ],
[ 0.97749311 -0.21096733  0.        ],
[ 0.98337333  0.18159541  0.        ],
[ 0.892145   -0.45174916  0.        ],
[ 0.86237766  0.50626551  0.        ],
[ 0.45580951  0.89007735  0.        ],
[ 0.91619561  0.40073133  0.        ],
[ 0.50788545  0.86142462  0.        ],
[ 0.75985983  0.65008694  0.        ],
[ 0.98075875 -0.19522366  0.        ],
[ 0.60407899  0.79692445  0.        ],
[ 0.17555934  0.98446885  0.        ],
[ 0.82719806 -0.56191047  0.        ],
[ 0.19082136  0.98162478  0.        ],
[ 0.48438908  0.87485268  0.        ],
[ 0.18972984  0.98183634  0.        ],
[ 0.30378982  0.95273907  0.        ],
[ 0.8625826   0.50591625  0.        ],
[ 0.35778407  0.93380435  0.        ],
[ 0.84335517  0.53735654  0.        ],
[ 0.9395041  -0.34253764  0.        ],
[ 0.82812237  0.56054736  0.        ],
[ 0.6562636  0.7545317  0.       ],
[ 0.99836405  0.05717712  0.        ],
[ 0.79787168  0.60282733  0.        ],
[ 0.20374694  0.97902359  0.        ],
[ 0.76582472  0.64304938  0.        ],
[ 0.84336761 -0.53733702  0.        ],
[ 0.24119073  0.97047773  0.        ],
[ 0.84415124 -0.53610511  0.        ],
[ 0.99771242 -0.0676012   0.        ],
[ 0.78929695  0.61401167  0.        ],
[ 0.62807497  0.77815283  0.        ],
[ 0.55031762  0.8349554   0.        ],
[ 0.96730742 -0.25360668  0.        ],
[ 0.6058731   0.79556131  0.        ],
[ 0.97803841 -0.20842471  0.        ],
[ 0.90411918  0.42728036  0.        ],
[ 0.47221137  0.88148535  0.        ],
[ 0.9460203   0.32410737  0.        ],
[ 0.70990803  0.70429439  0.        ],
[ 0.23284057  0.97251492  0.        ],
[ 0.85294869 -0.52199476  0.        ],
[ 0.78638182  0.61774075  0.        ],
[ 0.88591196  0.46385343  0.        ],
[ 0.78666022  0.61738619  0.        ],
[ 0.26459802  0.9643588   0.        ],
[ 0.44741641  0.89432575  0.        ],
[ 0.42952167  0.90305655  0.        ],
[ 0.39049462  0.92060521  0.        ],
[ 0.99193963 -0.12671139  0.        ],
[ 0.87773826 -0.47914043  0.        ],
[ 0.85391817  0.52040731  0.        ],
[ 0.99606102 -0.08867046  0.        ],
[ 0.48798236  0.87285349  0.        ],
[ 0.85749079 -0.51449931  0.        ],
[ 0.75931315  0.65072539  0.        ],
[ 0.72049465  0.69346049  0.        ],
[ 0.31477692  0.94916568  0.        ],
[ 0.67077495  0.74166096  0.        ],
[ 0.32600366  0.94536851  0.        ],
[ 0.66533384  0.74654597  0.        ],
[ 0.79024474 -0.61279136  0.        ],
[ 0.46511828  0.88524855  0.        ],
[ 0.52941725  0.84836158  0.        ],
[ 0.70929645  0.70491031  0.        ],
[ 0.91953083 -0.39301788  0.        ],
[ 0.34016537  0.94036563  0.        ],
[ 0.99369691  0.11210014  0.        ],
[ 0.47440789  0.88030515  0.        ],
[ 0.48081231  0.87682354  0.        ],
[ 0.93962302  0.34221131  0.        ],
[ 0.32430942  0.94595106  0.        ],
[ 0.52829964  0.849058    0.        ],
[ 0.38019786  0.92490518  0.        ],
[ 0.4327679   0.90150538  0.        ],
[ 0.39767102  0.91752807  0.        ],
[ 0.48901753  0.87227396  0.        ],
[ 0.37184599  0.92829444  0.        ],
[ 0.97844579  0.20650386  0.        ],
[ 0.26301058  0.96479295  0.        ],
[ 0.95791398  0.28705541  0.        ],
[ 0.16961733  0.98551     0.        ],
[ 0.20889541  0.97793799  0.        ],
[ 0.16991918  0.985458    0.        ],
[ 0.62852014  0.77779331  0.        ],
[ 0.18855193  0.98206322  0.        ],
[ 0.64522348  0.76399389  0.        ],
[ 0.29364423  0.95591478  0.        ],
[ 0.99700268 -0.07736708  0.        ],
[ 0.60189836  0.79857271  0.        ],
[ 0.50297117  0.86430319  0.        ],
[ 0.26330786  0.96471186  0.        ],
[ 0.33723072  0.94142203  0.        ],
[ 0.82188625  0.56965164  0.        ],
[ 0.4616353   0.88706981  0.        ],
[ 0.15669878  0.98764644  0.        ],
[ 0.64036345  0.76807204  0.        ],
[ 0.51355846  0.85805461  0.        ],
[ 0.59107749  0.80661478  0.        ],
[ 0.27374144  0.96180332  0.        ],
[ 0.44290191  0.89657007  0.        ],
[ 0.77545416  0.63140387  0.        ],
[ 0.41192306  0.91121863  0.        ],
[ 0.49478118  0.8690176   0.        ],
[ 0.18598575  0.98255244  0.        ],
[ 0.91149606  0.4113088   0.        ],
[ 0.9164828 -0.4000741  0.       ],
[ 0.99901664 -0.0443369   0.        ],
[ 0.17592983  0.98440271  0.        ],
[ 0.28651741  0.95807504  0.        ],
[ 0.99466198 -0.1031869   0.        ],
[ 0.82873903  0.55963526  0.        ],
[ 0.35966023  0.93308334  0.        ],
[ 0.49545841  0.86863166  0.        ],
[ 0.97386846  0.22711279  0.        ],
[ 0.1601393   0.98709442  0.        ],
[ 0.38286929  0.92380253  0.        ],
[ 0.88277518 -0.46979568  0.        ],
[ 0.3889587   0.92125519  0.        ],
[ 0.25636258  0.96658069  0.        ],
[ 0.86002787 -0.51024705  0.        ],
[ 0.24598433  0.9692738   0.        ],
[ 0.94971428  0.31311785  0.        ],
[ 0.7139036   0.70024399  0.        ],
[ 0.64478119  0.7643672   0.        ],
[ 0.25642418  0.96656435  0.        ],
[ 0.86715332 -0.49804129  0.        ],
[ 0.64359481  0.76536639  0.        ],
[ 0.27492282  0.9614663   0.        ],
[ 0.76718404  0.64142705  0.        ],
[ 0.28112906  0.95966997  0.        ],
[ 0.19506555  0.98079021  0.        ],
[ 0.78743636  0.61639596  0.        ],
[ 0.39162037  0.92012688  0.        ],
[ 0.84581477  0.53347668  0.        ],
[ 0.43789581  0.89902573  0.        ],
[ 0.79496674  0.60665301  0.        ],
[ 0.84200029  0.53947707  0.        ],
[ 0.20757359  0.97821941  0.        ],
[ 0.86210941 -0.50672218  0.        ],
[ 0.32182935  0.94679769  0.        ],
[ 0.41493275  0.90985208  0.        ],
[ 0.55076349  0.83466135  0.        ],
[ 0.43302604  0.90138141  0.        ],
[ 0.15676004  0.98763672  0.        ],
[ 0.80867734 -0.58825246  0.        ],
[ 0.95046885 -0.31081984  0.        ],
[ 0.34788708  0.93753644  0.        ],
[ 0.40665508  0.91358177  0.        ],
[ 0.96498105  0.26231959  0.        ],
[ 0.68945894  0.72432477  0.        ],
[ 0.56531295  0.82487652  0.        ],
[ 0.76831278  0.64007458  0.        ],
[ 0.99591239  0.09032445  0.        ],
[ 0.4091396  0.9124718  0.       ],
[ 0.99756874 -0.06968938  0.        ],
[ 0.62235993  0.78273119  0.        ],
[ 0.89772225 -0.44056188  0.        ],
[ 0.8120498   0.58358814  0.        ],
[ 0.70136737  0.71279998  0.        ],
[ 0.63246457  0.77458929  0.        ],
[ 0.8758924   0.48250648  0.        ],
[ 0.83584477 -0.54896586  0.        ],
[ 0.97120635  0.23823984  0.        ],
[ 0.99107532  0.13330308  0.        ],
[ 0.41390079  0.910322    0.        ],
[ 0.36581142  0.93068899  0.        ],
[ 0.57628536  0.81724854  0.        ],
[ 0.97096128 -0.23923669  0.        ],
[ 0.40759043  0.91316485  0.        ],
[ 0.99058584 -0.136893    0.        ],
[ 0.28289009  0.95915233  0.        ],
[ 0.95696749 -0.29019516  0.        ],
[ 0.65276476  0.75756067  0.        ],
[ 0.34768265  0.93761227  0.        ],
[ 0.99635584  0.0852938   0.        ],
[ 0.52673206  0.85003138  0.        ],
[ 0.99785952 -0.06539404  0.        ],
[ 0.87636513 -0.48164734  0.        ],
[ 0.95854399  0.28494458  0.        ],
[ 0.33577084  0.9419437   0.        ],
[ 0.23027147  0.97312643  0.        ],
[ 0.43758867  0.89917527  0.        ],
[ 0.34650446  0.93804832  0.        ],
[ 0.90806979 -0.41881888  0.        ],
[ 0.27828808  0.96049766  0.        ],
[ 0.50719     0.86183427  0.        ],
[ 0.7748629  -0.63212933  0.        ],
[ 0.69532292  0.71869746  0.        ],
[ 0.35943817  0.93316891  0.        ],
[ 0.90302988  0.42957775  0.        ],
[ 0.4766525  0.8790918  0.       ],
[ 0.4797083   0.87742803  0.        ],
[ 0.48129382  0.87655933  0.        ],
[ 0.80630814 -0.59149572  0.        ],
[ 0.59609372  0.80291486  0.        ],
[ 0.32693162  0.945048    0.        ],
[ 0.27677228  0.96093554  0.        ],
[ 0.26822196  0.96335714  0.        ],
[ 0.93387933  0.3575883   0.        ],
[ 0.50611875  0.8624638   0.        ],
[ 0.9887907  -0.14930823  0.        ],
[ 0.95943068 -0.28194463  0.        ],
[ 0.25504979  0.96692792  0.        ],
[ 0.67097982  0.74147561  0.        ],
[ 0.63017799  0.77645071  0.        ],
[ 0.5401702   0.84155579  0.        ],
[ 0.98770196  0.15634843  0.        ],
[ 0.67531361  0.7375307   0.        ],
[ 0.80519835  0.59300558  0.        ],
[ 0.85306486  0.52180489  0.        ],
[ 0.23854957  0.97113032  0.        ],
[ 0.23750343  0.9713867   0.        ],
[ 0.40150981  0.91585472  0.        ],
[ 0.78533698 -0.61906852  0.        ],
[ 0.37256766  0.92800503  0.        ],
[ 0.32159493  0.94687734  0.        ],
[ 0.4387234   0.89862215  0.        ],
[ 0.98119933  0.19299707  0.        ],
[ 0.19382924  0.98103528  0.        ],
[ 0.34730824  0.93775102  0.        ],
[ 0.37133733  0.92849803  0.        ],
[ 0.9941602   0.10791426  0.        ],
[ 0.99951614  0.0311045   0.        ],
[ 0.82836699 -0.5601858   0.        ],
[ 0.99363844  0.11261726  0.        ],
[ 0.99595641  0.08983779  0.        ],
[ 0.27572393  0.96123687  0.        ],
[ 0.26957435  0.96297958  0.        ],
[ 0.25573898  0.96674587  0.        ],
[ 0.32792746  0.94470291  0.        ],
[ 0.99793275  0.06426684  0.        ],
[ 0.3711561   0.92857049  0.        ],
[ 0.74652141  0.6653614   0.        ],
[ 0.27535037  0.96134394  0.        ],
[ 0.64165901  0.76699004  0.        ],
[ 0.99647712 -0.08386505  0.        ],
[ 0.40750653  0.91320229  0.        ],
[ 0.49270436  0.87019677  0.        ],
[ 0.53805159  0.84291191  0.        ],
[ 0.15875592  0.98731786  0.        ],
[ 0.66653615  0.74547271  0.        ],
[ 0.9054779   0.42439341  0.        ],
[ 0.98630396  0.16493785  0.        ],
[ 0.48187058  0.8762424   0.        ],
[ 0.44271901  0.8966604   0.        ],
[ 0.28999707  0.95702753  0.        ],
[ 0.90826127  0.41840348  0.        ],
[ 0.95242439  0.30477497  0.        ],
[ 0.54003708  0.84164122  0.        ],
[ 0.30733493  0.95160141  0.        ],
[ 0.8381345   0.54546363  0.        ],
[ 0.44453087  0.89576353  0.        ],
[ 0.35028771  0.93664215  0.        ],
[ 0.41515339  0.90975143  0.        ],
[ 0.7708091  -0.63706619  0.        ],
[ 0.36222023  0.93209254  0.        ],
[ 0.90327178 -0.42906886  0.        ],
[ 0.57640126  0.81716681  0.        ],
[ 0.35836043  0.93358331  0.        ],
[ 0.98563046  0.16891592  0.        ],
[ 0.98137682  0.19209254  0.        ],
[ 0.99199294 -0.12629335  0.        ],
[ 0.88068979  0.47369346  0.        ],
[ 0.72956636  0.68391003  0.        ],
[ 0.35001064  0.93674573  0.        ],
[ 0.77605484  0.63066543  0.        ],
[ 0.33707932  0.94147625  0.        ],
[ 0.24246149  0.97016103  0.        ],
[ 0.99963023 -0.02719186  0.        ],
[ 0.94136595 -0.33738723  0.        ],
[ 0.55518294  0.83172826  0.        ],
[ 0.16641602  0.98605563  0.        ],
[ 0.67305     0.73959698  0.        ],
[ 0.99970444 -0.02431122  0.        ],
[ 0.16572869  0.98617139  0.        ],
[ 0.46274986  0.8864889   0.        ],
[ 0.45963264  0.88810914  0.        ],
[ 0.83667859 -0.5476942   0.        ],
[ 0.72002942  0.69394354  0.        ],
[ 0.97455911 -0.22413063  0.        ],
[ 0.43120617  0.90225342  0.        ],
[ 0.7070761   0.70713746  0.        ],
[ 0.57290667  0.81962061  0.        ],
[ 0.53663909  0.84381188  0.        ],
[ 0.95731825  0.28903593  0.        ],
[ 0.98689112  0.16138745  0.        ],
[ 0.98573731  0.16829128  0.        ],
[ 0.98375296  0.17952749  0.        ],
[ 0.31710527  0.94839034  0.        ],
[ 0.87348234 -0.48685583  0.        ],
[ 0.9297416  -0.36821265  0.        ],
[ 0.88129437  0.4725677   0.        ],
[ 0.88429216 -0.46693401  0.        ],
[ 0.808626    0.58832304  0.        ],
[ 0.75918205  0.65087834  0.        ],
[ 0.97501818 -0.22212509  0.        ],
[ 0.90030007  0.43526979  0.        ],
[ 0.62819694  0.77805437  0.        ],
[ 0.57722602  0.81658442  0.        ],
[ 0.71002758  0.70417387  0.        ],
[ 0.27901001  0.96028819  0.        ],
[ 0.84325454 -0.53751445  0.        ],
[ 0.61577452  0.78792242  0.        ],
[ 0.45478995  0.89059873  0.        ],
[ 0.79987211  0.60017049  0.        ],
[ 0.21453561  0.97671617  0.        ],
[ 0.85981176 -0.51061114  0.        ],
[ 0.35084768  0.93643254  0.        ],
[ 0.15547755  0.98783943  0.        ],
[ 0.37970387  0.92510809  0.        ],
[ 0.61193395  0.79090887  0.        ],
[ 0.16877375  0.98565482  0.        ],
[ 0.84605908 -0.53308914  0.        ],
[ 0.99985865  0.01681281  0.        ],
[ 0.97040885  0.24146772  0.        ],
[ 0.29140368  0.95660017  0.        ],
[ 0.95847892 -0.28516339  0.        ],
[ 0.93309639  0.35962637  0.        ],
[ 0.61596883  0.78777052  0.        ],
[ 0.87465513 -0.48474571  0.        ],
[ 0.78173188 -0.62361468  0.        ],
[ 0.94396387  0.33004879  0.        ],
[ 0.98579362 -0.16796113  0.        ],
[ 0.99527806  0.09706479  0.        ],
[ 0.25096132  0.96799711  0.        ],
[ 0.53036616  0.84776868  0.        ],
[ 0.72566297  0.68805033  0.        ],
[ 0.96787214 -0.25144288  0.        ],
[ 0.95690067 -0.29041542  0.        ],
[ 0.82784308 -0.56095975  0.        ],
[ 0.96878807 -0.24789045  0.        ],
[ 0.99483663  0.10148931  0.        ],
[ 0.26695821  0.96370811  0.        ],
[ 0.29518616  0.95543976  0.        ],
[ 0.99357416 -0.11318295  0.        ],
[ 0.96205609 -0.27285175  0.        ],
[ 0.45132245  0.89236094  0.        ],
[ 0.40059034  0.91625727  0.        ],
[ 0.92020102  0.39144615  0.        ],
[ 0.23286972  0.97250794  0.        ],
[ 0.29966905  0.95404322  0.        ],
[ 0.8025511   0.59658339  0.        ],
[ 0.45376096  0.89112344  0.        ],
[ 0.88471936  0.46612407  0.        ],
[ 0.92354651 -0.38348643  0.        ],
[ 0.37651915  0.92640883  0.        ],
[ 0.21683559  0.97620814  0.        ],
[ 0.40999172  0.91208925  0.        ],
[ 0.91186671  0.41048642  0.        ],
[ 0.95566107  0.29446888  0.        ],
[ 0.98150744  0.19142402  0.        ],
[ 0.63916933  0.76906604  0.        ],
[ 0.82837527 -0.56017356  0.        ],
[ 0.21148719  0.97738077  0.        ],
[ 0.9330802  -0.35966838  0.        ],
[ 0.53048563  0.84769393  0.        ],
[ 0.41595224  0.90938646  0.        ],
[ 0.15274448  0.98826572  0.        ],
[ 0.48540388  0.87429004  0.        ],
[ 0.97248118  0.23298143  0.        ],
[ 0.4358181   0.90003477  0.        ],
[ 0.52428343  0.85154382  0.        ],
[ 0.9930134  -0.11800163  0.        ],
[ 0.47526224  0.87984419  0.        ],
[ 0.19673482  0.98045674  0.        ],
[ 0.7216266   0.69228249  0.        ],
[ 0.35370496  0.93535704  0.        ],
[ 0.87445343 -0.48510948  0.        ],
[ 0.8415493   0.54018031  0.        ],
[ 0.99893405 -0.04616009  0.        ],
[ 0.54360602  0.83934051  0.        ],
[ 0.37978122  0.92507633  0.        ],
[ 0.54223675  0.84022574  0.        ],
[ 0.99011915  0.14022862  0.        ],
[ 0.6338961   0.77341821  0.        ],
[ 0.78268071 -0.62242341  0.        ],
[ 0.96231399 -0.27194078  0.        ],
[ 0.93420235  0.35674357  0.        ],
[ 0.45237878  0.8918259   0.        ],
[ 0.47110507  0.8820771   0.        ],
[ 0.45588971  0.89003627  0.        ],
[ 0.36705142  0.93020065  0.        ],
[ 0.61699094  0.78697025  0.        ],
[ 0.8240955  -0.56645088  0.        ],
[ 0.25424434  0.96714002  0.        ],
[ 0.28761286  0.95774675  0.        ],
[ 0.68027527  0.73295672  0.        ],
[ 0.49487425  0.8689646   0.        ],
[ 0.94495933 -0.3271878   0.        ],
[ 0.84083501 -0.5412915   0.        ],
[ 0.99739157  0.07218078  0.        ],
[ 0.97038003 -0.24158353  0.        ],
[ 0.99518054  0.09805962  0.        ],
[ 0.39853331  0.91715386  0.        ],
[ 0.62720999  0.77885019  0.        ],
[ 0.85472295  0.51908446  0.        ],
[ 0.21552202  0.97649898  0.        ],
[ 0.27527271  0.96136618  0.        ],
[ 0.44982684  0.89311579  0.        ],
[ 0.71803273  0.69600934  0.        ],
[ 0.32370255  0.9461589   0.        ],
[ 0.90887568  0.41706715  0.        ],
[ 0.81782461 -0.57546756  0.        ],
[ 0.36124428  0.93247122  0.        ],
[ 0.37676453  0.92630907  0.        ],
[ 0.99991357 -0.01314769  0.        ],
[ 0.98390241 -0.17870658  0.        ],
[ 0.43900466  0.89848478  0.        ],
[ 0.966886   -0.25520867  0.        ],
[ 0.82623767  0.56332168  0.        ],
[ 0.98504672 -0.17228742  0.        ],
[ 0.2870057   0.95792887  0.        ],
[ 0.83669976 -0.54766186  0.        ],
[ 0.4268073  0.9043426  0.       ],
[ 0.17188221  0.98511751  0.        ],
[ 0.97647142  0.21564686  0.        ],
[ 0.23565002  0.97183798  0.        ],
[ 0.30990592  0.95076723  0.        ],
[ 0.32711135  0.9449858   0.        ],
[ 0.6614336   0.75000373  0.        ],
[ 0.47366659  0.88070424  0.        ],
[ 0.70015934  0.71398662  0.        ],
[ 0.72063268  0.69331706  0.        ],
[ 0.86903077  0.49475805  0.        ],
[ 0.87877016  0.47724523  0.        ],
[ 0.47956922  0.87750405  0.        ],
[ 0.53878598  0.84244268  0.        ],
[ 0.98186674 -0.1895724   0.        ],
[ 0.96773359 -0.25197558  0.        ],
[ 0.44515459  0.89545373  0.        ],
[ 0.4869448   0.87343275  0.        ],
[ 0.6087869  0.7933338  0.       ],
[ 0.42949046  0.90307139  0.        ],
[ 0.7368277   0.67608057  0.        ],
[ 0.21708975  0.97615165  0.        ],
[ 0.99520229 -0.09783865  0.        ],
[ 0.5952203   0.80356256  0.        ],
[ 0.50419913  0.86358742  0.        ],
[ 0.59733506  0.80199179  0.        ],
[ 0.82319904 -0.56775289  0.        ],
[ 0.99480422 -0.1018065   0.        ],
[ 0.99973188 -0.0231553   0.        ],
[ 0.53065739  0.84758642  0.        ],
[ 0.4123674   0.91101763  0.        ],
[ 0.88071374 -0.47364894  0.        ],
[ 0.40436009  0.91459987  0.        ],
[ 0.99961384  0.02778803  0.        ],
[ 0.45238909  0.89182067  0.        ],
[ 0.6012895   0.79903125  0.        ],
[ 0.28739546  0.95781201  0.        ],
[ 0.52858038  0.84888326  0.        ],
[ 0.80738395  0.59002641  0.        ],
[ 0.85641641  0.51628572  0.        ],
[ 0.50162936  0.86508264  0.        ],
[ 0.85500059  0.51862702  0.        ],
[ 0.53767986  0.84314908  0.        ],
[ 0.69133023  0.72253894  0.        ],
[ 0.92495507  0.38007646  0.        ],
[ 0.98515694  0.17165606  0.        ],
[ 0.52833375  0.84903678  0.        ],
[ 0.4142411   0.91016719  0.        ],
[ 0.36551359  0.930806    0.        ],
[ 0.82247574  0.56880019  0.        ],
[ 0.69634086  0.71771123  0.        ],
[ 0.60044923  0.79966288  0.        ],
[ 0.36159541  0.93233511  0.        ],
[ 0.79340804 -0.60869014  0.        ],
[ 0.1538223   0.98809853  0.        ],
[ 0.26149304  0.96520536  0.        ],
[ 0.99849978 -0.0547557   0.        ],
[ 0.35868257  0.93345959  0.        ],
[ 0.8636531   0.50408663  0.        ],
[ 0.37767075  0.92593996  0.        ],
[ 0.97183485 -0.23566295  0.        ],
[ 0.25063172  0.96808251  0.        ],
[ 0.98075928 -0.19522099  0.        ],
[ 0.83069802  0.55672328  0.        ],
[ 0.95766284  0.28789213  0.        ],
[ 0.98336028 -0.18166606  0.        ],
[ 0.57179327  0.82039775  0.        ],
[ 0.74613869  0.66579055  0.        ],
[ 0.19000689  0.98178276  0.        ],
[ 0.90911103 -0.41655387  0.        ],
[ 0.99964378  0.02668909  0.        ],
[ 0.96004851  0.27983364  0.        ],
[ 0.82962201 -0.55832546  0.        ],
[ 0.97948745 -0.20150516  0.        ],
[ 0.99919914 -0.04001345  0.        ],
[ 0.55211447  0.83376832  0.        ],
[ 0.17488214  0.98458937  0.        ],
[ 0.96785262  0.25151801  0.        ],
[ 0.32002654  0.94740858  0.        ],
[ 0.43755593  0.89919119  0.        ],
[ 0.75350735  0.65743949  0.        ],
[ 0.35922625  0.9332505   0.        ],
[ 0.42607293  0.90468882  0.        ],
[ 0.66309444  0.74853575  0.        ],
[ 0.64838148  0.76131561  0.        ],
[ 0.94705627 -0.32106763  0.        ],
[ 0.42649479  0.90449002  0.        ],
[ 0.99499854 -0.09988945  0.        ],
[ 0.97858236 -0.2058557   0.        ],
[ 0.99405376  0.10889041  0.        ],
[ 0.62253366  0.78259303  0.        ],
[ 0.61483977  0.78865205  0.        ],
[ 0.46110199  0.88734715  0.        ],
[ 0.86968898  0.49360011  0.        ],
[ 0.47891408  0.87786178  0.        ],
[ 0.57706641  0.81669723  0.        ],
[ 0.32502406  0.94570575  0.        ],
[ 0.18834077  0.98210374  0.        ],
[ 0.7966091  -0.60449478  0.        ],
[ 0.29929084  0.95416193  0.        ],
[ 0.27002134  0.96285434  0.        ],
[ 0.89188814  0.45225606  0.        ],
[ 0.48159766  0.87639243  0.        ],
[ 0.95074726  0.30996716  0.        ],
[ 0.2781827   0.96052818  0.        ],
[ 0.99755748 -0.06985034  0.        ],
[ 0.99556663  0.09405891  0.        ],
[ 0.999994   -0.00346349  0.        ],
[ 0.4771201  0.8788381  0.       ],
[ 0.98835735  0.15215044  0.        ],
[ 0.95024178  0.31151334  0.        ],
[ 0.17375106  0.98478961  0.        ],
[ 0.64468137  0.76445139  0.        ],
[ 0.70417555  0.71002591  0.        ],
[ 0.96423995 -0.2650308   0.        ],
[ 0.29232368  0.95631944  0.        ],
[ 0.43639889  0.89975331  0.        ],
[ 0.9912023  -0.13235561  0.        ],
[ 0.86331829 -0.50465982  0.        ],
[ 0.49432244  0.86927862  0.        ],
[ 0.95911749  0.2830082   0.        ],
[ 0.17091582  0.98528564  0.        ],
[ 0.61828262  0.78595585  0.        ],
[ 0.9629449   0.26969822  0.        ],
[  9.99999976e-01   2.20354157e-04   0.00000000e+00],
[ 0.98695701 -0.16098401  0.        ],
[ 0.3979861   0.91739145  0.        ],
[ 0.3521844   0.93593063  0.        ],
[ 0.65301923  0.75734132  0.        ],
[ 0.83394085 -0.55185384  0.        ],
[ 0.51305201  0.85835752  0.        ],
[ 0.70829004  0.70592153  0.        ],
[ 0.9705697  -0.24082037  0.        ],
[ 0.23309204  0.97245468  0.        ],
[ 0.36492924  0.93103526  0.        ],
[ 0.15297761  0.98822965  0.        ],
[ 0.54148453  0.84071071  0.        ],
[ 0.94248601  0.33424561  0.        ],
[ 0.21708923  0.97615176  0.        ],
[ 0.95852748 -0.28500011  0.        ],
[ 0.99910139  0.04238408  0.        ],
[ 0.21296882  0.977059    0.        ],
[ 0.30271418  0.95308138  0.        ],
[ 0.81068476  0.58548289  0.        ],
[ 0.70271458  0.71147187  0.        ],
[ 0.22490554  0.97438057  0.        ],
[ 0.41060412  0.91181372  0.        ],
[ 0.86097077 -0.50865444  0.        ],
[ 0.87352148  0.48678561  0.        ],
[ 0.85601003  0.51695921  0.        ],
[ 0.99977877  0.02103367  0.        ],
[ 0.38782347  0.92173367  0.        ],
[ 0.28316044  0.95907255  0.        ],
[ 0.4234603   0.90591466  0.        ],
[ 0.75209314  0.65905683  0.        ],
[ 0.51288657  0.85845639  0.        ],
[ 0.90938618  0.41595286  0.        ],
[ 0.39214576  0.91990309  0.        ],
[ 0.36214138  0.93212318  0.        ],
[ 0.24816442  0.96871793  0.        ],
[ 0.77962382  0.62624811  0.        ],
[ 0.49205581  0.87056365  0.        ],
[ 0.27312847  0.96197757  0.        ],
[ 0.78061819 -0.62500819  0.        ],
[ 0.5362723   0.84404503  0.        ],
[ 0.19596063  0.98061176  0.        ],
[ 0.35158173  0.93615719  0.        ],
[ 0.97432595 -0.22514207  0.        ],
[ 0.9033615  -0.42887993  0.        ],
[ 0.45428538  0.89085621  0.        ],
[ 0.94654316 -0.3225772   0.        ],
[ 0.80575957  0.59224278  0.        ],
[ 0.99837422  0.05699936  0.        ],
[ 0.67187705  0.7406627   0.        ],
[ 0.26496202  0.96425885  0.        ],
[ 0.96587425  0.25901144  0.        ],
[ 0.52616267  0.85038394  0.        ],
[ 0.34348485  0.93915822  0.        ],
[ 0.39804735  0.91736487  0.        ],
[ 0.45682364  0.88955728  0.        ],
[ 0.59765249  0.80175526  0.        ],
[ 0.52207471  0.85289976  0.        ],
[ 0.99745363  0.07131802  0.        ],
[ 0.39484112  0.91874941  0.        ],
[ 0.8119935  -0.58366648  0.        ],
[ 0.91537405  0.40260446  0.        ],
[ 0.16065308  0.98701094  0.        ],
[ 0.62589975  0.77990352  0.        ],
[ 0.36912154  0.92938113  0.        ],
[ 0.78585701 -0.61840825  0.        ],
[ 0.94410129 -0.32965552  0.        ],
[ 0.90517401 -0.42504119  0.        ],
[ 0.99956422 -0.02951886  0.        ],
[ 0.20351805  0.97907119  0.        ],
[ 0.9048704  -0.42568717  0.        ],
[ 0.95157448 -0.30741831  0.        ],
[ 0.33150825  0.94345232  0.        ],
[ 0.96628686  0.25746787  0.        ],
[ 0.41834107  0.90829002  0.        ],
[ 0.7833252   0.62161212  0.        ],
[ 0.85674077  0.51574727  0.        ],
[ 0.17936965  0.98378175  0.        ],
[ 0.41809944  0.90840126  0.        ],
[ 0.9905138   0.13741329  0.        ],
[ 0.15659503  0.9876629   0.        ],
[ 0.96843663 -0.2492599   0.        ],
[ 0.85014389  0.52655044  0.        ],
[ 0.21572646  0.97645384  0.        ],
[ 0.64727581  0.76225588  0.        ],
[ 0.36040483  0.93279599  0.        ],
[ 0.98307586 -0.18319892  0.        ],
[ 0.65547406  0.75521769  0.        ],
[ 0.53149297  0.84706271  0.        ],
[ 0.52390493  0.85177675  0.        ],
[ 0.95269628  0.30392399  0.        ],
[ 0.15531813  0.9878645   0.        ],
[ 0.85731146  0.51479808  0.        ],
[ 0.97120543 -0.23824361  0.        ],
[ 0.22601003  0.97412497  0.        ],
[ 0.37209331  0.92819533  0.        ],
[ 0.81989496  0.57251398  0.        ],
[ 0.41847276  0.90822935  0.        ],
[ 0.23274629  0.97253749  0.        ],
[ 0.9814176   0.19188407  0.        ],
[ 0.94379184 -0.3305404   0.        ],
[ 0.98740552 -0.15820981  0.        ],
[ 0.46332637  0.88618772  0.        ],
[ 0.82505791  0.56504818  0.        ],
[ 0.94127132  0.33765116  0.        ],
[ 0.64250228  0.76628378  0.        ],
[ 0.99281612 -0.11965012  0.        ],
[ 0.98610508 -0.16612273  0.        ],
[ 0.68799964  0.72571103  0.        ],
[ 0.95048117 -0.31078214  0.        ],
[ 0.84706472  0.53148975  0.        ],
[ 0.50123824  0.86530932  0.        ],
[ 0.55898611  0.82917702  0.        ],
[ 0.58380458  0.81189421  0.        ],
[ 0.99997012 -0.00773019  0.        ],
[ 0.41779817  0.90853987  0.        ],
[ 0.55630703  0.83097683  0.        ],
[ 0.99148534 -0.13021832  0.        ],
[ 0.82525057 -0.56476677  0.        ],
[ 0.17837892  0.98396187  0.        ],
[ 0.86844261 -0.49578971  0.        ],
[ 0.89424001 -0.44758777  0.        ],
[ 0.46811905  0.88366541  0.        ],
[ 0.83220386 -0.55446977  0.        ],
[ 0.6444743   0.76462597  0.        ],
[ 0.67421944  0.73853107  0.        ],
[ 0.73065642  0.68274533  0.        ],
[ 0.37442769  0.92725612  0.        ],
[ 0.99534499 -0.09637608  0.        ],
[ 0.99445375  0.10517482  0.        ],
[ 0.39478298  0.9187744   0.        ],
[ 0.17973545  0.98371498  0.        ],
[ 0.26626125  0.9639009   0.        ],
[ 0.25324599  0.96740192  0.        ],
[ 0.96662148  0.25620874  0.        ],
[ 0.97712784 -0.21265271  0.        ],
[ 0.96230819 -0.2719613   0.        ],
[ 0.99349185 -0.11390319  0.        ],
[ 0.9991872  -0.04031061  0.        ],
[ 0.99932352 -0.03677633  0.        ],
[ 0.69113288  0.72272771  0.        ],
[ 0.93220787 -0.3619233   0.        ],
[ 0.75638669  0.65412475  0.        ],
[ 0.71197119  0.70220868  0.        ],
[ 0.95752424  0.2883528   0.        ],
[ 0.35430637  0.9351294   0.        ],
[ 0.9996863 -0.0250458  0.       ],
[ 0.96550835  0.26037209  0.        ],
[ 0.94202934  0.33553052  0.        ],
[ 0.21550542  0.97650264  0.        ],
[ 0.820916    0.57104896  0.        ],
[ 0.42514279  0.9051263   0.        ],
[ 0.35080731  0.93644767  0.        ],
[ 0.9802704  -0.19766121  0.        ],
[ 0.46721822  0.88414203  0.        ],
[ 0.982538   -0.18606205  0.        ],
[ 0.15262637  0.98828396  0.        ],
[ 0.92959032  0.36859441  0.        ],
[ 0.41230791  0.91104456  0.        ],
[ 0.99705622  0.07667397  0.        ],
[ 0.97962523  0.20083426  0.        ],
[ 0.95508674  0.29632636  0.        ],
[ 0.88453177  0.46647995  0.        ],
[ 0.63890585  0.76928494  0.        ],
[ 0.40316278  0.91512828  0.        ],
[ 0.32773798  0.94476866  0.        ],
[ 0.62776782  0.77840065  0.        ],
[ 0.67626551  0.73665797  0.        ],
[ 0.52409829  0.85165778  0.        ],
[ 0.30479703  0.95241733  0.        ],
[ 0.27170316  0.96238111  0.        ],
[ 0.38420669  0.92324711  0.        ],
[ 0.94726615  0.32044788  0.        ],
[ 0.95786319 -0.28722483  0.        ],
[ 0.69564157  0.71838904  0.        ],
[ 0.55348333  0.83286026  0.        ],
[ 0.93821188  0.34606135  0.        ],
[ 0.25577498  0.96673635  0.        ],
[ 0.6881012   0.72561473  0.        ],
[ 0.27828043  0.96049987  0.        ],
[ 0.50073665  0.86559968  0.        ],
[ 0.79108565  0.6117054   0.        ],
[ 0.34691934  0.93789497  0.        ],
[ 0.9132351  -0.40743301  0.        ],
[ 0.81129491  0.58463713  0.        ],
[ 0.59362911  0.80473877  0.        ],
[ 0.79571858  0.60566652  0.        ],
[ 0.97342884  0.22898972  0.        ],
[ 0.39343459  0.91935261  0.        ],
[ 0.8594655   0.51119376  0.        ],
[ 0.46202515  0.88686682  0.        ],
[ 0.96374939  0.26680912  0.        ],
[ 0.30767855  0.95149036  0.        ],
[ 0.37087213  0.92868394  0.        ],
[ 0.96962445  0.24459851  0.        ],
[ 0.76719647  0.64141217  0.        ],
[ 0.36642939  0.93044586  0.        ],
[ 0.6511097   0.75898364  0.        ],
[ 0.51305028  0.85835855  0.        ],
[ 0.19267814  0.98126201  0.        ],
[ 0.94544993 -0.32576746  0.        ],
[ 0.33062196  0.94376327  0.        ],
[ 0.99436238  0.10603517  0.        ],
[ 0.9834753  -0.18104238  0.        ],
[ 0.99329151 -0.11563725  0.        ],
[ 0.19996709  0.97980261  0.        ],
[ 0.54307561  0.8396838   0.        ],
[ 0.47797563  0.8783731   0.        ],
[ 0.96677695 -0.25562144  0.        ],
[ 0.99928579 -0.0377878   0.        ],
[ 0.47797535  0.87837325  0.        ],
[ 0.95961666  0.28131097  0.        ],
[ 0.93936517  0.34291846  0.        ],
[ 0.41500721  0.90981812  0.        ],
[ 0.41124291  0.91152579  0.        ],
[ 0.70665729  0.70755598  0.        ],
[ 0.99887131  0.04749849  0.        ],
[ 0.99376405 -0.1115034   0.        ],
[ 0.82280656 -0.56832154  0.        ],
[ 0.54573181  0.8379599   0.        ],
[ 0.19920776  0.97995728  0.        ],
[ 0.36638011  0.93046527  0.        ],
[ 0.80509431  0.59314683  0.        ],
[ 0.85462652  0.5192432   0.        ],
[ 0.53038312  0.84775807  0.        ],
[ 0.27593935  0.96117505  0.        ],
[ 0.37161585  0.92838659  0.        ],
[ 0.93983069  0.34164056  0.        ],
[ 0.50600805  0.86252875  0.        ],
[ 0.31044943  0.9505899   0.        ],
[ 0.48915871  0.87219479  0.        ],
[ 0.9995266   0.03076663  0.        ],
[ 0.98701521 -0.16062684  0.        ],
[ 0.79419159  0.60766744  0.        ],
[ 0.95920362  0.28271613  0.        ],
[ 0.90187745 -0.43199196  0.        ],
[ 0.90341019  0.42877736  0.        ],
[ 0.40653535  0.91363505  0.        ],
[ 0.82679615 -0.56250167  0.        ],
[ 0.73153296  0.68180608  0.        ],
[ 0.8429889   0.53793096  0.        ],
[ 0.41843716  0.90824575  0.        ],
[ 0.38594233  0.92252291  0.        ],
[ 0.80278961  0.59626239  0.        ],
[ 0.64490845  0.76425984  0.        ],
[ 0.77813168  0.62810118  0.        ],
[ 0.51410027  0.85773009  0.        ],
[ 0.50917911  0.86066058  0.        ],
[ 0.33164787  0.94340325  0.        ],
[ 0.93734353  0.34840652  0.        ],
[ 0.60099303  0.79925427  0.        ],
[ 0.15247528  0.98830729  0.        ],
[ 0.86434517  0.50289902  0.        ],
[ 0.83235662 -0.55424044  0.        ],
[ 0.65156841  0.75858988  0.        ],
[ 0.3525475   0.93579392  0.        ],
[ 0.32349714  0.94622915  0.        ],
[ 0.44875211  0.89365628  0.        ],
[ 0.1919478   0.98140514  0.        ],
[ 0.75733579  0.65302566  0.        ],
[ 0.55622803  0.83102971  0.        ],
[ 0.61977307  0.78478108  0.        ],
[ 0.15256995  0.98829267  0.        ],
[ 0.80350721 -0.59529502  0.        ],
[ 0.7539002   0.65698895  0.        ],
[ 0.95525211  0.29579284  0.        ],
[ 0.56820383  0.82288785  0.        ],
[ 0.31544079  0.94894526  0.        ],
[ 0.99595569  0.08984575  0.        ],
[ 0.35807094  0.93369439  0.        ],
[ 0.5045426  0.8633868  0.       ],
[ 0.66275676  0.74883475  0.        ],
[ 0.63970722  0.76861868  0.        ],
[ 0.96610641  0.25814415  0.        ],
[ 0.36798522  0.92983164  0.        ],
[ 0.99926763 -0.03826499  0.        ],
[ 0.84167394  0.53998609  0.        ],
[ 0.22710092  0.97387123  0.        ],
[ 0.43786815  0.8990392   0.        ],
[ 0.35281868  0.93569171  0.        ],
[ 0.99745738 -0.0712655   0.        ],
[ 0.49078555  0.8712804   0.        ],
[ 0.87027897  0.49255914  0.        ],
[ 0.22774857  0.97371998  0.        ],
[ 0.71181114  0.70237091  0.        ],
[ 0.20642608  0.9784622   0.        ],
[ 0.31946484  0.94759813  0.        ],
[ 0.95511624  0.29623128  0.        ],
[ 0.301855    0.95335385  0.        ],
[ 0.32834716  0.94455711  0.        ],
[ 0.88629273  0.46312546  0.        ],
[ 0.23563101  0.97184259  0.        ],
[ 0.98840518 -0.15183942  0.        ],
[ 0.51893591  0.85481315  0.        ],
[ 0.82920959  0.55893779  0.        ],
[ 0.22066839  0.97534889  0.        ],
[ 0.3162183   0.94868645  0.        ],
[ 0.91745965  0.39782885  0.        ],
[ 0.38449723  0.92312614  0.        ],
[ 0.90923385  0.41628573  0.        ],
[ 0.55129581  0.83430985  0.        ],
[ 0.90227411  0.43116289  0.        ],
[ 0.96920528  0.24625421  0.        ],
[ 0.31420632  0.94935472  0.        ],
[ 0.35788562  0.93376543  0.        ],
[ 0.18862568  0.98204906  0.        ],
[ 0.76225473  0.64727717  0.        ],
[ 0.87066414  0.49187799  0.        ],
[ 0.99176843  0.12804445  0.        ],
[ 0.77671445 -0.62985289  0.        ],
[ 0.45560142  0.89018388  0.        ],
[ 0.80904871  0.58774159  0.        ],
[ 0.99587069 -0.09078308  0.        ],
[ 0.29806982  0.95454407  0.        ],
[ 0.96768829 -0.25214949  0.        ],
[ 0.26131991  0.96525225  0.        ],
[ 0.95904902 -0.28324013  0.        ],
[ 0.81622874  0.57772887  0.        ],
[ 0.88798924  0.45986423  0.        ],
[ 0.94201171  0.33558002  0.        ],
[ 0.93664476 -0.35028074  0.        ],
[ 0.48611376  0.87389554  0.        ],
[ 0.63834747  0.76974834  0.        ],
[ 0.47521798  0.8798681   0.        ],
[ 0.88946109  0.45701092  0.        ],
[ 0.30251433  0.95314484  0.        ],
[ 0.92631495 -0.37675008  0.        ],
[ 0.41031606  0.91194338  0.        ],
[ 0.57775771  0.81620833  0.        ],
[ 0.15387115  0.98809092  0.        ],
[ 0.91017978  0.41421343  0.        ],
[ 0.85597041  0.51702482  0.        ],
[ 0.98009357 -0.19853611  0.        ],
[ 0.9655216   0.26032296  0.        ],
[ 0.84872715  0.52883101  0.        ],
[ 0.93269121  0.36067591  0.        ],
[ 0.91573053  0.40179299  0.        ],
[ 0.86109666  0.50844129  0.        ],
[ 0.37666845  0.92634814  0.        ],
[ 0.22670996  0.97396232  0.        ],
[ 0.94361739 -0.33103811  0.        ],
[ 0.99568979  0.09274611  0.        ],
[ 0.34559446  0.93838397  0.        ],
[ 0.286812    0.95798689  0.        ],
[ 0.21927107  0.97566398  0.        ],
[ 0.19516085  0.98077125  0.        ],
[ 0.42529178  0.9050563   0.        ],
[ 0.29974798  0.95401842  0.        ],
[ 0.99106441 -0.13338419  0.        ],
[ 0.53598381  0.84422826  0.        ],
[ 0.81047692  0.58577057  0.        ],
[ 0.44821671  0.89392493  0.        ],
[ 0.50849899  0.86106259  0.        ],
[ 0.75615422  0.65439345  0.        ],
[ 0.27951091  0.96014252  0.        ],
