[-0.01215914 -0.99992607  0.        ],
[-0.54075319 -0.8411813   0.        ],
[ 0.  1.  0.],
[-0.15923128 -0.98724131  0.        ],
[-0.08849038  0.99607703  0.        ],
[ 0.  1.  0.],
[-0.99984674  0.01750685  0.        ],
[-0.99846746 -0.05534198  0.        ],
[-0.1028348   0.99469845  0.        ],
[ 0.  1.  0.],
[ 0.  1.  0.],
[  4.65673758e-17   1.00000000e+00   0.00000000e+00],
[-0.67392433  0.73880037  0.        ],
[-0.98303574  0.18341409  0.        ],
[ 0.  1.  0.],
[-0.49876435 -0.86673763  0.        ],
[ 0.  1.  0.],
[-0.98959273  0.14389662  0.        ],
[-0.27969441  0.96008908  0.        ],
[-0.70787463  0.7063381   0.        ],
[-0.11820222 -0.99298954  0.        ],
[ 0.  1.  0.],
[ 0.  1.  0.],
[-0.26235204 -0.96497223  0.        ],
[ 0.  1.  0.],
[-0.71996875  0.69400649  0.        ],
[-0.98834803  0.15221094  0.        ],
[-0.51743559 -0.85572216  0.        ],
[ -9.34259485e-17   1.00000000e+00   0.00000000e+00],
[-0.02940892 -0.99956746  0.        ],
[ 0.  1.  0.],
[ 0.  1.  0.],
[-0.72823724  0.68532513  0.        ],
[ 0.  1.  0.],
[-0.94775075  0.31901178  0.        ],
[-0.63656693  0.77122146  0.        ],
[-0.43938264 -0.8983      0.        ],
[-0.95825217  0.28592443  0.        ],
[-0.07554593 -0.99714232  0.        ],
[-0.97021958  0.24222711  0.        ],
[-0.51851025 -0.85507141  0.        ],
[-0.49280414  0.87014026  0.        ],
[-0.93105189  0.36488681  0.        ],
[ 0.  1.  0.],
[-0.98037483  0.19714257  0.        ],
[-0.23187715  0.97274508  0.        ],
[-0.06027739  0.99818167  0.        ],
[-0.84639097 -0.53256204  0.        ],
[-0.99918751  0.04030294  0.        ],
[-0.43505627  0.90040327  0.        ],
[-0.7420353  -0.67036081  0.        ],
[ 0.  1.  0.],
[-0.00551224  0.99998481  0.        ],
[-0.92294133  0.38494065  0.        ],
[-0.71815506  0.69588311  0.        ],
[ 0.  1.  0.],
[-0.83741104 -0.54657364  0.        ],
[-0.87456843 -0.48490211  0.        ],
[-0.67448894 -0.73828495  0.        ],
[-0.57204849 -0.8202198   0.        ],
[ -5.90765240e-04  -9.99999825e-01   0.00000000e+00],
[ 0.  1.  0.],
[-0.97977331  0.20011063  0.        ],
[-0.13406027  0.99097318  0.        ],
[ 0.  1.  0.],
[-0.22915925 -0.97338894  0.        ],
[-0.06473551 -0.99790246  0.        ],
[-0.09261602 -0.9957019   0.        ],
[ 0.  1.  0.],
[-0.17425645  0.9847003   0.        ],
[ 0.  1.  0.],
[-0.95662721 -0.29131492  0.        ],
[ 0.  1.  0.],
[-0.08557878 -0.99633141  0.        ],
[ 0.  1.  0.],
[-0.56641543  0.82411987  0.        ],
[-0.05215023 -0.99863925  0.        ],
[ 0.  1.  0.],
[-0.786905    0.61707416  0.        ],
[-0.85704131  0.51524769  0.        ],
[-0.70762658 -0.7065866   0.        ],
[ 0.  1.  0.],
[-0.97591206  0.21816429  0.        ],
[-0.09975404  0.99501213  0.        ],
[ 0.  1.  0.],
[  2.25831874e-17   1.00000000e+00   0.00000000e+00],
[-0.30422248  0.95260101  0.        ],
[-0.22864501  0.97350987  0.        ],
[-0.37255353 -0.9280107   0.        ],
[-0.21612673 -0.97636532  0.        ],
[-0.16372964 -0.98650525  0.        ],
[ 0.  1.  0.],
[-0.45738246  0.88927008  0.        ],
[-0.96170328  0.27409269  0.        ],
[ 0.  1.  0.],
[-0.67368647  0.73901728  0.        ],
[-0.28098691  0.9597116   0.        ],
[ 0.  1.  0.],
[ -4.55881174e-17   1.00000000e+00   0.00000000e+00],
[-0.0217733  -0.99976293  0.        ],
[ 0.  1.  0.],
[-0.98472183  0.17413474  0.        ],
[-0.07986329 -0.99680583  0.        ],
[ 0.  1.  0.],
[-0.24163339 -0.97036761  0.        ],
[-0.03951587 -0.99921894  0.        ],
[ 0.  1.  0.],
[ 0.  1.  0.],
[-0.22888959 -0.97345239  0.        ],
[-0.42070021  0.90719972  0.        ],
[ 0.  1.  0.],
[-0.00305127 -0.99999534  0.        ],
[-0.56054722 -0.82812246  0.        ],
[-0.91376147 -0.40625113  0.        ],
[-0.56616728  0.82429037  0.        ],
[ 0.  1.  0.],
[ 0.  1.  0.],
[-0.01194093 -0.9999287   0.        ],
[-0.02800584 -0.99960776  0.        ],
[-0.06150172 -0.99810698  0.        ],
[-0.31709326 -0.94839436  0.        ],
[-0.0890032  -0.99603134  0.        ],
[ 0.  1.  0.],
[-0.71172956 -0.70245358  0.        ],
[ 0.  1.  0.],
[ 0.  1.  0.],
[-0.01501335 -0.99988729  0.        ],
[-0.53809911 -0.84288157  0.        ],
[  2.22509158e-17   1.00000000e+00   0.00000000e+00],
[-0.40346388  0.91499557  0.        ],
[-0.00144576 -0.99999895  0.        ],
[-0.34266961  0.93945598  0.        ],
[ 0.  1.  0.],
[ 0.  1.  0.],
[ 0.  1.  0.],
[-0.4978534 -0.8672612  0.       ],
[-0.75169577  0.65951002  0.        ],
[-0.99845861  0.05550144  0.        ],
[-0.07813242 -0.99694299  0.        ],
[-0.72590159 -0.68779857  0.        ],
[-0.09082582 -0.99586679  0.        ],
[-0.02664105 -0.99964506  0.        ],
[-0.93812324 -0.34630157  0.        ],
[-0.36858499  0.92959405  0.        ],
[-0.28352119 -0.95896597  0.        ],
[-0.43696322 -0.89947937  0.        ],
[ 0.  1.  0.],
[ 0.  1.  0.],
[-0.34845344  0.93732609  0.        ],
[ 0.  1.  0.],
[-0.99675592  0.08048379  0.        ],
[ 0.  1.  0.],
[ 0.  1.  0.],
[-0.07672935 -0.99705196  0.        ],
[-0.53550862 -0.84452976  0.        ],
[-0.05741546 -0.99835037  0.        ],
[ 0.  1.  0.],
[-0.06647439  0.99778813  0.        ],
[-0.49490203 -0.86894878  0.        ],
[-0.84284405 -0.53815789  0.        ],
[ 0.  1.  0.],
[-0.09461421 -0.99551401  0.        ],
[-0.33677286  0.94158592  0.        ],
[-0.17618775  0.98435658  0.        ],
[-0.72676106  0.68689035  0.        ],
[-0.0091587  -0.99995806  0.        ],
[-0.03667977  0.99932707  0.        ],
[ 0.  1.  0.],
[-0.06506255 -0.99788119  0.        ],
[ 0.  1.  0.],
[-0.08922029 -0.99601192  0.        ],
[ 0.  1.  0.],
[-0.95013429 -0.31184105  0.        ],
[-0.03696241 -0.99931666  0.        ],
[-0.48729884  0.87323527  0.        ],
[ 0.  1.  0.],
[ 0.  1.  0.],
[-0.88963859 -0.45666528  0.        ],
[-0.17440373  0.98467423  0.        ],
[-0.65292938  0.75741879  0.        ],
[-0.75925448  0.65079385  0.        ],
[-0.13863169 -0.99034401  0.        ],
[-0.98101352  0.19393936  0.        ],
[-0.03431213 -0.99941117  0.        ],
[-0.84326118  0.53750403  0.        ],
[-0.31580051  0.94882561  0.        ],
[ 0.  1.  0.],
[-0.44333127  0.89635785  0.        ],
[-0.9916465  -0.12898537  0.        ],
[ 0.  1.  0.],
[-0.7326396   0.68061679  0.        ],
[-0.68811938 -0.72559749  0.        ],
[-0.19648838 -0.98050615  0.        ],
[ 0.  1.  0.],
[-0.10329195  0.99465108  0.        ],
[-0.02071129 -0.9997855   0.        ],
[-0.80211924  0.5971639   0.        ],
[ 0.  1.  0.],
[ 0.  1.  0.],
[ 0.  1.  0.],
[-0.82667711  0.5626766   0.        ],
[  4.86804940e-17   1.00000000e+00   0.00000000e+00],
[-0.08492132  0.99638766  0.        ],
[-0.71501644  0.69910764  0.        ],
[-0.02176706 -0.99976307  0.        ],
[-0.15341372  0.98816205  0.        ],
[-0.03251247 -0.99947133  0.        ],
[ 0.  1.  0.],
[-0.02337162 -0.99972685  0.        ],
[-0.88482415  0.46592512  0.        ],
[-0.82762612  0.56127979  0.        ],
[-0.07779704 -0.99696922  0.        ],
[-0.47126072 -0.88199395  0.        ],
[ 0.  1.  0.],
[-0.075659   -0.99713375  0.        ],
[ 0.  1.  0.],
[-0.9655576   0.26018941  0.        ],
[-0.00902577 -0.99995927  0.        ],
[-0.29370645 -0.95589566  0.        ],
[ 0.  1.  0.],
[-0.6106304   0.79191572  0.        ],
[ 0.  1.  0.],
[ 0.  1.  0.],
[-0.48146788 -0.87646373  0.        ],
[-0.05093399 -0.99870202  0.        ],
[ 0.  1.  0.],
[-0.89244393 -0.45115833  0.        ],
[-0.03171125 -0.99949707  0.        ],
[-0.6608629   0.75050665  0.        ],
[-0.47413012 -0.88045478  0.        ],
[  2.44381028e-17   1.00000000e+00   0.00000000e+00],
[-0.35046652 -0.93657526  0.        ],
[-0.25138712  0.96788662  0.        ],
[ 0.  1.  0.],
[-0.59077865  0.80683368  0.        ],
[ 0.  1.  0.],
[ 0.  1.  0.],
[-0.49024266 -0.87158599  0.        ],
[-0.0095285 -0.9999546  0.       ],
[-0.00824104  0.99996604  0.        ],
[-0.05217116 -0.99863816  0.        ],
[-0.4202397  -0.90741314  0.        ],
[ 0.  1.  0.],
[ 0.  1.  0.],
[-0.09380051 -0.99559101  0.        ],
[-0.09330084  0.99563796  0.        ],
[-0.05797459  0.99831806  0.        ],
[-0.01659144 -0.99986235  0.        ],
[-0.22985508  0.97322487  0.        ],
[-0.32262085 -0.94652828  0.        ],
[-0.5059622   0.86255565  0.        ],
[ 0.  1.  0.],
[ 0.  1.  0.],
[-0.21719797  0.97612757  0.        ],
[  1.88987996e-16   1.00000000e+00   0.00000000e+00],
[-0.49508655 -0.86884366  0.        ],
[-0.02333451 -0.99972771  0.        ],
[ 0.  1.  0.],
[-0.09303311 -0.99566302  0.        ],
[ 0.  1.  0.],
[ 0.  1.  0.],
[-0.64668366  0.76275831  0.        ],
[ 0.  1.  0.],
[ -4.59667780e-17   1.00000000e+00   0.00000000e+00],
[-0.4166211  -0.90908023  0.        ],
[ 0.  1.  0.],
[ 0.  1.  0.],
[ 0.  1.  0.],
[ 0.  1.  0.],
[-0.86555604 -0.50081208  0.        ],
[ 0.  1.  0.],
[-0.04724025  0.99888356  0.        ],
[ 0.  1.  0.],
[ 0.  1.  0.],
[-0.43053683  0.90257301  0.        ],
[-0.99254687 -0.12186353  0.        ],
[-0.98905157  0.14757027  0.        ],
[-0.41778152 -0.90854752  0.        ],
[ -2.33851953e-17   1.00000000e+00   0.00000000e+00],
[-0.99987086  0.01607068  0.        ],
[ 0.  1.  0.],
[-0.3228584   0.94644728  0.        ],
[  1.15064878e-17   1.00000000e+00   0.00000000e+00],
[-0.46390329 -0.88588585  0.        ],
[-0.12813058  0.99175731  0.        ],
[ 0.  1.  0.],
[-0.01663723  0.99986159  0.        ],
[-0.99860113  0.05287519  0.        ],
[ 0.  1.  0.],
[-0.85940542  0.51129475  0.        ],
[-0.86909092 -0.49465238  0.        ],
[-0.97844327  0.20651579  0.        ],
[ -1.22569649e-17   1.00000000e+00   0.00000000e+00],
[ 0.  1.  0.],
[ 0.  1.  0.],
[ 0.  1.  0.],
[-0.25392355  0.96722429  0.        ],
[ 0.  1.  0.],
[-0.27060224 -0.96269124  0.        ],
[-0.07598144 -0.99710923  0.        ],
[-0.53551413 -0.84452627  0.        ],
[  9.40018039e-17   1.00000000e+00   0.00000000e+00],
[-0.0640679  -0.99794554  0.        ],
[-0.69874257 -0.71537321  0.        ],
[-0.89700262 -0.44202523  0.        ],
[ 0.  1.  0.],
[  9.18301241e-17   1.00000000e+00   0.00000000e+00],
[-0.86053659 -0.50938864  0.        ],
[-0.00501451  0.99998743  0.        ],
[ 0.  1.  0.],
[-0.9407762   0.33902824  0.        ],
[-0.08278272 -0.99656762  0.        ],
[-0.00185249 -0.99999828  0.        ],
[  4.87369569e-17   1.00000000e+00   0.00000000e+00],
[ 0.  1.  0.],
[-0.08428066  0.99644206  0.        ],
[  9.58813414e-17   1.00000000e+00   0.00000000e+00],
[-0.54575164 -0.83794698  0.        ],
[ 0.  1.  0.],
[ 0.  1.  0.],
[-0.46618381  0.88468789  0.        ],
[ 0.  1.  0.],
[-0.06615392 -0.99780943  0.        ],
[-0.51203945 -0.85896193  0.        ],
[ 0.  1.  0.],
[-0.6112532   0.79143511  0.        ],
[-0.05401669 -0.99854003  0.        ],
[-0.1840285   0.98292091  0.        ],
[-0.63226114 -0.77475535  0.        ],
[-0.73039713  0.68302272  0.        ],
[-0.07459311 -0.99721405  0.        ],
[-0.0293802  -0.99956831  0.        ],
[-0.00537214 -0.99998557  0.        ],
[-0.44932821 -0.89336676  0.        ],
[-0.04327583 -0.99906316  0.        ],
[-0.81922644 -0.57347018  0.        ],
[ 0.  1.  0.],
[-0.25690634  0.9664363   0.        ],
[ 0.  1.  0.],
[ 0.  1.  0.],
[-0.01361946 -0.99990725  0.        ],
[-0.01814746 -0.99983532  0.        ],
[-0.02788352 -0.99961118  0.        ],
[ 0.  1.  0.],
[-0.0665813 -0.997781   0.       ],
[ 0.  1.  0.],
[-0.28036215  0.9598943   0.        ],
[ 0.  1.  0.],
[-0.54054768 -0.84131338  0.        ],
[-0.34575305 -0.93832554  0.        ],
[-0.28056166 -0.959836    0.        ],
[-0.89857017 -0.43882986  0.        ],
[-0.24050033 -0.97064906  0.        ],
[-0.32985414  0.94403191  0.        ],
[ 0.  1.  0.],
[-0.77333564 -0.63399683  0.        ],
[-0.3064207  -0.95189619  0.        ],
[ 0.  1.  0.],
[-0.70360804  0.7105883   0.        ],
[-0.27575056  0.96122923  0.        ],
[-0.70878332  0.70542626  0.        ],
[ 0.  1.  0.],
[ 0.  1.  0.],
[-0.90714382 -0.42082074  0.        ],
[-0.97915834 -0.20309836  0.        ],
[-0.01912356  0.99981713  0.        ],
[ 0.  1.  0.],
[-0.0028494  -0.99999594  0.        ],
[ 0.  1.  0.],
[-0.08783914 -0.99613467  0.        ],
[-0.08899637  0.99603195  0.        ],
[-0.98655325 -0.16344018  0.        ],
[ 0.  1.  0.],
[-0.08117895 -0.99669954  0.        ],
[-0.0256423  -0.99967118  0.        ],
[-0.3287789   0.94440692  0.        ],
[-0.03099422 -0.99951956  0.        ],
[-0.95242841 -0.3047624   0.        ],
[-0.99413222 -0.10817177  0.        ],
[-0.02715485 -0.99963124  0.        ],
[ -4.87084879e-17   1.00000000e+00   0.00000000e+00],
[ -9.63524780e-17   1.00000000e+00   0.00000000e+00],
[-0.8081897   0.58892224  0.        ],
[-0.98191493  0.18932266  0.        ],
[ 0.  1.  0.],
[-0.95525582  0.29578085  0.        ],
[ 0.  1.  0.],
[-0.95269714  0.30392131  0.        ],
[-0.01585298 -0.99987433  0.        ],
[-0.05045972 -0.9987261   0.        ],
[-0.16305442  0.98661708  0.        ],
[  9.59743194e-17   1.00000000e+00   0.00000000e+00],
[ 0.  1.  0.],
[-0.03225734 -0.9994796   0.        ],
[ 0.  1.  0.],
[ 0.  1.  0.],
[ 0.  1.  0.],
[-0.54105318 -0.84098838  0.        ],
[-0.07159257  0.99743396  0.        ],
[-0.08125932 -0.99669299  0.        ],
[-0.57294361 -0.81959479  0.        ],
[ 0.  1.  0.],
[-0.6448382   0.76431911  0.        ],
[ 0.  1.  0.],
[  9.11215916e-17   1.00000000e+00   0.00000000e+00],
[ 0.  1.  0.],
[ -9.01436724e-17   1.00000000e+00   0.00000000e+00],
[-0.87740297  0.47975414  0.        ],
[ 0.  1.  0.],
[-0.96026164  0.27910138  0.        ],
[-0.99994926  0.01007353  0.        ],
[-0.03623822 -0.99934318  0.        ],
[ 0.  1.  0.],
[ 0.  1.  0.],
[-0.07269156  0.99735447  0.        ],
[ 0.  1.  0.],
[-0.47902507 -0.87780122  0.        ],
[-0.0772427  -0.99701232  0.        ],
[ 0.  1.  0.],
[ 0.  1.  0.],
[-0.73437959  0.678739    0.        ],
[-0.99878368  0.0493067   0.        ],
[ 0.  1.  0.],
[-0.0629471  -0.99801686  0.        ],
[-0.03547592 -0.99937053  0.        ],
[-0.04880695 -0.99880823  0.        ],
[-0.08843264 -0.99608216  0.        ],
[-0.66376976  0.74793697  0.        ],
[-0.93069172 -0.36580449  0.        ],
[ 0.  1.  0.],
[-0.42695135  0.9042746   0.        ],
[-0.15751227  0.98751703  0.        ],
[ 0.  1.  0.],
[-0.65485694  0.75575286  0.        ],
[ 0.  1.  0.],
[-0.08311536 -0.99653993  0.        ],
[-0.78168489  0.62367358  0.        ],
[-0.38404233 -0.92331549  0.        ],
[ 0.  1.  0.],
[ 0.  1.  0.],
[-0.6132197  0.7899124  0.       ],
[-0.68969204  0.72410281  0.        ],
[ 0.  1.  0.],
[  9.14058421e-17   1.00000000e+00   0.00000000e+00],
[-0.02248111 -0.99974727  0.        ],
[-0.03864749 -0.99925291  0.        ],
[-0.42808377 -0.90373906  0.        ],
[-0.75888377 -0.65122609  0.        ],
[-0.46639537 -0.88457637  0.        ],
[-0.38977995  0.92090803  0.        ],
[-0.49366519 -0.86965205  0.        ],
[ 0.  1.  0.],
[ 0.  1.  0.],
[ 0.  1.  0.],
[ -4.84647097e-17   1.00000000e+00   0.00000000e+00],
[ 0.  1.  0.],
[ 0.  1.  0.],
[ 0.  1.  0.],
[ 0.  1.  0.],
[ 0.  1.  0.],
[-0.46900613 -0.88319491  0.        ],
[-0.46699132 -0.8842619   0.        ],
[-0.05637744  0.99840953  0.        ],
[-0.86475079  0.50220123  0.        ],
[-0.01451219 -0.99989469  0.        ],
[-0.9128668   0.40825753  0.        ],
[-0.88690311 -0.46195549  0.        ],
[ 0.  1.  0.],
[-0.08595399  0.99629911  0.        ],
[-0.12663617  0.99194923  0.        ],
[-0.0599734  -0.99819998  0.        ],
[-0.22500816 -0.97435688  0.        ],
[  4.69887822e-17   1.00000000e+00   0.00000000e+00],
[-0.7706298   0.63728307  0.        ],
[-0.9284607  -0.37143065  0.        ],
[ 0.  1.  0.],
[-0.1520319   0.98837559  0.        ],
[ 0.  1.  0.],
[-0.09416017  0.99555706  0.        ],
[-0.99667781 -0.0814453   0.        ],
[-0.10336111  0.9946439   0.        ],
[ -4.45941816e-17   1.00000000e+00   0.00000000e+00],
[-0.03548903 -0.99937007  0.        ],
[ 0.  1.  0.],
[ 0.  1.  0.],
[-0.63431251 -0.77307673  0.        ],
[ 0.  1.  0.],
[-0.85435186  0.519695    0.        ],
[-0.35562451 -0.93462891  0.        ],
[-0.11466076 -0.99340471  0.        ],
[ 0.  1.  0.],
[ 0.  1.  0.],
[-0.47633628  0.87926318  0.        ],
[ 0.  1.  0.],
[ 0.  1.  0.],
[-0.62110662 -0.78372608  0.        ],
[-0.0707355  -0.99749511  0.        ],
[-0.99989406 -0.01455576  0.        ],
[  1.79028952e-16   1.00000000e+00   0.00000000e+00],
[-0.07433647 -0.99723322  0.        ],
[-0.05607673 -0.99842646  0.        ],
[-0.68781285  0.72588807  0.        ],
[-0.42987729  0.90288732  0.        ],
[ 0.  1.  0.],
[ 0.  1.  0.],
[-0.06118754 -0.99812629  0.        ],
[-0.42791374  0.90381958  0.        ],
[ 0.  1.  0.],
[-0.69910631 -0.71501774  0.        ],
[-0.96046462  0.27840206  0.        ],
[-0.94777095 -0.31895176  0.        ],
[-0.05977214 -0.99821205  0.        ],
[ 0.  1.  0.],
[-0.25190852 -0.96775105  0.        ],
[ 0.  1.  0.],
[-0.41483139  0.9098983   0.        ],
[ 0.  1.  0.],
[-0.67192064 -0.74062315  0.        ],
[-0.0570622   0.99837063  0.        ],
[ 0.  1.  0.],
[-0.04889996 -0.99880368  0.        ],
[-0.01701666 -0.99985521  0.        ],
[ 0.  1.  0.],
[ 0.  1.  0.],
[-0.99846058  0.05546591  0.        ],
[ 0.  1.  0.],
[ 0.  1.  0.],
[ 0.  1.  0.],
[-0.06831098 -0.99766408  0.        ],
[ 0.  1.  0.],
[-0.71242192 -0.70175138  0.        ],
[-0.10673742  0.99428724  0.        ],
[-0.25562112  0.96677704  0.        ],
[-0.43712998 -0.89939834  0.        ],
[-0.77924061  0.62672487  0.        ],
[-0.65569451 -0.7550263   0.        ],
[ 0.  1.  0.],
[-0.04593373 -0.99894449  0.        ],
[ 0.  1.  0.],
[ 0.  1.  0.],
[-0.81372553 -0.58124931  0.        ],
[-0.46275733  0.886485    0.        ],
[ -2.24386186e-17   1.00000000e+00   0.00000000e+00],
[  9.47583721e-17   1.00000000e+00   0.00000000e+00],
[-0.75480752 -0.65594634  0.        ],
[ 0.  1.  0.],
[ -2.42754577e-17   1.00000000e+00   0.00000000e+00],
[-0.59307919 -0.80514413  0.        ],
[-0.79931549 -0.6009116   0.        ],
[-0.60057034 -0.79957193  0.        ],
[-0.45145009 -0.89229637  0.        ],
[ 0.  1.  0.],
[-0.86322112  0.50482601  0.        ],
[-0.11322777  0.99356906  0.        ],
[ 0.  1.  0.],
[-0.92532965  0.37916361  0.        ],
[-0.89945092 -0.43702178  0.        ],
[-0.82351004  0.56730169  0.        ],
[ 0.  1.  0.],
[ 0.  1.  0.],
[-0.2963741  -0.95507193  0.        ],
[-0.75107475  0.66021718  0.        ],
[ 0.  1.  0.],
[ 0.  1.  0.],
[-0.05704308 -0.99837172  0.        ],
[ -9.48697519e-17   1.00000000e+00   0.00000000e+00],
[-0.98797513  0.15461291  0.        ],
[-0.00547009 -0.99998504  0.        ],
[-0.06149497 -0.99810739  0.        ],
[ 0.  1.  0.],
[-0.56429221  0.82557513  0.        ],
[-0.45065911  0.89269612  0.        ],
[-0.02719532  0.99963014  0.        ],
[-0.87015936  0.49277043  0.        ],
[ 0.  1.  0.],
[-0.46874649  0.88333274  0.        ],
[-0.10295748 -0.99468576  0.        ],
[-0.9843647   0.17614236  0.        ],
[ 0.  1.  0.],
[-0.17651128 -0.98429862  0.        ],
[ 0.  1.  0.],
[-0.44141269 -0.89730421  0.        ],
[-0.9699881   0.24315239  0.        ],
[-0.99042929 -0.13802112  0.        ],
[ 0.  1.  0.],
[ -2.34260295e-17   1.00000000e+00   0.00000000e+00],
[ 0.  1.  0.],
[-0.99992967 -0.01186006  0.        ],
[ 0.  1.  0.],
[-0.10975905  0.99395822  0.        ],
[-0.6141108   0.78921982  0.        ],
[-0.04232562 -0.99910387  0.        ],
[ -1.19750905e-17   1.00000000e+00   0.00000000e+00],
[-0.15093086 -0.98854432  0.        ],
[-0.00337435 -0.99999431  0.        ],
[ 0.  1.  0.],
[-0.75124344 -0.66002522  0.        ],
[-0.80308445  0.59586522  0.        ],
[-0.64905512  0.76074139  0.        ],
[ 0.  1.  0.],
[-0.51302054  0.85837633  0.        ],
[-0.08085711 -0.9967257   0.        ],
[-0.64432926  0.7647482   0.        ],
[-0.55081892  0.83462478  0.        ],
[-0.53679795  0.84371083  0.        ],
[-0.1613003  -0.98690537  0.        ],
[-0.14645173 -0.98921782  0.        ],
[ 0.  1.  0.],
[-0.06438573 -0.99792509  0.        ],
[ 0.  1.  0.],
[ 0.  1.  0.],
[ 0.  1.  0.],
[-0.06422721  0.9979353   0.        ],
[ 0.  1.  0.],
[-0.02030244 -0.99979388  0.        ],
[-0.76714314 -0.64147596  0.        ],
[-0.98491469 -0.17304062  0.        ],
[-0.00422067  0.99999109  0.        ],
[-0.15082155 -0.98856101  0.        ],
[  4.80300140e-17   1.00000000e+00   0.00000000e+00],
[-0.24880268  0.96855419  0.        ],
[ -4.65631403e-17   1.00000000e+00   0.00000000e+00],
[ 0.  1.  0.],
[-0.36440371 -0.93124107  0.        ],
[-0.40588589 -0.91392376  0.        ],
[-0.89051087 -0.45496196  0.        ],
[-0.74535669  0.66666588  0.        ],
[-0.86077944  0.50897814  0.        ],
[-0.8362955  -0.54827897  0.        ],
[-0.03718489  0.9993084   0.        ],
[ 0.  1.  0.],
[ 0.  1.  0.],
[-0.31992173  0.94744398  0.        ],
[-0.36783161 -0.92989242  0.        ],
[ 0.  1.  0.],
[-0.01563036 -0.99987784  0.        ],
[-0.06642953  0.99779112  0.        ],
[-0.17248946  0.98501136  0.        ],
[ 0.  1.  0.],
[ 0.  1.  0.],
[  8.97104360e-17   1.00000000e+00   0.00000000e+00],
[ 0.  1.  0.],
[ 0.  1.  0.],
[-0.02286983 -0.99973845  0.        ],
[ 0.  1.  0.],
[-0.07310387 -0.99732433  0.        ],
[-0.06168027 -0.99809596  0.        ],
[-0.59522967  0.80355562  0.        ],
[-0.15316689  0.98820034  0.        ],
[ 0.  1.  0.],
[-0.6322575   0.77475832  0.        ],
[-0.06428418  0.99793163  0.        ],
[-0.04475087 -0.99899818  0.        ],
[-0.07824145  0.99693444  0.        ],
[ -8.93855273e-17   1.00000000e+00   0.00000000e+00],
[ 0.  1.  0.],
[ 0.  1.  0.],
[-0.89526002 -0.44554404  0.        ],
[-0.39095051 -0.9204117   0.        ],
[ 0.  1.  0.],
[-0.69097762  0.72287615  0.        ],
[-0.70665103  0.70756224  0.        ],
[ 0.  1.  0.],
[-0.81711082  0.57648062  0.        ],
[ 0.  1.  0.],
[-0.5061709  0.8624332  0.       ],
[-0.87751349  0.47955195  0.        ],
[ 0.  1.  0.],
[-0.08451052  0.99642259  0.        ],
[-0.28497686 -0.9585344   0.        ],
[ 0.  1.  0.],
[  9.72496774e-17   1.00000000e+00   0.00000000e+00],
[ 0.  1.  0.],
[-0.01634247 -0.99986645  0.        ],
[-0.26656535  0.96381685  0.        ],
[-0.77019105 -0.63781325  0.        ],
[ -4.73113998e-17   1.00000000e+00   0.00000000e+00],
[-0.90097449 -0.43387206  0.        ],
[-0.99616024 -0.08754868  0.        ],
[ 0.  1.  0.],
[ 0.  1.  0.],
[-0.99991379 -0.01313076  0.        ],
[-0.96866569  0.24836823  0.        ],
[ 0.  1.  0.],
[-0.04060834 -0.99917514  0.        ],
[-0.58558148  0.81061355  0.        ],
[ 0.  1.  0.],
[-0.50723278  0.86180909  0.        ],
[-0.64975319 -0.76014525  0.        ],
[-0.040491   0.9991799  0.       ],
[-0.03398623 -0.9994223   0.        ],
[-0.24486429  0.96955736  0.        ],
[-0.60579885  0.79561785  0.        ],
[-0.71987769 -0.69410094  0.        ],
[-0.98344118  0.18122758  0.        ],
[ 0.  1.  0.],
[ 0.  1.  0.],
[-0.16158372 -0.98685901  0.        ],
[-0.02049819  0.99978989  0.        ],
[-0.03094359  0.99952113  0.        ],
[-0.09285291  0.99567984  0.        ],
[-0.98158832  0.19100884  0.        ],
[ 0.  1.  0.],
[ 0.  1.  0.],
[-0.06937397  0.99759072  0.        ],
[-0.9380617  -0.34646826  0.        ],
[ 0.  1.  0.],
[-0.62038553 -0.78429701  0.        ],
[-0.81972     0.57276445  0.        ],
[-0.04685618 -0.99890165  0.        ],
[-0.26529203  0.96416811  0.        ],
[-0.7917896  -0.61079394  0.        ],
[-0.49721519  0.86762726  0.        ],
[ 0.  1.  0.],
[-0.31650893  0.94858953  0.        ],
[-0.50208859  0.86481619  0.        ],
[-0.78363881  0.62121673  0.        ],
[-0.99140402  0.130836    0.        ],
[ 0.  1.  0.],
[-0.00234646 -0.99999725  0.        ],
[ 0.  1.  0.],
[ 0.  1.  0.],
[ 0.  1.  0.],
[-0.33777461 -0.94122703  0.        ],
[-0.96647542 -0.25675915  0.        ],
[-0.71326842 -0.70089098  0.        ],
[ 0.  1.  0.],
[-0.02884998 -0.99958375  0.        ],
[ 0.  1.  0.],
[-0.48484862 -0.87459809  0.        ],
[-0.93415819  0.35685919  0.        ],
[-0.86393383  0.50360534  0.        ],
[-0.59877739 -0.8009155   0.        ],
[-0.56843144 -0.82273063  0.        ],
[ 0.  1.  0.],
[-0.89847798  0.43901859  0.        ],
[ 0.  1.  0.],
[ 0.  1.  0.],
[-0.06582578  0.99783113  0.        ],
[ 0.  1.  0.],
[ 0.  1.  0.],
[-0.20882511 -0.977953    0.        ],
[  2.22773819e-17   1.00000000e+00   0.00000000e+00],
[-0.15094829  0.98854166  0.        ],
[-0.21592182  0.97641066  0.        ],
[-0.80930343 -0.5873908   0.        ],
[-0.62130338  0.78357011  0.        ],
[-0.91028257  0.41398748  0.        ],
[-0.3134977  -0.94958896  0.        ],
[-0.07540009 -0.99715336  0.        ],
[-0.044867    0.99899297  0.        ],
[-0.04574617 -0.9989531   0.        ],
[ 0.  1.  0.],
[-0.32146736  0.94692066  0.        ],
[-0.48784523 -0.87293014  0.        ],
[-0.14631399  0.9892382   0.        ],
[-0.99941332 -0.03424921  0.        ],
[ 0.  1.  0.],
[-0.84036634 -0.54201883  0.        ],
[ 0.  1.  0.],
[-0.05973988 -0.99821398  0.        ],
[ 0.  1.  0.],
[-0.98456294  0.17503088  0.        ],
[-0.87938087  0.47611899  0.        ],
[-0.85618932  0.51666222  0.        ],
[-0.07757515 -0.99698651  0.        ],
[-0.99786069 -0.06537611  0.        ],
[ 0.  1.  0.],
[-0.30071117 -0.95371526  0.        ],
[-0.2514598   0.96786774  0.        ],
[ 0.  1.  0.],
[-0.29175319 -0.95649364  0.        ],
[-0.74224288 -0.67013096  0.        ],
[ 0.  1.  0.],
[-0.881459    0.47226055  0.        ],
[ 0.  1.  0.],
[-0.67051674 -0.7418944   0.        ],
[ -9.35714278e-17   1.00000000e+00   0.00000000e+00],
[ -8.91669691e-17   1.00000000e+00   0.00000000e+00],
[-0.02148035 -0.99976927  0.        ],
[-0.06526514 -0.99786796  0.        ],
[ 0.  1.  0.],
[ -9.09311342e-17   1.00000000e+00   0.00000000e+00],
[-0.45190785 -0.89206463  0.        ],
[ 0.  1.  0.],
[ 0.  1.  0.],
[ 0.  1.  0.],
[-0.4264991   0.90448799  0.        ],
[ 0.  1.  0.],
[-0.04598664 -0.99894206  0.        ],
[-0.48561594  0.87417227  0.        ],
[ -3.01534466e-18   1.00000000e+00   0.00000000e+00],
[ 0.  1.  0.],
[-0.97942652  0.20180112  0.        ],
[-0.02731297 -0.99962693  0.        ],
[ 0.  1.  0.],
[-0.97521979  0.22123824  0.        ],
[ 0.  1.  0.],
[-0.04378885 -0.99904081  0.        ],
[-0.47736124  0.87870715  0.        ],
[-0.34802608 -0.93748485  0.        ],
[-0.0218305  -0.99976169  0.        ],
[-0.93301732  0.35983145  0.        ],
[ 0.  1.  0.],
[-0.68612914  0.72747977  0.        ],
[-0.11535614  0.9933242   0.        ],
[ -4.62752037e-17   1.00000000e+00   0.00000000e+00],
[-0.02048823  0.99979009  0.        ],
[-0.61123906 -0.79144603  0.        ],
[-0.22047964  0.97539158  0.        ],
[ 0.  1.  0.],
[ 0.  1.  0.],
[-0.11167146  0.99374518  0.        ],
[ 0.  1.  0.],
[-0.07177639 -0.99742075  0.        ],
[-0.99965883  0.0261193   0.        ],
[-0.02946441 -0.99956583  0.        ],
[-0.01821314 -0.99983413  0.        ],
[ 0.  1.  0.],
[  2.33145107e-17   1.00000000e+00   0.00000000e+00],
[ 0.  1.  0.],
[-0.87501551  0.48409488  0.        ],
[-0.59835843  0.80122855  0.        ],
[ 0.  1.  0.],
[-0.99681442 -0.07975598  0.        ],
[-0.50428944  0.86353469  0.        ],
[-0.99978496  0.02073716  0.        ],
[-0.71497134 -0.69915376  0.        ],
[-0.69827088 -0.71583362  0.        ],
[-0.15964201  0.98717497  0.        ],
[-0.76033677  0.64952906  0.        ],
[-0.2742739  -0.96165161  0.        ],
[ 0.  1.  0.],
[-0.82115    -0.57071242  0.        ],
[-0.95693276  0.29030964  0.        ],
[-0.03664281  0.99932843  0.        ],
[ 0.  1.  0.],
[-0.12184807  0.99254876  0.        ],
[-0.08694188 -0.99621339  0.        ],
[-0.22223641  0.97499281  0.        ],
[-0.98462037 -0.17470754  0.        ],
[ 0.  1.  0.],
[-0.89982247  0.43625626  0.        ],
[ 0.  1.  0.],
[ 0.  1.  0.],
[-0.03709035  0.99931192  0.        ],
[-0.46223437 -0.8867578   0.        ],
[-0.79151649 -0.6111478   0.        ],
[ 0.  1.  0.],
[ 0.  1.  0.],
[-0.32357713  0.9462018   0.        ],
[-0.51157982 -0.85923576  0.        ],
[ 0.  1.  0.],
[-0.31073476 -0.95049666  0.        ],
[-0.97162162  0.23654054  0.        ],
[-0.75828056  0.65192837  0.        ],
[-0.28387133 -0.95886238  0.        ],
[-0.23098705  0.97295682  0.        ],
[-0.02558521 -0.99967264  0.        ],
[ 0.  1.  0.],
[-0.75337629 -0.65758966  0.        ],
[-0.64761121  0.76197094  0.        ],
[-0.02390711 -0.99971418  0.        ],
[-0.87478084  0.48451881  0.        ],
[-0.05754666 -0.99834282  0.        ],
[-0.19516545 -0.98077033  0.        ],
[-0.03448485  0.99940522  0.        ],
[ 0.  1.  0.],
[-0.94184329 -0.33605241  0.        ],
[ 0.  1.  0.],
[-0.44277517 -0.89663267  0.        ],
[-0.59115806 -0.80655573  0.        ],
[-0.73506353  0.67799824  0.        ],
[-0.07986544 -0.99680565  0.        ],
[ 0.  1.  0.],
[-0.74186546  0.67054877  0.        ],
[-0.05434672 -0.99852212  0.        ],
[ -9.51821154e-17   1.00000000e+00   0.00000000e+00],
[-0.97642981  0.21583517  0.        ],
[ 0.  1.  0.],
[-0.64612279  0.76323347  0.        ],
[-0.64510001 -0.76409815  0.        ],
[-0.23581997  0.97179676  0.        ],
[ -4.50305982e-17   1.00000000e+00   0.00000000e+00],
[-0.06360956 -0.99797486  0.        ],
[-0.85732519  0.5147752   0.        ],
[-0.00811375 -0.99996708  0.        ],
[-0.0587813  -0.99827088  0.        ],
[-0.67966216  0.73352529  0.        ],
[ 0.  1.  0.],
[ 0.  1.  0.],
[-0.25645182  0.96655702  0.        ],
[-0.68449279  0.72901963  0.        ],
[ -9.01206817e-17   1.00000000e+00   0.00000000e+00],
[ 0.  1.  0.],
[-0.60770284 -0.7941645   0.        ],
[-0.98911239  0.14716209  0.        ],
[-0.57762994  0.81629875  0.        ],
[ 0.  1.  0.],
[-0.99643522  0.08436143  0.        ],
[ 0.  1.  0.],
[ 0.  1.  0.],
[-0.07342205 -0.99730096  0.        ],
[-0.29802424  0.9545583   0.        ],
[ 0.  1.  0.],
[-0.86899388 -0.49482283  0.        ],
[ -9.55250477e-17   1.00000000e+00   0.00000000e+00],
[-0.23825781 -0.97120194  0.        ],
[-0.5596103   0.82875588  0.        ],
[ -2.39454639e-17   1.00000000e+00   0.00000000e+00],
[-0.6309478  -0.77582528  0.        ],
[ 0.  1.  0.],
[-0.08755599 -0.9961596   0.        ],
[ 0.  1.  0.],
[-0.02072709  0.99978517  0.        ],
[ 0.  1.  0.],
[ 0.  1.  0.],
[-0.01142831  0.99993469  0.        ],
[-0.79373451  0.60826435  0.        ],
[-0.99318247  0.11657003  0.        ],
[ 0.  1.  0.],
[ 0.  1.  0.],
[ 0.  1.  0.],
[-0.96935582  0.24566091  0.        ],
[ 0.  1.  0.],
[ 0.  1.  0.],
[-0.02658584 -0.99964653  0.        ],
[ 0.  1.  0.],
[-0.47323881 -0.88093418  0.        ],
[-0.05910961 -0.9982515   0.        ],
[-0.58649043  0.80995616  0.        ],
[ 0.  1.  0.],
[ 0.  1.  0.],
[-0.99835949 -0.05725669  0.        ],
[-0.42474219 -0.90531435  0.        ],
[ -2.43738429e-17   1.00000000e+00   0.00000000e+00],
[-0.08259528  0.99658317  0.        ],
[-0.98474461  0.17400589  0.        ],
[-0.25826152  0.96607504  0.        ],
[ 0.  1.  0.],
[-0.00435545 -0.99999051  0.        ],
[ 0.  1.  0.],
[ 0.  1.  0.],
[-0.98703548  0.16050224  0.        ],
[ 0.  1.  0.],
[ 0.  1.  0.],
[-0.82940785 -0.55864356  0.        ],
[-0.03777551 -0.99928625  0.        ],
[-0.02846682 -0.99959474  0.        ],
[ 0.  1.  0.],
[  9.05061644e-17   1.00000000e+00   0.00000000e+00],
[ 0.  1.  0.],
[-0.18596789  0.98255582  0.        ],
[-0.99940782  0.03440933  0.        ],
[-0.52921343 -0.84848874  0.        ],
[  8.97467335e-17   1.00000000e+00   0.00000000e+00],
[-0.45096366  0.89254231  0.        ],
[-0.00857178 -0.99996326  0.        ],
[ 0.  1.  0.],
[-0.98564399  0.16883697  0.        ],
[ 0.  1.  0.],
[ 0.  1.  0.],
[ 0.  1.  0.],
[-0.06468239 -0.9979059   0.        ],
[  4.70236112e-17   1.00000000e+00   0.00000000e+00],
[-0.96791962  0.25126004  0.        ],
[-0.04469683 -0.9990006   0.        ],
[-0.73146109  0.68188318  0.        ],
[-0.60829584 -0.79371039  0.        ],
[-0.03563252  0.99936496  0.        ],
[-0.33043688 -0.94382809  0.        ],
[-0.09769076  0.99521682  0.        ],
[ 0.  1.  0.],
[-0.97434626 -0.22505414  0.        ],
[-0.96773848  0.2519568   0.        ],
[-0.80029446 -0.59960719  0.        ],
[-0.35315048  0.93556653  0.        ],
[ -4.62651698e-17   1.00000000e+00   0.00000000e+00],
[ -4.55426411e-17   1.00000000e+00   0.00000000e+00],
[ 0.  1.  0.],
[ 0.  1.  0.],
[ -2.40192569e-17   1.00000000e+00   0.00000000e+00],
[ 0.  1.  0.],
[-0.07367559  0.99728226  0.        ],
[-0.04868473 -0.9988142   0.        ],
[ 0.  1.  0.],
[-0.0623784  -0.99805257  0.        ],
[-0.6870091  -0.72664881  0.        ],
[-0.99770553  0.06770279  0.        ],
[-0.8522446  -0.52314353  0.        ],
[ 0.  1.  0.],
[-0.2112166   0.97743928  0.        ],
[-0.01457849 -0.99989373  0.        ],
[-0.10505451 -0.99446647  0.        ],
[-0.71559138 -0.69851913  0.        ],
[  9.30204447e-17   1.00000000e+00   0.00000000e+00],
[-0.03248894 -0.99947209  0.        ],
[-0.33249007  0.94310676  0.        ],
[-0.61209118 -0.79078719  0.        ],
[ 0.  1.  0.],
