[ 0.77772742  0.62860168  0.        ],
[ 0.98512756 -0.17182457  0.        ],
[ 0.29775382  0.95464269  0.        ],
[ 0.37352519  0.92762004  0.        ],
[ 0.449234    0.89341413  0.        ],
[ 0.47995916  0.87729083  0.        ],
[ 0.93550139 -0.35332301  0.        ],
[ 0.34075947  0.94015051  0.        ],
[ 0.37376117  0.92752498  0.        ],
[ 0.93357821  0.35837372  0.        ],
[ 0.44899493  0.8935343   0.        ],
[ 0.84589873  0.53334355  0.        ],
[ 0.71949557  0.69449703  0.        ],
[ 0.36933022  0.92929823  0.        ],
[ 0.32629168  0.94526914  0.        ],
[ 0.99718173 -0.07502397  0.        ],
[ 0.4129953   0.91073315  0.        ],
[ 0.63053975  0.77615696  0.        ],
[ 0.53507733  0.84480309  0.        ],
[ 0.6073611   0.79442589  0.        ],
[ 0.99123203  0.13213274  0.        ],
[ 0.84363548 -0.53691636  0.        ],
[ 0.36701922  0.93021336  0.        ],
[ 0.73021114  0.68322155  0.        ],
[ 0.34910127  0.937085    0.        ],
[ 0.36504906  0.93098829  0.        ],
[ 0.42346845  0.90591085  0.        ],
[ 0.62007635  0.78454147  0.        ],
[ 0.54780251  0.83660768  0.        ],
[ 0.96057772  0.27801159  0.        ],
[ 0.47171703  0.88174999  0.        ],
[ 0.35234288  0.93587098  0.        ],
[ 0.95225293  0.30531027  0.        ],
[ 0.90188617  0.43197377  0.        ],
[ 0.56832846  0.82280177  0.        ],
[ 0.37284759  0.9278926   0.        ],
[ 0.53902914  0.84228711  0.        ],
[ 0.8793723   0.47613482  0.        ],
[ 0.78988798 -0.61325116  0.        ],
[ 0.61551644  0.78812404  0.        ],
[ 0.88520355 -0.46520391  0.        ],
[ 0.60094356  0.79929146  0.        ],
[ 0.79972814  0.60036231  0.        ],
[ 0.65320363  0.75718229  0.        ],
[ 0.45719157  0.88936824  0.        ],
[ 0.84462246  0.5353624   0.        ],
[ 0.97478243  0.22315736  0.        ],
[ 0.26427643  0.96444698  0.        ],
[ 0.98082758  0.19487755  0.        ],
[ 0.83493911  0.55034233  0.        ],
[ 0.41247623  0.91096836  0.        ],
[ 0.97012216  0.24261699  0.        ],
[ 0.32421264  0.94598423  0.        ],
[ 0.8804855   0.47407307  0.        ],
[ 0.18303658  0.9831061   0.        ],
[ 0.96644614 -0.25686934  0.        ],
[ 0.41870126  0.90812403  0.        ],
[ 0.18019372  0.98363114  0.        ],
[ 0.83561969 -0.54930842  0.        ],
[ 0.59032217  0.80716772  0.        ],
[ 0.87771947  0.47917485  0.        ],
[ 0.71278002  0.70138766  0.        ],
[ 0.75089731  0.66041899  0.        ],
[ 0.9705136  -0.24104638  0.        ],
[ 0.43433005  0.9007538   0.        ],
[ 0.80850435  0.58849021  0.        ],
[ 0.77761786 -0.62873719  0.        ],
[ 0.39198161  0.91997305  0.        ],
[ 0.41006022  0.91205845  0.        ],
[ 0.46924442  0.88306833  0.        ],
[ 0.31456867  0.94923472  0.        ],
[ 0.99997011  0.00773186  0.        ],
[ 0.53260548  0.84636363  0.        ],
[ 0.98337946 -0.18156221  0.        ],
[ 0.72418801  0.68960259  0.        ],
[ 0.53620321  0.84408893  0.        ],
[ 0.32169351  0.94684385  0.        ],
[ 0.15718123  0.98756977  0.        ],
[ 0.29263208  0.95622511  0.        ],
[ 0.38049935  0.92478119  0.        ],
[ 0.63869619  0.76945902  0.        ],
[ 0.92690012 -0.37530809  0.        ],
[ 0.98961021 -0.14377632  0.        ],
[ 0.78867206  0.61481411  0.        ],
[ 0.26371055  0.96460186  0.        ],
[ 0.81729851  0.5762145   0.        ],
[ 0.40158867  0.91582015  0.        ],
[ 0.35271979  0.93572899  0.        ],
[ 0.80999606 -0.58643532  0.        ],
[ 0.75811746  0.65211802  0.        ],
[ 0.99944792  0.03322417  0.        ],
[ 0.99701704  0.07718171  0.        ],
[ 0.5681509   0.82292439  0.        ],
[ 0.2429874   0.97002944  0.        ],
[ 0.33977269  0.94050759  0.        ],
[ 0.2598066   0.96566067  0.        ],
[ 0.38575591  0.92260088  0.        ],
[ 0.33066753  0.94374731  0.        ],
[ 0.99986616 -0.01636009  0.        ],
[ 0.53210096  0.84668091  0.        ],
