[-0.99843908  0.05585169  0.        ],
[-0.77113355 -0.63667342  0.        ],
[-0.78112455 -0.62437524  0.        ],
[-0.75123443 -0.66003547  0.        ],
[-0.56550097 -0.82474763  0.        ],
[-0.64225501  0.76649103  0.        ],
[-0.56704801 -0.82368474  0.        ],
[-0.9397417   0.34188526  0.        ],
[-0.55845186 -0.82953693  0.        ],
[-0.82774557 -0.56110362  0.        ],
[-0.36477965  0.93109388  0.        ],
[-0.84045962 -0.54187418  0.        ],
[-0.99881122  0.04874567  0.        ],
[-0.5549424  -0.83188877  0.        ],
[-0.82326314  0.56765994  0.        ],
[-0.9889444  -0.14828683  0.        ],
[-0.98421955  0.17695162  0.        ],
[-0.86164483 -0.50751175  0.        ],
[-0.96220926  0.2723111   0.        ],
[-0.65786622 -0.75313481  0.        ],
[-0.42516764  0.90511462  0.        ],
[-0.91720075 -0.39842537  0.        ],
[-0.1611596   0.98692836  0.        ],
[-0.75889769  0.65120987  0.        ],
[-0.44044013  0.89778199  0.        ],
[-0.00909426  0.99995865  0.        ],
[-0.44432888  0.89586375  0.        ],
[-0.96477962  0.26305947  0.        ],
[-0.59732035 -0.80200274  0.        ],
[-0.92876072  0.37067982  0.        ],
[-0.99175637 -0.12813782  0.        ],
[-0.94045838  0.33990886  0.        ],
[-0.62025577  0.78439963  0.        ],
[-0.84799955 -0.52999695  0.        ],
[-0.88656912  0.46259614  0.        ],
[-0.37168136  0.92836036  0.        ],
[-0.78566085 -0.61865745  0.        ],
[-0.86139599  0.507934    0.        ],
[-0.39560766  0.91841961  0.        ],
[-0.40278081  0.91529646  0.        ],
[-0.86258043 -0.50591996  0.        ],
[-0.58635845 -0.81005171  0.        ],
[-0.11103752  0.99381622  0.        ],
[-0.84281363  0.53820552  0.        ],
[-0.8479374  -0.53009637  0.        ],
[-0.01082582  0.9999414   0.        ],
[-0.81041741 -0.5858529   0.        ],
[-0.75189543  0.65928238  0.        ],
[-0.77881535 -0.62725326  0.        ],
[-0.99708172  0.07634162  0.        ],
[-0.66721735 -0.74486308  0.        ],
[-0.83923773 -0.54376469  0.        ],
[-0.18734091  0.98229496  0.        ],
[-0.70535402 -0.70885521  0.        ],
[-0.98855099  0.15088719  0.        ],
[-0.6128123  0.7902285  0.       ],
[-0.17191046  0.98511258  0.        ],
[-0.54129592 -0.84083217  0.        ],
[-0.99755517  0.06988334  0.        ],
[-0.81505061 -0.57938977  0.        ],
[-0.40300145  0.91519934  0.        ],
[-0.5924042  0.8056409  0.       ],
[-0.76570521 -0.64319167  0.        ],
[-0.57994068 -0.8146587   0.        ],
[-0.94984096  0.31273335  0.        ],
[-0.79694874  0.60404693  0.        ],
[-0.86197674  0.50694782  0.        ],
[-0.99999366  0.00356124  0.        ],
[-0.68482593  0.7287067   0.        ],
[-0.99985372 -0.01710401  0.        ],
[-0.8965133  -0.44301682  0.        ],
[-0.11973673  0.99280568  0.        ],
[-0.70555639 -0.70865378  0.        ],
[-0.90083335 -0.43416503  0.        ],
[-0.94854683 -0.31663688  0.        ],
[-0.31496941  0.94910182  0.        ],
[-0.81419146 -0.58059647  0.        ],
[-0.31336983  0.94963117  0.        ],
[-0.99059041 -0.13685993  0.        ],
[-0.71322324 -0.70093695  0.        ],
[-0.72984437 -0.68361334  0.        ],
[-0.6905247   0.72330881  0.        ],
[-0.62977405 -0.77677838  0.        ],
[-0.64273389  0.76608952  0.        ],
[-0.59664481  0.80250543  0.        ],
[-0.76113938 -0.64858835  0.        ],
[-0.98996881 -0.14128609  0.        ],
[-0.35163443  0.9361374   0.        ],
[-0.58936017 -0.8078704   0.        ],
[-0.06889015  0.99762425  0.        ],
[-0.93321961  0.35930649  0.        ],
[-0.95027909  0.31139951  0.        ],
[-0.99978907 -0.02053832  0.        ],
[-0.57780719 -0.8161733   0.        ],
[-0.65711521  0.75379016  0.        ],
[-0.95068849  0.31014738  0.        ],
[-0.78171768 -0.62363248  0.        ],
[-0.95454417 -0.2980695   0.        ],
[-0.5424186  -0.84010836  0.        ],
[-0.73414818 -0.67898928  0.        ],
[-0.68290355 -0.73050855  0.        ],
[-0.01675365  0.99985965  0.        ],
[-0.07230512  0.99738256  0.        ],
[-0.63192018 -0.77503348  0.        ],
[-0.91399334  0.40572918  0.        ],
[-0.65898976 -0.75215191  0.        ],
[-0.9980131  -0.06300677  0.        ],
[-0.82325014 -0.56767878  0.        ],
[-0.99957905  0.0290126   0.        ],
[-0.92934231  0.36921928  0.        ],
[-0.82710357 -0.56204953  0.        ],
[-0.44340672  0.89632052  0.        ],
[-0.49134776  0.87096348  0.        ],
[-0.56576075 -0.82456945  0.        ],
[-0.99993069 -0.01177388  0.        ],
[-0.56562666 -0.82466143  0.        ],
[-0.64803006  0.76161476  0.        ],
[-0.65935087  0.75183538  0.        ],
[-0.93607545  0.35179931  0.        ],
[-0.86546735 -0.50096534  0.        ],
[-0.10273925  0.99470832  0.        ],
[-0.54130422 -0.84082682  0.        ],
[-0.99193433 -0.12675281  0.        ],
[-0.57087253 -0.82103871  0.        ],
[-0.99741851 -0.07180745  0.        ],
[-0.84595988 -0.53324654  0.        ],
[-0.8638812  -0.50369562  0.        ],
[-0.15270436  0.98827192  0.        ],
[-0.27429452  0.96164573  0.        ],
[-0.39425965  0.91899909  0.        ],
[-0.70355539 -0.71064042  0.        ],
[-0.93325279  0.3592203   0.        ],
[-0.99738378 -0.07228825  0.        ],
[-0.87026705 -0.49258021  0.        ],
[-0.83808778  0.54553539  0.        ],
[-0.64282342  0.76601439  0.        ],
[-0.9248621   0.38030264  0.        ],
[-0.8127747  -0.58257814  0.        ],
[-0.54299321 -0.83973709  0.        ],
[-0.07624753  0.99708892  0.        ],
[-0.83580821  0.54902153  0.        ],
[-0.94232368 -0.33470298  0.        ],
[-0.01569433  0.99987684  0.        ],
[-0.99182043 -0.12764105  0.        ],
[-0.58633134 -0.81007133  0.        ],
[-0.60994567 -0.79244324  0.        ],
[-0.823745   -0.56696047  0.        ],
[-0.99696775  0.0778158   0.        ],
[-0.62178712  0.7831863   0.        ],
[-0.85043156 -0.52608569  0.        ],
[-0.6375392  -0.77041792  0.        ],
[-0.98566568  0.16871031  0.        ],
[-0.65123429 -0.75887674  0.        ],
[-0.99977467 -0.02122779  0.        ],
[-0.82582324  0.56392905  0.        ],
[-0.85211012  0.52336253  0.        ],
[-0.43109669  0.90230574  0.        ],
[-0.93070656 -0.36576672  0.        ],
[-0.88116617 -0.47280671  0.        ],
[-0.99780189  0.06626759  0.        ],
[-0.6264738   0.77944248  0.        ],
[-0.810541   0.5856819  0.       ],
[-0.69646082 -0.71759482  0.        ],
[-0.95463077  0.29779203  0.        ],
[-0.834863   -0.55045778  0.        ],
[-0.60774718  0.79413057  0.        ],
[-0.79556884 -0.6058632   0.        ],
[-0.68455093 -0.72896503  0.        ],
[-0.59188673  0.80602115  0.        ],
[-0.56001823 -0.82848028  0.        ],
[-0.90210466  0.4315173   0.        ],
[-0.72375859 -0.69005326  0.        ],
[-0.76529491 -0.64367982  0.        ],
[-0.65132096 -0.75880235  0.        ],
[-0.86871637 -0.49530986  0.        ],
[-0.87516574  0.48382325  0.        ],
[-0.64227661  0.76647293  0.        ],
[-0.86086346 -0.50883602  0.        ],
[-0.79186482  0.61069641  0.        ],
[-0.76383948  0.64540626  0.        ],
[-0.92309715  0.38456684  0.        ],
[-0.99509472 -0.09892676  0.        ],
[-0.98974222 -0.14286477  0.        ],
[-0.85029341 -0.52630896  0.        ],
[-0.72770173 -0.68589372  0.        ],
[-0.85905726 -0.51187951  0.        ],
[-0.94785731  0.31869503  0.        ],
[-0.6050174  -0.79621225  0.        ],
[-0.223134    0.97478778  0.        ],
[-0.68798078  0.72572891  0.        ],
[-0.81580258 -0.57833049  0.        ],
[-0.72738435 -0.68623028  0.        ],
[-0.72939934 -0.68408816  0.        ],
[-0.88424405 -0.46702513  0.        ],
[-0.8138693  -0.58104799  0.        ],
[-0.58073148 -0.81409517  0.        ],
[-0.56007544  0.82844161  0.        ],
[-0.86526797 -0.50130962  0.        ],
[-0.86731898 -0.49775274  0.        ],
[-0.70044541  0.71370599  0.        ],
[ -9.99999825e-01   5.92053688e-04   0.00000000e+00],
[-0.8968166   0.44240251  0.        ],
[-0.75773192  0.65256597  0.        ],
[-0.68472331  0.72880312  0.        ],
[-0.93113041 -0.3646864   0.        ],
[-0.94907424 -0.31505253  0.        ],
[-0.95312159 -0.30258755  0.        ],
[-0.99425561 -0.1070317   0.        ],
[-0.86727397 -0.49783115  0.        ],
[-0.23289309  0.97250234  0.        ],
[-0.56105227 -0.82778037  0.        ],
[-0.75733024 -0.65303209  0.        ],
[-0.56568464 -0.82462167  0.        ],
[-0.99740323 -0.0720194   0.        ],
[-0.95379301 -0.30046447  0.        ],
[-0.70166769 -0.71250436  0.        ],
[-0.38450875  0.92312135  0.        ],
[-0.6916844  0.7221999  0.       ],
[-0.98913352 -0.14702     0.        ],
[-0.97257414 -0.23259307  0.        ],
[-0.31178408  0.95015298  0.        ],
[-0.68597834  0.72762196  0.        ],
[-0.84226128 -0.5390695   0.        ],
[-0.95820006  0.286099    0.        ],
[-0.05514606  0.9984783   0.        ],
[-0.53434419 -0.84526699  0.        ],
[-0.57020615 -0.82150164  0.        ],
[-0.69396977 -0.72000414  0.        ],
[-0.92866778  0.37091259  0.        ],
[-0.97445695  0.22457439  0.        ],
[-0.83513262 -0.55004864  0.        ],
[-0.80983839  0.58665304  0.        ],
[-0.10305687  0.99467547  0.        ],
[-0.92905437 -0.36994321  0.        ],
[-0.74263602 -0.66969526  0.        ],
[-0.9409139   0.33864588  0.        ],
[-0.58878914 -0.80828667  0.        ],
[-0.79881366  0.60157853  0.        ],
[-0.37745963  0.92602604  0.        ],
[-0.62704336  0.77898436  0.        ],
[-0.83071637  0.55669588  0.        ],
[-0.13641428  0.99065188  0.        ],
[-0.57826698 -0.8158476   0.        ],
[-0.70156529 -0.71260518  0.        ],
[-0.98715877  0.15974219  0.        ],
[-0.97623255  0.21672567  0.        ],
[-0.98513872  0.1717606   0.        ],
[-0.66009987 -0.75117785  0.        ],
[-0.85564223  0.51756774  0.        ],
[-0.99762781 -0.06883859  0.        ],
[-0.56981    -0.82177647  0.        ],
[-0.89827976  0.43942403  0.        ],
[-0.99604083 -0.08889691  0.        ],
[-0.92069492 -0.39028306  0.        ],
[-0.58103727 -0.81387695  0.        ],
[-0.27095949  0.96259075  0.        ],
[-0.55718073 -0.83039125  0.        ],
[-0.03141045  0.99950657  0.        ],
[-0.27443059  0.96160691  0.        ],
[-0.87053705 -0.49210288  0.        ],
[-0.76812265 -0.64030273  0.        ],
[-0.94550659  0.32560295  0.        ],
[-0.86567573  0.50060516  0.        ],
[-0.7593218  -0.65071531  0.        ],
[-0.92259205 -0.38577702  0.        ],
[-0.22015227  0.97546552  0.        ],
[-0.32703328  0.94501282  0.        ],
[-0.19736538  0.98033     0.        ],
[-0.60402378  0.7969663   0.        ],
[-0.74824037 -0.66342772  0.        ],
[-0.09159788  0.99579608  0.        ],
[-0.87045476 -0.49224843  0.        ],
[-0.57462762 -0.81841499  0.        ],
[-0.95369898 -0.30076279  0.        ],
[-0.22394476  0.97460184  0.        ],
[-0.69297168 -0.72096481  0.        ],
[-0.76029658 -0.6495761   0.        ],
[-0.75527266 -0.65541072  0.        ],
[-0.6991907   0.71493521  0.        ],
[-0.96801426  0.2508952   0.        ],
[-0.91156028  0.41116645  0.        ],
[-0.5583112   0.82963161  0.        ],
[-0.59179539 -0.80608822  0.        ],
[-0.88367346  0.46810385  0.        ],
[-0.65045217  0.75954721  0.        ],
[-0.97562034 -0.21946515  0.        ],
[-0.33167589  0.9433934   0.        ],
[-0.87608214  0.48216188  0.        ],
[-0.97510767  0.22173187  0.        ],
[-0.65297223 -0.75738185  0.        ],
[-0.99698966  0.07753462  0.        ],
[-0.8121771  -0.58341096  0.        ],
[-0.20922767  0.97786695  0.        ],
[-0.99913658 -0.04154636  0.        ],
[-0.99838809 -0.05675585  0.        ],
[-0.52914749  0.84852987  0.        ],
[-0.87499879  0.4841251   0.        ],
[-0.81698459 -0.57665951  0.        ],
[-0.87691706  0.48064172  0.        ],
[-0.87334747  0.48709772  0.        ],
[-0.93396514 -0.35736412  0.        ],
[-0.99433932 -0.10625115  0.        ],
[-0.63346233  0.77377353  0.        ],
[-0.25485122  0.96698028  0.        ],
[-0.74138069 -0.6710847   0.        ],
[-0.85774366 -0.51407763  0.        ],
[-0.54497164 -0.83845448  0.        ],
[-0.94523662  0.32638585  0.        ],
[-0.13392515  0.99099145  0.        ],
[-0.6529092  -0.75743619  0.        ],
[-0.86898393 -0.49484032  0.        ],
[-0.98309172 -0.18311382  0.        ],
[-0.4712607   0.88199396  0.        ],
[-0.86866645 -0.49539742  0.        ],
[-0.25190868  0.96775101  0.        ],
[-0.15238437  0.98832131  0.        ],
[-0.63516198  0.77237896  0.        ],
[-0.82119751 -0.57064407  0.        ],
[-0.97005003 -0.24290522  0.        ],
[-0.41040056  0.91190536  0.        ],
[-0.98408203  0.17771482  0.        ],
[-0.92309819  0.38456434  0.        ],
[-0.95523973  0.29583282  0.        ],
[-0.97948486 -0.20151775  0.        ],
[-0.53526183 -0.8446862   0.        ],
[-0.94738693  0.32009063  0.        ],
[-0.99377093 -0.1114421   0.        ],
[-0.85432125  0.51974533  0.        ],
[-0.78775573 -0.61598775  0.        ],
[-0.55577721 -0.83133128  0.        ],
[-0.70752551  0.7066878   0.        ],
[-0.95117226 -0.30866053  0.        ],
[-0.99879945 -0.04898626  0.        ],
[-0.98245412  0.18650441  0.        ],
[-0.85030686 -0.52628722  0.        ],
[-0.58453776  0.81136651  0.        ],
[-0.64304138 -0.76583143  0.        ],
[-0.53604167 -0.84419152  0.        ],
[-0.99021381  0.13955865  0.        ],
[-0.82831172 -0.56026752  0.        ],
[-0.8066999  -0.59096131  0.        ],
[-0.56069454  0.82802273  0.        ],
[-0.56290674  0.82652042  0.        ],
[-0.73158941  0.68174551  0.        ],
[-0.83903573  0.54407632  0.        ],
[-0.6389108   0.76928082  0.        ],
[-0.8249027   0.56527474  0.        ],
[-0.9981771  -0.06035292  0.        ],
[-0.97823262  0.20751129  0.        ],
[-0.57671515 -0.81694531  0.        ],
[-0.68507531 -0.72847225  0.        ],
[-0.73294785 -0.68028483  0.        ],
[-0.96569598 -0.25967531  0.        ],
[-0.56325056 -0.82628615  0.        ],
[-0.82061137 -0.57148664  0.        ],
[-0.24887399  0.96853587  0.        ],
[-0.24898173  0.96850818  0.        ],
[-0.05131899  0.99868231  0.        ],
[-0.69201377 -0.7218843   0.        ],
[-0.6871348  -0.72652995  0.        ],
[-0.02655895  0.99964725  0.        ],
[-0.23313518  0.97244434  0.        ],
[-0.99491869  0.1006817   0.        ],
[-0.77662065  0.62996855  0.        ],
[-0.99693175 -0.07827571  0.        ],
[-0.96967915  0.24438158  0.        ],
[-0.72299413 -0.69085417  0.        ],
[-0.75810324 -0.65213456  0.        ],
[-0.58199302 -0.81319378  0.        ],
[-0.96576639 -0.25941334  0.        ],
[-0.3817796   0.92425339  0.        ],
[-0.93949129 -0.3425728   0.        ],
[-0.600233   -0.79982519  0.        ],
[-0.01310827  0.99991408  0.        ],
[-0.67900433 -0.73413426  0.        ],
[-0.98703635 -0.16049686  0.        ],
[-0.75933905 -0.65069517  0.        ],
[-0.86239945  0.50622839  0.        ],
[-0.9937073  -0.11200808  0.        ],
[-0.99971142  0.02402243  0.        ],
[-0.87941355  0.47605862  0.        ],
[-0.54038633  0.84141703  0.        ],
[-0.96165001 -0.27427951  0.        ],
[-0.74273913 -0.6695809   0.        ],
[-0.05535581  0.99846669  0.        ],
[-0.99091497  0.13448984  0.        ],
[-0.53445857 -0.84519467  0.        ],
[-0.89295639  0.45014319  0.        ],
[-0.22420103  0.97454292  0.        ],
[-0.65633811  0.75446689  0.        ],
[-0.44793915  0.89406405  0.        ],
[-0.65032074  0.75965975  0.        ],
[-0.25406153  0.96718806  0.        ],
[-0.79906829 -0.60124028  0.        ],
[-0.8561778  -0.51668131  0.        ],
[-0.99962985 -0.02720583  0.        ],
[-0.98600732  0.16670201  0.        ],
[-0.21757832  0.97604287  0.        ],
[-0.68852904  0.72520877  0.        ],
[-0.47708371  0.87885786  0.        ],
[-0.90443081  0.42662034  0.        ],
[-0.93453987  0.35585845  0.        ],
[-0.90650633 -0.42219223  0.        ],
[-0.540786   -0.84116021  0.        ],
[-0.74363695 -0.66858365  0.        ],
[-0.61658755  0.78728635  0.        ],
[-0.76028268 -0.64959237  0.        ],
[-0.35721228  0.93402323  0.        ],
[-0.82691572 -0.56232588  0.        ],
[-0.4130308   0.91071706  0.        ],
[-0.97628971  0.21646802  0.        ],
[-0.55316186 -0.8330738   0.        ],
[-0.55629829 -0.83098268  0.        ],
[-0.12959599  0.99156688  0.        ],
[-0.95219166  0.30550129  0.        ],
[-0.77664818  0.6299346   0.        ],
[-0.89829922  0.43938424  0.        ],
[-0.92055088  0.39062267  0.        ],
[-0.62747308  0.77863825  0.        ],
[-0.74202999 -0.67036669  0.        ],
[-0.58097399 -0.81392212  0.        ],
[-0.66572452  0.7461976   0.        ],
[-0.99790409  0.06471037  0.        ],
[-0.57507468 -0.81810092  0.        ],
[-0.63714788 -0.77074158  0.        ],
[-0.90258446 -0.43051282  0.        ],
[-0.96137089  0.27525627  0.        ],
[-0.80167534 -0.59775969  0.        ],
[-0.68597792  0.72762235  0.        ],
[-0.64311714  0.76576782  0.        ],
[-0.7014147   0.71275341  0.        ],
[-0.95257574  0.30430161  0.        ],
[-0.79544946 -0.60601993  0.        ],
[-0.21513307  0.97658474  0.        ],
[-0.99784059 -0.06568229  0.        ],
[-0.54484572 -0.83853631  0.        ],
[-0.64484325 -0.76431484  0.        ],
[-0.99129262  0.13167739  0.        ],
[-0.58605585  0.81027066  0.        ],
[-0.8567507  -0.51573079  0.        ],
[-0.93181206 -0.36294117  0.        ],
[-0.49016593  0.87162914  0.        ],
[-0.99645075  0.08417783  0.        ],
[-0.99741916 -0.07179843  0.        ],
[-0.98290051  0.18413742  0.        ],
[-0.92631949 -0.37673891  0.        ],
[-0.27381408  0.96178264  0.        ],
[-0.650817    0.75923464  0.        ],
[-0.80677616 -0.5908572   0.        ],
[-0.04739755  0.9988761   0.        ],
[-0.99978953  0.02051575  0.        ],
[-0.90835059 -0.41820953  0.        ],
[-0.99968225  0.02520722  0.        ],
[-0.84235135 -0.53892875  0.        ],
[-0.05240362  0.99862599  0.        ],
[-0.99491483  0.10071983  0.        ],
[-0.73356682  0.67961733  0.        ],
[-0.63539965 -0.77218345  0.        ],
[-0.66795781  0.74419914  0.        ],
[-0.3679964   0.92982722  0.        ],
[-0.89315864 -0.44974176  0.        ],
[-0.01511487  0.99988576  0.        ],
[-0.10572044  0.99439589  0.        ],
[-0.53715022 -0.8434866   0.        ],
[-0.94608026 -0.3239323   0.        ],
[-0.82471086 -0.56555459  0.        ],
[-0.75166826 -0.65954137  0.        ],
[-0.88266304  0.47000635  0.        ],
[-0.96541536  0.26071668  0.        ],
[-0.97861941 -0.20567949  0.        ],
[-0.57789111 -0.81611388  0.        ],
[-0.95578039 -0.29408136  0.        ],
[-0.50922488  0.8606335   0.        ],
[-0.39141507  0.92021424  0.        ],
[-0.42826824  0.90365166  0.        ],
[-0.18279687  0.9831507   0.        ],
[-0.57056655 -0.82125137  0.        ],
[-0.54911951 -0.83574384  0.        ],
[-0.83476742 -0.55060272  0.        ],
[-0.81018287 -0.5861772   0.        ],
[-0.70179739  0.7123766   0.        ],
[-0.09696353  0.99528794  0.        ],
[-0.93433603  0.35639329  0.        ],
[-0.10233057  0.99475045  0.        ],
[-0.99946237 -0.03278677  0.        ],
[-0.72187012 -0.69202856  0.        ],
[-0.9676297  -0.25237424  0.        ],
[-0.91278596 -0.40843824  0.        ],
[-0.99604576  0.08884173  0.        ],
[-0.81299188  0.58227502  0.        ],
[-0.58140546  0.81361397  0.        ],
[-0.90504731 -0.42531091  0.        ],
[-0.40737566  0.91326068  0.        ],
[-0.4442754   0.89589026  0.        ],
[-0.90495599  0.42550517  0.        ],
[-0.99750787  0.0705553   0.        ],
[-0.81311611  0.58210153  0.        ],
[-0.68162215 -0.73170434  0.        ],
[-0.81945108  0.57314913  0.        ],
[-0.70856336 -0.7056472   0.        ],
[-0.82767777  0.56120362  0.        ],
[-0.99971215 -0.02399201  0.        ],
[-0.02117851  0.99977571  0.        ],
[-0.76042012 -0.64943148  0.        ],
[-0.69848136 -0.71562824  0.        ],
[-0.44638648  0.89484027  0.        ],
[-0.03233631  0.99947704  0.        ],
[-0.9999908  -0.00428923  0.        ],
[-0.38774633  0.92176612  0.        ],
[-0.71146095 -0.70272563  0.        ],
[-0.66257414  0.74899633  0.        ],
[-0.29430469  0.95571164  0.        ],
[-0.60226887  0.79829331  0.        ],
[-0.82520325 -0.5648359   0.        ],
[-0.2199397   0.97551347  0.        ],
[-0.82609862 -0.56352557  0.        ],
[-0.30522762  0.95227942  0.        ],
[-0.12788945  0.99178843  0.        ],
[-0.72934926 -0.68414155  0.        ],
[-0.99894923 -0.04583056  0.        ],
[-0.89935411 -0.43722098  0.        ],
[-0.30941993  0.9509255   0.        ],
[-0.97162227  0.23653786  0.        ],
[-0.69566162 -0.71836962  0.        ],
[-0.87650677  0.48138953  0.        ],
[-0.63777044 -0.7702265   0.        ],
[-0.49211765  0.8705287   0.        ],
[-0.08601157  0.99629414  0.        ],
[-0.99915156  0.0411844   0.        ],
[-0.57939406  0.81504756  0.        ],
[-0.44114336  0.89743665  0.        ],
[-0.29550956  0.95533978  0.        ],
[-0.99412477  0.1082402   0.        ],
[-0.68365406 -0.72980622  0.        ],
[-0.85014492  0.52654877  0.        ],
[-0.08362599  0.99649721  0.        ],
[-0.61685915 -0.78707356  0.        ],
[-0.71629099 -0.6978017   0.        ],
[-0.8347892 -0.5505697  0.       ],
[-0.70090612 -0.71325354  0.        ],
[-0.83615435 -0.54849421  0.        ],
[-0.54037481 -0.84142442  0.        ],
[-0.99011316  0.14027089  0.        ],
[-0.92056338 -0.39059321  0.        ],
[-0.85462484 -0.51924598  0.        ],
[-0.61509443  0.78845345  0.        ],
[-0.3160976   0.94872668  0.        ],
[-0.00296213  0.99999561  0.        ],
[-0.98472148  0.17413676  0.        ],
[-0.99272932  0.12036815  0.        ],
[-0.77904207  0.62697166  0.        ],
[-0.99834293 -0.05754472  0.        ],
[-0.78392285  0.62085825  0.        ],
[-0.99807369 -0.06203951  0.        ],
[-0.73678066 -0.67613184  0.        ],
[-0.82785755  0.56093838  0.        ],
[-0.42912878  0.90324332  0.        ],
[-0.98987135 -0.1419673   0.        ],
[-0.91654642 -0.39992832  0.        ],
[-0.86446806 -0.50268774  0.        ],
[-0.76143878 -0.64823683  0.        ],
[-0.19034637  0.981717    0.        ],
[-0.80985347  0.58663221  0.        ],
[-0.87556563 -0.48309919  0.        ],
[-0.54357168 -0.83936275  0.        ],
[-0.5879458   0.80890032  0.        ],
[-0.50352402  0.86398122  0.        ],
[-0.98899426  0.14795392  0.        ],
[-0.68059462  0.7326602   0.        ],
[-0.99720571 -0.07470451  0.        ],
[-0.81341341  0.58168602  0.        ],
[-0.7781791  -0.62804242  0.        ],
[-0.89193412  0.45216537  0.        ],
[-0.96469213  0.26338014  0.        ],
[-0.54025108 -0.84150388  0.        ],
[-0.80286792  0.59615694  0.        ],
[-0.66818571  0.74399453  0.        ],
[-0.99332676  0.1153341   0.        ],
[-0.61382555 -0.78944169  0.        ],
[-0.77041604 -0.63754147  0.        ],
[-0.86809607 -0.49639622  0.        ],
[-0.64051983 -0.76794163  0.        ],
[-0.99998497 -0.00548305  0.        ],
[-0.80888484 -0.5879671   0.        ],
[-0.68901107 -0.72475082  0.        ],
[-0.49814397  0.86709433  0.        ],
[-0.68823421 -0.72548858  0.        ],
[-0.77496267 -0.632007    0.        ],
[-0.91476409  0.40398843  0.        ],
[-0.77630395 -0.63035877  0.        ],
[-0.99996213 -0.00870239  0.        ],
[-0.98476014  0.17391798  0.        ],
[-0.99752267 -0.07034576  0.        ],
[-0.16080436  0.9869863   0.        ],
[-0.70533055  0.70887857  0.        ],
[-0.47227517  0.88145117  0.        ],
[-0.71301313 -0.70115068  0.        ],
[-0.65388188 -0.75659665  0.        ],
[-0.4427238   0.89665804  0.        ],
[-0.54254493 -0.84002678  0.        ],
[-0.0791605   0.99686188  0.        ],
[-0.93767986  0.34750033  0.        ],
[-0.96729635  0.2536489   0.        ],
[-0.76251599 -0.64696937  0.        ],
[-0.79951958 -0.60064003  0.        ],
[-0.6766044  -0.73634671  0.        ],
[-0.60546791  0.79586972  0.        ],
[-0.63107856 -0.77571893  0.        ],
[-0.28320124  0.95906051  0.        ],
[-0.78406776  0.62067523  0.        ],
[-0.58320678 -0.81232373  0.        ],
[-0.72659881  0.68706198  0.        ],
[-0.90987982  0.41487192  0.        ],
[-0.95324855  0.30218735  0.        ],
[-0.99028481  0.13905394  0.        ],
[-0.1017094   0.99481415  0.        ],
[-0.91551726  0.40227869  0.        ],
[-0.88538368 -0.46486099  0.        ],
[-0.54197163  0.84039679  0.        ],
[-0.99013031  0.14014981  0.        ],
[-0.21316229  0.9770168   0.        ],
[-0.99690766  0.0785819   0.        ],
[-0.99811165 -0.06142592  0.        ],
[-0.93729674 -0.34853237  0.        ],
[-0.25686189  0.96644812  0.        ],
[-0.9700419  -0.24293766  0.        ],
[-0.5577412  -0.83001491  0.        ],
[-0.54711126  0.8370599   0.        ],
[-0.88500461  0.46558226  0.        ],
[-0.78340812  0.62150762  0.        ],
[-0.84659893 -0.53223139  0.        ],
[-0.22913198  0.97339536  0.        ],
[-0.85060063  0.52581229  0.        ],
[-0.78717198 -0.61673355  0.        ],
[-0.86710972 -0.49811719  0.        ],
[-0.15229831  0.98833457  0.        ],
[-0.88478751  0.46599469  0.        ],
[-0.86152217 -0.50771996  0.        ],
[-0.78144837 -0.62396991  0.        ],
[-0.81807072 -0.57511764  0.        ],
[-0.84105406 -0.54095108  0.        ],
[-0.96782196  0.25163596  0.        ],
[-0.69318209 -0.72076251  0.        ],
[-0.76661123 -0.64211153  0.        ],
[-0.83257144 -0.55391768  0.        ],
[-0.83578083 -0.54906321  0.        ],
[-0.83856544  0.54480089  0.        ],
[-0.69674498  0.71731892  0.        ],
[-0.06223275  0.99806166  0.        ],
[-0.18343729  0.98303141  0.        ],
[-0.31683343  0.94848119  0.        ],
[-0.62242341  0.78268071  0.        ],
[-0.11207213  0.99370007  0.        ],
[-0.86293006 -0.50532338  0.        ],
[-0.33026442  0.94388845  0.        ],
[-0.98592254 -0.16720271  0.        ],
[-0.79020494  0.61284268  0.        ],
[-0.92324368 -0.38421493  0.        ],
[-0.99980488 -0.0197533   0.        ],
[-0.19490328  0.98082247  0.        ],
[-0.94818545 -0.31771742  0.        ],
[-0.93712075  0.34900529  0.        ],
[-0.61248426 -0.79048278  0.        ],
[-0.86211994 -0.50670426  0.        ],
[-0.60754619 -0.79428435  0.        ],
[-0.82866495 -0.55974495  0.        ],
[-0.57684406 -0.81685429  0.        ],
[-0.68471304 -0.72881277  0.        ],
[-0.5512154  -0.83436298  0.        ],
[-0.9781633 -0.2078378  0.       ],
[-0.9343342  0.3563981  0.       ],
[-0.83764352 -0.54621729  0.        ],
[-0.19571748  0.98066032  0.        ],
[-0.57975681  0.81478957  0.        ],
[-0.99426077 -0.10698372  0.        ],
[-0.6342251  -0.77314845  0.        ],
[-0.6992338   0.71489306  0.        ],
[-0.99690185 -0.07865554  0.        ],
[-0.61287036 -0.79018347  0.        ],
[-0.07690485  0.99703844  0.        ],
[-0.81219184 -0.58339045  0.        ],
[-0.54237066 -0.84013932  0.        ],
[-0.77992529 -0.62587262  0.        ],
[-0.60184776 -0.79861084  0.        ],
[-0.81372195 -0.58125432  0.        ],
[-0.86888321 -0.49501714  0.        ],
[-0.67943445 -0.73373622  0.        ],
[-0.76935921 -0.63881642  0.        ],
[-0.67032812 -0.74206483  0.        ],
[-0.48794937  0.87287193  0.        ],
[-0.82319261 -0.56776221  0.        ],
[-0.31102821  0.95040068  0.        ],
[-0.5142741   0.85762588  0.        ],
[-0.51259233  0.85863211  0.        ],
[-0.15966888  0.98717063  0.        ],
[-0.99444902 -0.1052195   0.        ],
[-0.41086648  0.91169553  0.        ],
[-0.88401293 -0.46746244  0.        ],
[-0.8165165   0.57732209  0.        ],
[-0.52837518  0.84901099  0.        ],
[-0.6039896  0.7969922  0.       ],
[-0.08159851  0.99666528  0.        ],
[-0.76873355 -0.63956917  0.        ],
[-0.94700624  0.32121517  0.        ],
[-0.62041849  0.78427093  0.        ],
[-0.83008076 -0.55764319  0.        ],
[-0.67131613  0.74117114  0.        ],
[-0.79478147 -0.60689572  0.        ],
[-0.53823852 -0.84279256  0.        ],
[-0.9967475  -0.08058792  0.        ],
[-0.11829245  0.9929788   0.        ],
[-0.51119616  0.85946407  0.        ],
[-0.41188081  0.91123773  0.        ],
[-0.25887084  0.96591195  0.        ],
[-0.6683565  0.7438411  0.       ],
[-0.81788711  0.57537873  0.        ],
[-0.66627459 -0.74570649  0.        ],
[-0.99870547  0.05086631  0.        ],
[-0.94582754  0.32466947  0.        ],
[-0.99939047 -0.03490972  0.        ],
[-0.87732204  0.47990212  0.        ],
[-0.5786959   0.81554341  0.        ],
[-0.22976452  0.97324625  0.        ],
[-0.83927819 -0.54370223  0.        ],
[-0.99779858 -0.06631731  0.        ],
[-0.32269777  0.94650206  0.        ],
[-0.85145725  0.52442402  0.        ],
[-0.8297426   0.55814623  0.        ],
[-0.50004192  0.8660012   0.        ],
[-0.83053456  0.55696709  0.        ],
[-0.99785086 -0.06552609  0.        ],
[-0.67484408 -0.73796034  0.        ],
[-0.91022941  0.41410435  0.        ],
[-0.65380972  0.75665901  0.        ],
[-0.55450462 -0.83218064  0.        ],
[-0.76685272 -0.64182311  0.        ],
[-0.86495468 -0.50184998  0.        ],
[-0.94313221  0.33241787  0.        ],
[-0.8116507  -0.58414309  0.        ],
[-0.97903098  0.20371142  0.        ],
[-0.86368026 -0.50404008  0.        ],
[-0.99134527  0.13128046  0.        ],
[-0.9122324 -0.4096731  0.       ],
[-0.73480316 -0.67828041  0.        ],
[-0.99438348 -0.10583716  0.        ],
[-0.80229716 -0.59692484  0.        ],
[-0.89029467  0.4553849   0.        ],
[-0.50440475  0.86346734  0.        ],
[-0.99835024 -0.05741769  0.        ],
[-0.86314477 -0.50495653  0.        ],
[-0.99291466 -0.11882961  0.        ],
[-0.99932624 -0.03670252  0.        ],
[-0.9252189   0.37943376  0.        ],
[-0.94437918  0.32885859  0.        ],
[-0.6250274  -0.78060281  0.        ],
[-0.1911717   0.98155661  0.        ],
[-0.60097274 -0.79926952  0.        ],
[-0.8014504  -0.59806125  0.        ],
[-0.66656326 -0.74544847  0.        ],
[-0.03114144  0.99951499  0.        ],
[-0.55115635 -0.83440199  0.        ],
[-0.80701039 -0.59053724  0.        ],
[-0.73848835  0.67426624  0.        ],
[-0.98829157  0.15257708  0.        ],
[-0.5986363   0.80102096  0.        ],
[-0.08710939  0.99619875  0.        ],
[-0.58494407  0.81107363  0.        ],
[-0.05431291  0.99852396  0.        ],
[-0.99823196 -0.05943865  0.        ],
[-0.98407305  0.17776455  0.        ],
[-0.67841338 -0.7346804   0.        ],
[-0.68571475 -0.72787037  0.        ],
[-0.74774304 -0.66398821  0.        ],
[-0.81959136 -0.57294852  0.        ],
[-0.67738724 -0.73562662  0.        ],
[-0.15058787  0.98859663  0.        ],
[-0.74675768  0.66509621  0.        ],
[-0.4790917   0.87776486  0.        ],
[-0.84453171 -0.53550555  0.        ],
[-0.07659911  0.99706197  0.        ],
[-0.54726627  0.83695856  0.        ],
[-0.24984097  0.96828688  0.        ],
[-0.86945513 -0.49401191  0.        ],
[-0.69104275  0.72281389  0.        ],
[-0.03196798  0.99948889  0.        ],
[-0.98786565 -0.15531084  0.        ],
[-0.66796972  0.74418845  0.        ],
[-0.78676648 -0.61725077  0.        ],
[-0.69462141  0.71937549  0.        ],
[-0.9998971  -0.01434503  0.        ],
[-0.27623578  0.9610899   0.        ],
[-0.69852004 -0.7155905   0.        ],
[-0.64230313 -0.76645071  0.        ],
[-0.93231508 -0.36164707  0.        ],
[-0.75843553 -0.65174807  0.        ],
[-0.96798771  0.25099759  0.        ],
[-0.03019934  0.9995439   0.        ],
[-0.56445051 -0.82546691  0.        ],
[-0.99974504 -0.02257981  0.        ],
[-0.91487949  0.40372704  0.        ],
[-0.04924817  0.99878657  0.        ],
[-0.86834252 -0.49596499  0.        ],
[-0.98823646  0.15293365  0.        ],
[-0.85987179 -0.51051005  0.        ],
[-0.80831839 -0.5887456   0.        ],
[-0.98195851 -0.18909647  0.        ],
[-0.85573613 -0.51741248  0.        ],
[-0.79969411 -0.60040764  0.        ],
[-0.96474388  0.26319053  0.        ],
[-0.41115293  0.91156638  0.        ],
[-0.98899222  0.14796753  0.        ],
[-0.68999102 -0.72381793  0.        ],
[-0.99484503  0.10140693  0.        ],
[-0.78877393 -0.61468341  0.        ],
[-0.26944357  0.96301618  0.        ],
[-0.9928438  -0.11942022  0.        ],
[-0.71052226 -0.70367472  0.        ],
[-0.02784912  0.99961214  0.        ],
[-0.99409328  0.108529    0.        ],
[-0.97516314 -0.22148783  0.        ],
[-0.6230751  -0.78216202  0.        ],
[-0.80536276 -0.59278227  0.        ],
[-0.87187993 -0.48971971  0.        ],
[-0.8665141 -0.4991526  0.       ],
[-0.71015218 -0.70404821  0.        ],
[-0.61379096 -0.78946859  0.        ],
[-0.99674804  0.08058127  0.        ],
[-0.89132462 -0.45336566  0.        ],
[-0.16186799  0.98681242  0.        ],
[-0.59830313 -0.80126984  0.        ],
[-0.202655   0.9792502  0.       ],
[-0.55920463  0.82902967  0.        ],
[-0.33272352  0.94302442  0.        ],
[-0.34621606  0.93815481  0.        ],
[-0.8382545   0.54527918  0.        ],
[-0.71794611  0.69609869  0.        ],
[-0.06011741  0.99819131  0.        ],
[-0.91034031  0.4138605   0.        ],
[-0.55066225 -0.83472815  0.        ],
[-0.54833022 -0.8362619   0.        ],
[-0.0176711   0.99984385  0.        ],
[-0.55680494 -0.83064328  0.        ],
[-0.3996797   0.91665486  0.        ],
[-0.54165009  0.84060405  0.        ],
[-0.385765    0.92259707  0.        ],
[-0.80191497  0.59743818  0.        ],
[-0.82664993 -0.56271654  0.        ],
[-0.30129882  0.95352977  0.        ],
[-0.14043928  0.99008929  0.        ],
[-0.87840665 -0.47791396  0.        ],
[-0.30262304  0.95311033  0.        ],
[-0.54822692 -0.83632963  0.        ],
[-0.43820905  0.89887309  0.        ],
[-0.97035604 -0.24167987  0.        ],
[-0.98348198  0.18100605  0.        ],
[-0.99326902 -0.11583028  0.        ],
[-0.59786604  0.80159603  0.        ],
[-0.48092153  0.87676364  0.        ],
[-0.81403973  0.58080919  0.        ],
[-0.57112156  0.8208655   0.        ],
[-0.29607006  0.95516623  0.        ],
[-0.75909147 -0.65098398  0.        ],
[-0.58046563 -0.81428475  0.        ],
[-0.57914969 -0.81522122  0.        ],
[-0.63128163  0.77555367  0.        ],
[-0.98185015 -0.18965835  0.        ],
[-0.86869869  0.49534088  0.        ],
[-0.81108375 -0.58493005  0.        ],
[-0.82405205  0.56651409  0.        ],
[-0.18312191  0.98309021  0.        ],
[-0.41381511  0.91036095  0.        ],
[-0.77657379 -0.63002631  0.        ],
[-0.42651239  0.90448172  0.        ],
[-0.8507     0.5256515  0.       ],
[-0.71374426  0.7004064   0.        ],
[-0.61789341  0.78626187  0.        ],
[-0.67714611 -0.73584859  0.        ],
[-0.51945271  0.8544992   0.        ],
[-0.97376327 -0.2275634   0.        ],
[-0.99473824  0.10244921  0.        ],
[-0.78068544 -0.62492419  0.        ],
[-0.96597146  0.25864867  0.        ],
[-0.81234072 -0.58318312  0.        ],
[-0.96225382  0.27215359  0.        ],
[-0.3278939   0.94471456  0.        ],
[-0.82849771  0.55999245  0.        ],
[-0.93331656 -0.35905459  0.        ],
[-0.72727179 -0.68634957  0.        ],
[-0.82288818 -0.56820335  0.        ],
[-0.54529657 -0.83824319  0.        ],
[-0.26823519  0.96335346  0.        ],
[-0.98982283 -0.14230521  0.        ],
[-0.10064093  0.99492281  0.        ],
[-0.94195164  0.33574858  0.        ],
[-0.74679496  0.66505435  0.        ],
[-0.76535369 -0.64360992  0.        ],
[-0.89031465  0.45534582  0.        ],
[-0.15806889  0.98742809  0.        ],
[-0.9549715   0.29669754  0.        ],
[-0.52913619  0.84853691  0.        ],
[-0.99937119 -0.03545731  0.        ],
[-0.82885065  0.55946992  0.        ],
[-0.55309445  0.83311855  0.        ],
[-0.75796343 -0.65229704  0.        ],
[-0.63528118  0.77228092  0.        ],
[-0.97706609 -0.21293627  0.        ],
[-0.07741564  0.99699891  0.        ],
[-0.48553717  0.87421602  0.        ],
[-0.87236726 -0.48885106  0.        ],
[-0.5507686   0.83465798  0.        ],
[-0.8235103   0.56730132  0.        ],
[-0.57207333 -0.82020248  0.        ],
[-0.56191669 -0.82719383  0.        ],
[-0.67601589  0.73688705  0.        ],
[-0.77331758 -0.63401886  0.        ],
[-0.99987514 -0.01580182  0.        ],
[-0.99818138  0.06028213  0.        ],
[-0.77520039  0.63171541  0.        ],
[-0.60772099  0.79415061  0.        ],
[-0.58455252 -0.81135587  0.        ],
[-0.99821325  0.05975205  0.        ],
[-0.73170027  0.68162652  0.        ],
[-0.61781183  0.78632598  0.        ],
[-0.04981356  0.99875853  0.        ],
[-0.99993582 -0.01132966  0.        ],
[-0.99532406 -0.09659203  0.        ],
[-0.76313404  0.64624023  0.        ],
[-0.99839275  0.05667374  0.        ],
[-0.5566946  -0.83071724  0.        ],
[-0.97085823  0.23965453  0.        ],
[-0.96778539  0.25177657  0.        ],
[-0.77058662 -0.63733528  0.        ],
[-0.79861478 -0.60184253  0.        ],
[-0.01332304  0.99991124  0.        ],
[-0.7714399   0.63630219  0.        ],
[-0.60423851 -0.7968035   0.        ],
[-0.88674561 -0.46225775  0.        ],
[-0.26596222  0.96398345  0.        ],
[-0.88948492  0.45696453  0.        ],
[-0.95373158 -0.30065939  0.        ],
[-0.82813539 -0.56052812  0.        ],
[-0.85916175 -0.51170409  0.        ],
[-0.98920123 -0.14656373  0.        ],
[-0.83658357 -0.54783934  0.        ],
[-0.41077153  0.91173831  0.        ],
[-0.99969129 -0.02484617  0.        ],
[-0.53669765 -0.84377464  0.        ],
[-0.62536897  0.78032919  0.        ],
[-0.60218102  0.79835958  0.        ],
[-0.99998482  0.00551035  0.        ],
[-0.117049    0.99312614  0.        ],
[-0.88664356  0.46245345  0.        ],
[-0.2691015   0.96311182  0.        ],
[-0.82277492  0.56836734  0.        ],
[-0.88320058  0.46899546  0.        ],
[-0.56022396 -0.82834118  0.        ],
[-0.8565468   0.51606935  0.        ],
[-0.34199463  0.93970191  0.        ],
[-0.63798179  0.77005145  0.        ],
[-0.40838739  0.91280871  0.        ],
[-0.84955583 -0.52749871  0.        ],
[-0.92749402 -0.37383798  0.        ],
[-0.69351764  0.72043964  0.        ],
[-0.90220059  0.43131669  0.        ],
[-0.85693169 -0.51543     0.        ],
[-0.39748347  0.91760933  0.        ],
[-0.5357846 -0.8443547  0.       ],
[-0.9176474  -0.39739557  0.        ],
[-0.8146052  -0.58001584  0.        ],
[-0.06053758  0.99816592  0.        ],
[-0.49621838  0.86819774  0.        ],
[-0.63357535  0.77368099  0.        ],
[-0.2749746   0.96145149  0.        ],
[-0.95943955 -0.28191444  0.        ],
[-0.95473233 -0.29746628  0.        ],
[-0.56058015 -0.82810017  0.        ],
[-0.98053292 -0.19635475  0.        ],
[-0.89534652 -0.4453702   0.        ],
[-0.64332927  0.76558961  0.        ],
[-0.98913548 -0.1470068   0.        ],
[-0.78786583 -0.61584692  0.        ],
[-0.81371312 -0.58126669  0.        ],
[-0.54078576 -0.84116037  0.        ],
[-0.99184701  0.12743431  0.        ],
[-0.51259906  0.8586281   0.        ],
[-0.92114742  0.38921385  0.        ],
[-0.54081968 -0.84113856  0.        ],
[-0.99933114  0.03656879  0.        ],
[-0.80899039 -0.58782186  0.        ],
[-0.56086734 -0.82790569  0.        ],
[-0.48419467  0.8749603   0.        ],
[-0.90038533  0.43509339  0.        ],
[-0.98922954  0.14637253  0.        ],
[-0.71467054 -0.69946124  0.        ],
[-0.93006199  0.36740264  0.        ],
[-0.88271468  0.46990934  0.        ],
[-0.74960049 -0.66189055  0.        ],
[-0.66783036  0.74431352  0.        ],
[-0.99561273  0.09356977  0.        ],
[-0.79038483 -0.61261067  0.        ],
