[ 8.57892753  6.20394185  0.08751788],
[ 9.0193201   9.2121771   0.30373218],
[  3.55003678  12.12349065   0.44044491],
[  2.87860274  11.63791895   0.55071613],
[ 7.29350615  9.72330021  0.63864343],
[ 6.74869945  9.71779823  0.70553064],
[ 9.61204824  6.49554265  0.77029841],
[ 10.28873691   4.76599066   0.95613699],
[  4.99033481  11.66579749   0.99046594],
[ 8.99855837  8.84286149  1.06832203],
[  6.49601315  13.11797895   1.08411917],
[  6.41108179  12.47230438   1.31228008],
[  7.67083338  11.5174476    1.4056248 ],
[  8.1999107   10.75037755   1.40896581],
[  5.62963389  12.5712671    1.55942455],
[ 10.01500526   5.10444076   1.69826321],
[  4.20441286  14.33606296   1.71956042],
[  3.6158843   11.6967393    1.88998787],
[  6.77154152  10.64660723   1.93074025],
[ 9.54754124  4.77817986  2.02735129],
[  3.31701547  11.70667789   2.0969644 ],
[  4.14453621  14.3379417    2.0994139 ],
[ 7.25278216  8.88094227  2.45082697],
[ 7.16065461  8.91799222  2.45614374],
[ 8.14096544  7.47913434  2.54682204],
[ 8.38929177  4.90100848  2.63044786],
[  3.89110165  14.30186013   2.95244178],
[ 9.42008402  9.455555    3.29370277],
[  4.76330715  12.99146163   3.35567087],
[ 10.06441393   4.92612614   3.45848787],
[  4.43610716  11.42283196   3.47096603],
[ 9.44331575  6.79146803  3.65541517],
[  6.5753795   12.15328057   3.7637509 ],
[  6.40828843  10.60012162   3.79397906],
[ 9.85925393  4.05969281  3.83406464],
[ 9.2543118   3.12579795  3.85951402],
[  7.28170607  10.80067571   3.93089553],
[  6.6631661   11.84094007   4.10153202],
[  4.31339769  14.3341565    4.11216644],
[  6.54107921  10.75792398   4.11308978],
[ 7.56190399  9.09974652  4.35626436],
[ 9.58408027  3.62342145  4.36706758],
[ 9.2409871   3.70172319  4.43466569],
[  6.8837075   10.12893765   4.50926214],
[  3.8519707   11.58382875   4.82906995],
[  8.18896094  11.35368611   4.87768047],
[ 7.96103015  9.98629372  5.14890453],
[  6.53804709  11.79766979   5.27680139],
[ 8.54535222  4.67459422  5.47498661],
[ 8.84020817  4.59178978  5.54108542],
[ 10.08590223   6.67851484   5.65178501],
[  5.46636628  11.95823122   5.713343  ],
[  6.74184186  12.15965503   5.74765912],
[ 7.10393392  9.25825539  5.97293231],
[  5.84981402  10.34012723   6.06969802],
[  6.91699492  10.84280232   6.28170938],
[ 7.96652688  6.60570418  6.53686682],
[  4.12853826  13.91606789   6.5754556 ],
[  3.42486377  13.40407377   6.76595783],
[  3.37917637  12.9589924    6.83333737],
[  3.16467924  12.81757471   6.90485139],
[  4.7118816   11.73266311   6.9340723 ],
[ 9.16198181  5.62690215  7.02925706],
[ 8.52981364  3.73910333  7.04755045],
[ 9.32595772  9.84553124  7.08843304],
[ 8.33483392  5.042388    7.13997442],
[  8.29037426  10.83011588   7.29694538],
[  6.54984117  11.16922189   7.55167328],
[  6.59636148  12.16814406   7.60321227],
[ 10.04805217   6.18591588   7.65080839],
[ 9.69468284  2.85576011  7.70532119],
[  4.35075838  13.20041068   7.83079388],
[ 7.88635592  8.84212519  7.93615158],
[ 9.3116279   3.38052236  8.22185484],
[  7.13640777  12.48811061   8.3347376 ],
[ 8.71603093  6.1062074   8.65147712],
[ 9.00447359  9.77100672  8.65898031],
[  3.3574801   13.34269427   8.73941212],
[ 10.14270102   4.5674107    8.78305696],
[  4.09426824  12.34004978   8.79440447],
[ 8.71856182  3.78505093  8.95326478],
[ 8.13335854  5.91450714  9.02216966],
[ 8.35069105  5.8523753   9.27193276],
[  4.16000129  13.76678666   9.34179369],
[  5.91005033  10.34741142   9.37134689],
[  6.1811274   12.28628053   9.4512386 ],
[  6.35603227  11.46079099   9.65885023],
[  3.98496231  12.84696929   9.67126235],
[ 9.75971993  8.27589933  9.78468371],
[ 10.06922773   4.70878456   9.97111593],
[ 8.34320434  4.39417908  9.98372257],
[  8.55475876   4.90005452  10.00158367],
[  6.10812536  12.36651985  10.12214482],
[  4.98984713  13.23262585  10.16052901],
[  6.10397598  12.77648251  10.16516295],
[  4.48885687  11.80559939  10.16649966],
[  4.69333428  13.48613325  10.21753175],
[  3.21907951  13.89448676  10.40300123],
[  6.06249904  11.07639781  10.41044851],
[  9.35070455   5.66289505  10.52567694],
[  8.54280916   5.58321622  10.5280668 ],
[  2.87071758  13.03206942  10.54971082],
[  9.15155614   8.80704216  10.80967279],
[  7.16106225  12.55733713  10.84813653],
[  8.88998123   5.13695913  10.9955794 ],
[  7.87801573   7.43176603  11.11980452],
[  7.67672325   7.73531508  11.15958011],
[  3.95066275  13.41058207  11.39253536],
[  8.46223846   4.74839168  11.48113025],
[  5.74422733  10.98069938  11.53687398],
[  8.80775224  10.06830378  11.57237364],
[  7.24552403  11.74505303  11.64436382],
[  5.28510582  11.58877611  11.86433669],
[  6.53672852  11.55767439  11.8674353 ],
[  8.53024162   9.93640494  12.24855528],
[  5.6736328   11.48534695  12.72136699],
[  9.09081115   8.12468341  12.72770286],
[  9.40754049   5.20280691  12.75006473],
[  9.32152278   3.69618497  12.81960102],
[  7.89874563  10.016701    12.97798218],
[  7.40266918   8.97003394  13.01120345],
[  8.3349693    6.10847586  13.01820359],
[  8.67765201  10.19352012  13.09534316],
[  2.66932829  11.56838479  13.22609457],
[  8.49406659   9.27685666  13.30854568],
[  4.24091603  13.07459024  13.38449133],
[  4.98220746  12.38417856  13.71453095],
[  4.37942686  11.58705017  13.81520357],
[  8.46938086   8.9965911   14.09596453],
[  3.34185027  13.16622649  14.46788472],
[  9.26955951   3.07225625  14.48339787],
[  8.44677799   6.41079841  14.58902743],
[  8.78324471   3.30346021  15.12789914],
[  9.94498244   4.05745095  15.25186585],
[  8.53199503   4.56320994  15.41969761],
[  7.88398702  10.11396227  15.43250586],
[  5.89485978  10.87434365  15.44134229],
[  3.00085525  12.6651018   15.46872977],
[  3.67092337  14.25277115  15.63416091],
[  8.45981002  10.3926313   15.73080382],
[  6.61850401  11.3851898   15.74042624],
[  4.95573515  12.16047698  15.8989548 ],
[  7.74232743  11.4371738   16.15109751],
[  8.84310516   5.05692286  16.23919759],
[  9.59232418   7.15358781  16.30542095],
[  8.15274822  11.68568267  16.37666423],
[  9.75651104   3.22410608  16.38423139],
[  6.0531653   11.37491486  16.57451974],
[  9.03939452   4.82661445  16.63411385],
[  7.16827545  12.46208923  16.64982667],
[  2.86088946  13.88078437  16.6561498 ],
[  2.93854408  11.82087094  16.68727132],
[  5.23572735  12.26791568  16.74526632],
[  2.8392468   12.70501326  16.91856341],
[  5.78366029  11.8627951   16.94356612],
[  9.76327074   3.88308039  16.99429133],
[  6.06165266  10.08995177  17.25550053],
[  6.22644104  10.35641565  17.4478826 ],
[  8.86127789   9.52471978  17.57249696],
[  7.77548557  11.48945056  17.67045658],
[  9.8430615    4.48110264  17.99279802],
[  7.66179192  11.61917434  18.22247668],
[  4.7685826   12.51816132  18.27661608],
[  9.61105437   2.93561987  18.29552331],
[  8.17677175   7.22432314  18.31927215],
[  8.92490833   4.31571837  18.39634054],
[  3.53615602  13.26760762  18.40196777],
[  6.8016746    9.77981784  18.53431526],
[  6.62930369  12.74189929  18.76615253],
[  9.9306522    3.63079595  18.8081559 ],
[  9.54384798   6.68298362  18.84389245],
[  2.59215966  12.22154775  18.89595416],
[  7.33801368  11.95338828  18.90022165],
[  9.6338864    5.88756695  18.9002411 ],
[  8.48611459   6.65823702  19.04866092],
[  6.8483289    9.99020474  19.08529296],
[  8.27468029   3.53991404  19.1248589 ],
[  6.16349971  10.0565506   19.24526855],
[  4.77798965  13.07628417  19.49460554],
[  9.16121256   2.73687906  19.58895618],
[  8.5097933    5.1621443   19.75459997],
[  9.32698437   8.34290563  19.79996735],
[  4.45841233  12.8824778   19.87524004],
[  9.23853091   5.92625041  20.20211643],
[  4.43927141  12.74742716  20.25661129],
[  8.50445413   3.50641008  20.33491113],
[  8.96134019   3.30313343  20.39186563],
[  8.25780122   3.94599064  20.40600865],
[  2.43458937  11.65346927  20.41607656],
[  7.09527773   9.5566885   20.41638041],
[  8.79324275   3.64185098  20.52888966],
[  4.10380848  13.93295894  20.66736807],
[  6.55785324  10.68288007  20.67741993],
[  9.76471368   4.88047169  20.73687179],
[  5.84272705  13.22753662  21.03138255],
[  5.37876093  11.59034339  21.16662494],
[  7.57053409   7.42542392  21.26276534],
[  3.3208107   13.05826677  21.2974493 ],
[  8.53035044   8.95780968  21.37198258],
[  8.5779346    4.13769389  21.37279601],
[  5.17701628  13.760132    21.44688229],
[  4.00690787  13.02570096  21.45258683],
[  8.52881179   8.72050501  21.46346696],
[  7.51875968   9.2885359   21.56836233],
[  6.74820457  10.22468401  21.5800082 ],
[  3.81991494  13.62494979  21.76228816],
[  9.36123598   7.16403125  21.81990174],
[  7.41183016   8.85149055  21.8593905 ],
[  6.7716672   12.45274879  21.96342579],
[  9.11335968   3.21287721  22.0286986 ],
[  8.15564723   5.76258829  22.06918537],
[  9.35953889   5.97503215  22.12760971],
[  3.37985852  13.57283848  22.19490449],
[  7.76408907   9.5992017   22.3327125 ],
[  7.69534686  10.87744634  22.47316685],
[  6.64764884  11.33771019  22.52811119],
[  9.63851248   2.77384456  22.73322528],
[  8.07037236   6.4590755   22.94689981],
[  6.57832679  11.32099351  22.98297158],
[  9.81034246   2.82683991  23.20465711],
[  8.77080847   4.34270616  23.22778481],
[  9.40502194   3.5917345   23.32874175],
[  7.65329623   7.10093115  23.36348235],
[  8.80128874   5.94558407  23.40040477],
[  8.18188098   6.24349411  23.55957389],
[  6.84620901   9.82342114  23.6064379 ],
[  8.46647355   4.84080945  23.69540279],
[  9.12154925  10.26608315  23.86590477],
[  9.59726678   2.70308771  23.92043603],
[  3.06842556  13.06475077  23.93007947],
[  7.75248332  10.43170861  23.94887392],
[  8.31061091   6.56215028  23.99380526],
[  9.47697818   7.51161641  24.0074895 ],
[  9.92332163   3.28507694  24.03034728],
[  7.47846231   9.38818377  24.18336473],
[  5.39259562  12.44560581  24.20361044],
[  4.59883719  11.44749982  24.36871626],
[ 10.1571357    4.05378872  24.42233515],
[  5.52260292  10.48695113  24.48251134],
[  8.73240978  10.78287948  24.49570091],
[  3.03153953  14.70349497  24.59359938],
[  5.79035774  12.20343286  24.61806237],
[  8.59613973   5.63825639  24.62527858],
[  6.9725736   10.04437619  24.65522588],
[  6.75810533  10.98392493  24.90638171],
[  5.28430731  13.34884071  24.90970327],
[  7.62279541  10.31664629  25.16891335],
[  3.65940909  12.30579695  25.18482607],
[  5.31533128  10.8939423   25.21619107],
[  3.42141342  11.74100771  25.26971267],
[  8.76421896   8.28282467  25.38600694],
[  8.54230365   8.10515903  25.52339897],
[  9.26403707   5.48488631  25.56362852],
[  4.67800115  12.82501873  25.75617949],
[  6.98448239  12.73068953  25.82291787],
[  5.50669827  11.81632195  25.9722197 ],
[  5.47494503  13.28156637  26.1202232 ],
[  3.67740152  13.36541914  26.14722987],
[  9.31846957   6.55193398  26.22814899],
[  7.63014796   8.44051832  26.5576638 ],
[  6.72510124  12.91617098  26.61638983],
[  4.9714499   11.83837314  26.79306308],
[  5.749509    12.18559089  26.8359228 ],
[  8.82676827   4.63028465  27.04944706],
[  3.22277147  12.01391456  27.21872577],
[  8.06178209   8.14203545  27.42006017],
[  8.96586167   9.29225345  27.5019833 ],
[  7.03673009   9.35195981  27.54037045],
[  9.36254994   4.56227728  27.60183953],
[  4.88111399  11.51989337  27.68795046],
[  8.38435925   8.65049888  27.74610869],
[  6.31196564   9.90242091  27.7698486 ],
[  4.22016281  11.50558293  27.77737748],
[  9.76505561   7.07453574  27.78363779],
[  7.34198449  11.77425099  27.9278862 ],
[  8.30512019   4.10749029  28.24258547],
[  3.5115671   13.72260182  28.33976867],
[  3.03868906  12.84273649  28.45393488],
[  8.73475951   6.52725017  28.5095811 ],
[  5.05494712  12.65170574  28.52184555],
[  7.63744191   9.96470531  29.04532213],
[  6.98659877   9.61689564  29.09091916],
[  9.11235186   4.41695736  29.13186174],
[  3.93354151  11.57057215  29.15124001],
[  6.19852024  10.48814512  29.19093337],
[  8.75232428   9.16165877  29.2012567 ],
[  6.99864154  12.21850815  29.22973819],
[  6.08257357  11.51631753  29.23825084],
[  3.09426267  12.03736756  29.3988794 ],
[  9.24561144   4.59772823  29.41018731],
[  9.06106109  10.50804104  29.60472706],
[  8.3890136    5.1020926   29.75544993],
[  9.74108081   6.95735768  29.8395852 ],
[  9.33910355   3.40874244  29.88364927],
[  7.5717351    7.4551281   29.95642288],
[  6.36918831  13.16440766  30.19735182],
[  9.20492178   5.56078874  30.23153243],
[  5.12979814  11.06459641  30.32762452],
[  9.07297149  10.67644787  30.33328627],
[  6.76566031  12.99284883  30.34213917],
[  9.72363853   3.20717185  30.36149822],
[  5.08860434  12.76083404  30.41798165],
[  4.60560474  12.79725198  30.52076046],
[  4.2759417   13.51613811  30.5562208 ],
[  5.57247598  10.98723142  30.74468178],
[  5.61018059  10.97613081  30.7522985 ],
[  8.30522408   4.97255399  30.77595401],
[  3.62699225  13.01698217  30.80265505],
[  9.7146354    7.96939226  30.80888872],
[  8.95178216  10.66007569  30.92969499],
[  7.17101672   8.88606255  30.93613691],
[  3.43383739  13.7955811   31.16232394],
[  7.89998985  10.64077245  31.48240286],
[  3.46434939  12.66075722  31.57075679],
[  9.21705651   9.4303263   31.66264116],
[  9.6713006    2.41928403  31.68268754],
[  7.67229965  11.67191579  31.80441953],
[  3.29610446  11.8509749   31.9667829 ],
[  8.14026673   5.72470369  32.03903466],
[  4.72666543  13.92694157  32.08878974],
[  3.79619324  11.63748601  32.10059816],
[  5.23021682  11.4222715   32.10399271],
[  3.20309109  14.13978689  32.31289458],
[  6.34398298  11.7998691   32.43073439],
[ 10.10777377   6.18333099  32.57366212],
[  9.49673611   8.32374597  32.57594064],
[  8.42049997   6.99073491  32.801028  ],
[  4.98531541  11.10393302  32.80159335],
[  7.63881795  10.66760859  32.8324764 ],
[  8.69818028   4.50641011  32.83478601],
[  6.9530741   11.14004515  33.32318525],
[  7.86612245   8.1358617   33.39859059],
[  6.63613284  11.05365815  33.44141476],
[  9.16897167   6.36206378  33.50000924],
[  8.45067967   4.37965928  33.59409504],
[  8.16390502   5.91852209  33.61687245],
[  6.68663553  11.14415035  33.63231218],
[  2.60784725  11.76120612  33.72112547],
[  9.6929183    5.34453382  33.76700141],
[  9.77254296   3.60221428  33.76820312],
[  6.48933334   9.82939777  34.14222691],
[  9.94153831   3.84130425  34.15217247],
[  6.07991867  10.79536415  34.15475465],
[  7.52733453  10.84387575  34.15941218],
[  9.51618043   2.61968236  34.19432508],
[  7.48657747  11.77268086  34.32070251],
[  6.8141364   10.25186841  34.33623866],
[  5.84617858  12.85862157  34.39328763],
[ 10.06955332   5.27439321  34.4027792 ],
[  8.37567054   3.71092679  34.40789593],
[  5.57441891  12.66534254  34.47468502],
[  6.07501233  11.53441203  34.59122884],
[  7.25695972   8.76866752  34.71131196],
[  6.02065171  12.42436276  34.82396479],
[  6.96179921   9.83878402  34.93077878],
[  7.04067867   9.53661544  35.05168843],
[  5.51515595  12.06139807  35.09439406],
[  8.64539266   4.6695061   35.23311401],
[  8.28983686   9.39687357  35.37679496],
[  8.27980895  11.54956121  35.77230407],
[ 10.11687713   5.56353696  35.87458642],
[  8.15089958   5.46723836  35.90673715],
[ 10.00513455   6.89829824  35.92563558],
[  9.66055551   2.46137165  36.29754527],
[  7.82610635   8.53364386  36.33627803],
[  9.00788292   4.64159478  36.34754393],
[  9.61759144   7.20586381  36.37560537],
[  7.20067706  11.87819081  36.39589944],
[  8.59237802   3.89623775  36.43498331],
[  8.64389845   4.65542007  36.48014745],
[ 10.032424     5.92915857  36.57120679],
[ 10.11095888   3.71676471  36.59582698],
[  8.80790845   8.48422859  36.63334472],
[  8.88006707   3.61455396  36.96869348],
[  3.10665745  13.34892213  37.05330148],
[  5.02761628  10.7857425   37.12899648],
[  6.08208487  11.90719585  37.16683368],
[  8.11924002   7.73362116  37.23505572],
[  6.45787086  12.90451812  37.49992527],
[  9.80722028   6.82520588  37.5692805 ],
[  7.51748227  10.85523746  37.70669816],
[ 10.30034393   4.8301208   38.13324047],
[  4.89720357  12.59828722  38.4984193 ],
[  4.26912178  11.51835365  38.50208106],
[  8.31605625   3.65643718  38.5037874 ],
[  7.74104028   9.54365912  38.54230637],
[  9.04189233   7.72107049  38.54272126],
[  4.38275862  11.5436612   38.77352538],
[  6.86314147  10.59557753  38.88702331],
[  8.91400794   3.13053633  38.91382402],
[  5.28287503  10.59926521  39.03223768],
[  6.17203967  12.153513    39.42336828],
[  9.34159804   4.81980908  39.43807825],
[  4.15653483  13.14114772  39.45645961],
[  3.35785971  13.91197514  39.49582375],
[  3.20533103  13.32262682  39.76529121],
[  7.9301175   10.19512327  39.96607992],
[  9.85936975   3.44111247  40.25379186],
[  9.13307479   3.95517243  40.38272718],
[  5.41032692  12.91277544  40.39546494],
[  2.54748978  11.7756856   40.40573223],
[  7.26469247   9.11875803  40.50744491],
[  8.61286146   3.83551372  40.52076508],
[  4.03773357  13.68293979  40.69101092],
[  8.76807936   8.52341781  40.76602681],
[  7.88429425   7.72494157  40.78239565],
[  8.6531775    3.70084676  41.05816725],
[  7.36480261   9.99795318  41.12108657],
[  4.67126149  13.04627645  41.17871866],
[  7.13560381  11.56979103  41.2779682 ],
[  5.27607837  11.50831027  41.45251992],
[  2.67201098  12.13141961  41.45571178],
[  3.78015738  13.5532943   41.64369479],
[  8.30737543  10.0738397   41.71897158],
[  7.81456621  12.01346824  41.86229065],
[  5.32407077  11.44924574  41.87446994],
[  3.2075801   12.34730746  42.03183166],
[  7.97082185   9.83484227  42.1600206 ],
[  8.49632898   3.83153634  42.27914604],
[  7.81495729   8.59427265  42.33305266],
[  2.77181468  13.66437624  42.43988954],
[  2.93651673  11.71183642  42.47497498],
[  8.40490361   4.67383537  42.57580635],
[  7.96036239   6.48635981  42.70569267],
[  7.55099305  11.65662606  42.77022432],
[  7.40243368  10.23045547  42.81451659],
[  9.89271352   3.42398434  42.91454577],
[  8.06038968  10.22133526  43.09555958],
[  5.45778413  11.40336656  43.3175111 ],
[  4.24760636  12.62643556  43.43154254],
[  8.75104955   8.35344279  43.44059581],
[  3.02247865  12.27980217  43.51912312],
[  4.69522683  11.03932781  43.59609668],
[  4.67547411  13.9891863   43.61684233],
[  3.86875884  13.58691846  43.66038916],
[  2.76166734  13.18435265  43.77474474],
[  3.3478093   11.98734718  43.84952135],
[  8.05876172   6.09014047  43.99967532],
[  9.06124036   8.50130437  44.07391588],
[  9.65529668   2.97527313  44.15937591],
[  5.72373324  13.39912553  44.31411919],
[  8.88689277   4.19125714  44.37155471],
[  3.26295092  13.0155357   44.5263025 ],
[  6.7207636   10.34902442  44.62100219],
[  7.07502129   9.48016332  44.64808931],
[  9.26803846   7.83249461  44.78795676],
[  7.94305743   9.61500731  44.86539617],
[  8.6335144    4.37261637  44.9152311 ],
[  7.35175893   9.24206587  44.93350768],
[  7.92904801   8.91752264  45.00538272],
[  8.40891568   4.11182977  45.11071885],
[  9.78313656   7.83604564  45.14753614],
[  8.36321336   3.84645677  45.26636579],
[  5.12105715  12.62956399  45.35832793],
[  9.57823617   7.12958898  45.40864803],
[  3.67244203  14.08781127  45.56660359],
[  8.94881331  10.68080648  45.62432347],
[  7.83870984  12.02238672  45.69988832],
[  9.59523882   4.72815295  46.00461484],
[  5.1580503   11.8149558   46.46032528],
[  9.46293935   2.88881403  46.61322654],
[  5.48946832  12.70871448  46.78179928],
[  8.30893423   6.86257644  46.80224112],
[  4.25680083  11.83152049  46.841652  ],
[  9.82716579   7.66441985  46.92766762],
[  9.76657784   3.83954165  47.04805712],
[  5.30615819  10.94640647  47.27743391],
[  4.38387357  11.47714766  47.44364361],
[  8.23834179   3.54345312  47.54608935],
[  6.62135894  11.24702355  47.5592486 ],
[  8.13127206   9.30998491  47.57452105],
[  7.39225369   9.81604825  47.85780095],
[  8.3058704    7.14841421  47.90583147],
[  4.88704174  11.51302973  47.98313853],
[  7.87265451   8.88836666  48.26303958],
[  6.55791844  13.12005104  48.49083597],
[  9.90452312   4.45388732  48.53751741],
[  4.33104155  12.2824262   48.58038842],
[  9.77658858   3.08144038  48.6695938 ],
[  5.7304287   11.7912396   48.82352216],
[  9.26122867   3.79931789  49.05436232],
[  8.9901735    7.1601906   49.06276021],
[  5.99266646  13.13405831  49.08774675],
[  8.59909425   8.55167622  49.17339256],
[  8.05589322  10.0588841   49.36050552],
[  7.58401963   9.99905559  49.41421805],
[  9.07070434   5.39824769  49.57886331],
[  3.38423039  14.38619129  49.68958289],
[  3.03209613  12.11622121  49.71867194],
[  9.50161339   3.02854587  49.74709833],
[  7.21616084  12.35588078  49.82027097],
[  4.609028    11.2299929   49.85765985],
[  3.75872609  14.39056732  49.97931378],
[  6.46463746   9.75601797  50.22564856],
[  8.92592404   5.81689027  50.31528188],
[  9.87867449   3.64923549  50.36160554],
[  9.54102507   8.32012081  50.38120733],
[  5.23065337  12.35175932  50.59026872],
[  5.66004662  12.31020808  50.60661705],
[  8.33970799   6.21232037  50.89945476],
[  9.35295168   3.1023993   50.97285784],
[  4.48113142  12.84871559  51.12819081],
[  8.45105322   9.96320918  51.21179088],
[  8.15393927   9.27308152  51.22281916],
[  8.11822384   9.99367528  51.36215611],
[  8.28464654   4.26323001  51.43046345],
[  6.09270475  11.50322759  51.44819863],
[  7.2403165   11.07866555  51.5388529 ],
[  9.46945708   3.62787025  51.63236756],
[  3.25615626  12.73650144  51.65408849],
[  8.25522425   5.86234693  51.84033568],
[  9.44904982   3.59781694  52.12847686],
[  4.98257627  13.28822328  52.26589349],
[  3.5265258   14.2912066   52.27592475],
[  4.30719633  14.12166801  52.45484377],
[  8.72358067   4.74238716  52.67533177],
[  4.69121899  12.79259102  52.69988096],
[  6.94537877  12.49505576  52.80751298],
[  9.73979369   6.64223099  52.84011411],
[  8.57132318  10.39093057  52.89299807],
[  7.39254314   9.91934373  52.94499631],
[  8.57992535   9.94412907  52.95317078],
[  5.79291804  10.87620881  53.00892044],
[  6.20658628  11.82718299  53.07551992],
[  6.10426493  11.67264715  53.16237987],
[  8.63666808   5.26400384  53.26262612],
[  4.78612077  11.77463686  53.33949156],
[  6.89829642  12.66482958  53.36157269],
[  8.38279654   4.22201321  53.392842  ],
[  8.37063253   8.45015215  53.46264311],
[  9.43275357   5.36949363  53.46762828],
[  5.13607725  12.96081882  53.70676206],
[  9.75139208   6.53805059  53.9189332 ],
[  6.17231191   9.97865184  53.92201287],
[  8.65681746   3.2197      53.9658076 ],
[ 10.04945361   3.62500026  53.99921786],
[  3.68349863  13.27360703  54.12157436],
[  9.54216046   7.80369907  54.21589805],
[  4.42560846  11.04029818  54.50281266],
[  7.67531359  10.27576636  54.56635574],
[  4.76271722  11.87137902  54.62157543],
[  8.09508996   8.59856566  54.67985662],
[  5.3895428   10.53466301  55.1118476 ],
[  7.69474819  11.56934397  55.11416219],
[ 10.20035828   5.13455772  55.14948952],
[  4.79265312  12.45394     55.27787424],
[  8.4673421    4.56519987  55.50374611],
[  7.5844941    9.80242351  55.62086464],
[  7.97626495   9.1270583   55.74267501],
[  7.62682813   8.72840242  55.93350656],
[  6.36004792  10.08493766  55.95323409],
[  8.40818407   5.01270454  56.02356832],
[  7.54597545   9.02714154  56.50439867],
[  2.88361117  13.33977187  56.62412544],
[  3.62474442  12.48065528  56.69980636],
[  6.94264337   9.2107163   56.92662969],
[  9.22832838   8.95173248  57.13414785],
[  4.49951104  14.23225392  57.20953487],
[  9.2929044    7.58366787  57.23558165],
[  8.3561989    4.87581722  57.27010432],
[  8.4364941   10.34274077  57.33687475],
[  9.28722738   6.06623779  57.4026945 ],
[  9.629852     7.49489699  57.52207252],
[  5.55446934  13.16308034  57.54985765],
[  5.22903318  11.92345444  57.56801672],
[  3.1729057   12.47542941  57.66211562],
[  5.35123115  13.88561641  57.75081827],
[  6.90952423  12.51514838  57.75808779],
[  9.09179786   9.49135619  57.81363487],
[  7.7478068    8.90261423  57.89039495],
[  8.36790102   9.28108315  57.94456951],
[  5.16271838  12.38170887  57.97586074],
[  9.03288077   5.25943056  58.06193366],
[  6.08283923  11.58618215  58.12275782],
[  5.40326056  12.36867385  58.19064042],
[  8.57173398   3.96395942  58.26782262],
[  7.20178257  10.91286381  58.3616915 ],
[  9.3251161    6.85397396  58.55850513],
[  2.5142747   11.7507347   58.66346818],
[  8.69385259   3.53793268  58.6907481 ],
[  6.95744457   9.9550049   58.69835025],
[  9.48532439   2.81163077  58.76117356],
[  3.92827764  13.86527486  58.7654684 ],
[  7.56766847  11.01987769  58.89954704],
[  9.86470081   7.14748396  58.92817393],
[  5.4176314   11.06992574  58.97581041],
[ 10.20235472   5.69025277  59.00711866],
[  4.65453674  13.0593865   59.12413724],
[  3.9670883   14.41665316  59.16019205],
[  2.94873225  11.95549593  59.16860667],
[  4.92686729  12.82537593  59.2789808 ],
[  8.14221037   7.30767247  59.37765489],
[  8.14023457  10.14803229  59.38040068],
[  7.86982884   9.6852003   59.40379649],
[  8.67502662   4.32024196  59.53675022],
[  8.19370284   8.27026809  59.55546158],
[  2.75905396  12.30017907  59.7832455 ],
[  3.58307167  14.13967455  59.93843028],
[  3.52413214  11.43549544  60.04383723],
[  5.02656482  11.46787049  60.23637567],
[  4.58528057  13.36696687  60.29556452],
[  8.45282689  11.14302452  60.51253989],
[  3.14721432  14.35868341  60.76639988],
[  7.38319746  10.86869623  61.24860663],
[  9.54874674   3.95663307  61.26404009],
[  3.05657605  11.81814736  61.46545138],
[  8.49998284   5.74346991  61.49744143],
[  8.56070429   6.20104728  61.63267792],
[  8.19932793   5.3064346   61.63960247],
[  4.87402518  13.34235143  61.92159283],
[  6.77305552  12.1919684   62.20977927],
[  4.10549549  14.2282212   62.22487671],
[  8.05696262  11.86958768  62.23975206],
[  6.88656035   9.74326526  62.4309869 ],
[  4.83643666  10.9184478   62.43712777],
[  6.69214866  10.08200829  62.50648341],
[  2.7395268   12.92110935  62.52794094],
[  9.21830759   3.07610113  62.5310702 ],
[  9.90343834   5.18888406  62.57934766],
[  7.09747386  12.48100215  62.62060767],
[  5.88826134  10.48734999  62.68497886],
[  9.81373017   6.16954266  62.69079035],
[  4.01854445  13.85817672  62.7130955 ],
[  8.69067137   9.54998064  62.73518604],
[  5.64823803  11.00772655  62.81711077],
[  5.48379018  11.86082211  62.97964182],
[  7.75121709  10.55305161  63.03185576],
[  3.30823853  12.63594751  63.05141138],
[  4.14623108  13.78242019  63.1450432 ],
[  5.28009752  13.15534867  63.20999986],
[  7.07208062   9.59852567  63.29653165],
[  7.53158629   9.60608103  63.36922006],
[  5.39400911  12.41432817  63.44661326],
[  7.0306509   11.57466395  63.64476615],
[  7.72037901  10.18289419  63.67765316],
[  4.02215665  13.7085417   63.7705749 ],
[  7.19209605  10.84761103  63.82493877],
[  3.56976672  11.74055567  63.84522429],
[  6.17102631  10.53201125  63.86173884],
[  3.69826812  11.4653741   64.0581527 ],
[  8.93894277  10.13286127  64.06738216],
[  7.89394597   8.12044873  64.08763892],
[  4.17843113  13.20222522  64.11510122],
[  9.32730917   4.55215768  64.21151919],
[  9.80950672   4.77154875  64.25778438],
[  5.87401378  12.87520485  64.25916006],
[  4.30694795  11.81221377  64.26730988],
[  3.9788249   11.89899469  64.38161225],
[  3.80786751  12.54976407  64.39697101],
[  5.66351932  11.84362471  64.57144161],
[  4.04155576  13.63086927  64.64184355],
[  7.23614098  10.65138956  64.72753069],
[  8.66032115   5.35126126  64.91877138],
[  6.25851375   9.8601067   65.04334184],
[  3.42910662  12.08867626  65.19559675],
[  5.50071018  10.56475426  65.52476731],
[  7.09131201  11.68163088  65.95241132],
[  8.25985213  10.53039442  66.08890888],
[  5.72765016  10.36757747  66.14288577],
[  8.21587584  11.5150293   66.17424955],
[  6.03921882  10.15518523  66.29074322],
[  9.35024996   5.19724951  66.33035734],
[  9.4267317    4.83732833  66.38237149],
[  7.16494637   9.91438618  66.4381572 ],
[  8.72732166   4.07526287  66.43938059],
[  9.21359723   5.8524968   66.52308561],
[  6.39093122  11.96809781  66.63227957],
[  8.2202483    5.55122712  66.65358713],
[  5.322005    11.74026533  66.9537436 ],
[  3.64635838  13.33117907  67.05129041],
[  7.23649511  11.29410788  67.11266681],
[  4.70083727  13.87105826  67.12675654],
[  8.70014902   4.20620143  67.26987672],
[  7.8948371    8.50382629  67.32199163],
[  2.60500611  12.03548103  67.33494851],
[  9.55285587   7.40575156  67.34929821],
[  7.68129504  10.89532438  67.48839784],
[  9.41474159   6.89208133  67.6963832 ],
[  4.19233998  12.36161693  67.71185901],
[  5.37444702  13.81854985  67.86504254],
[  9.43869464   2.73213571  68.20751949],
[  8.06629527   7.86863336  68.39209466],
[  6.28211838  11.89374284  68.54571787],
[  6.23243199   9.9507344   68.67851836],
[  7.77636888  12.0452117   68.71309268],
[  4.27338412  12.9895719   68.73045331],
[  6.52090995  12.95828555  68.73645907],
[  6.16909494  11.14465167  68.8248091 ],
[  8.78392421   4.43025299  68.83558921],
[  9.63415343   2.84184499  68.89888332],
[  7.88755965   7.77753001  68.9245227 ],
[  9.96832208   4.39308386  69.00249599],
[  9.92464721   5.54126745  69.03367664],
[  4.98099603  12.12303121  69.09056935],
[  9.89464985   4.95798434  69.14943476],
[  5.17965992  12.66947133  69.1725473 ],
[  8.67422456   7.02605184  69.29825047],
[  9.63334869   6.01168192  69.58773907],
[  5.54791626  10.70190925  69.77285224],
[  7.02299374  10.09693608  69.87061896],
[  9.42517194   7.09415341  69.95701068],
[  6.55007049  12.43647897  70.30798066],
[  7.53260332  12.27416751  70.35206351],
[  9.05467591   4.14366047  70.43264465],
[  9.4300539    3.81119356  70.44435937],
[  8.09772201   8.72715767  70.61738822],
[  5.17942125  12.83621068  70.68140019],
[  3.81797463  12.003081    70.96410697],
[ 10.22976609   5.72404125  71.09687639],
[  5.71386032  12.85463365  71.48284737],
[ 10.24442191   4.1990034   71.48727643],
[  7.92288463   7.52423428  71.69112018],
[  9.31374236   3.89756855  71.84541163],
[  7.41092442   9.10427776  71.88643726],
[  5.60538226  12.04251959  71.97503366],
[  9.09613042   4.65608806  71.98467377],
[  8.10584462  10.97145879  72.07864486],
[  2.89869089  14.123391    72.27063171],
[  8.58085583   5.51732849  72.32528108],
[  5.49628913  13.71770961  72.41315998],
[  4.76799944  11.60289433  72.49270564],
[  5.47220375  13.31044117  72.5003273 ],
[  3.30637642  13.000301    72.59822318],
[  6.51131673  10.64608324  72.67270288],
[  3.50764919  12.58141683  72.7640789 ],
[  9.60163714   6.94681689  72.94580001],
[  9.80852761   7.93767487  73.07504788],
[  8.10246098  10.63125323  73.15185639],
[  8.04883937  10.419138    73.30516235],
[  9.21473741   7.46670453  73.32191667],
[  5.11466364  13.99479924  73.32952589],
[  4.28275567  12.78807495  73.46337072],
[  6.19719898  12.16534478  73.50726169],
[  9.80297629   4.53040858  73.60616005],
[  8.25089357   8.34945816  73.65649424],
[  3.44939439  12.92829197  73.81415249],
[  7.22840984  11.58153333  73.96706867],
[  6.00956953  13.06738047  74.12534195],
[  5.08913319  12.38708901  74.13891549],
[  9.06404005   5.15970511  74.68059576],
[  6.87951689  11.1221803   74.77946059],
[  8.36587517  11.41286974  74.84592629],
[  5.36934433  11.85561547  75.02867391],
[  4.74290287  13.17061385  75.08399545],
[  9.43543168   5.48606183  75.20605989],
[  8.18412078   8.02846824  75.2278618 ],
[  8.62554602   9.60130097  75.31266039],
[  9.68584201   6.86394518  75.33359282],
[  7.38056755   9.73493246  75.39372559],
[  9.47519356   2.49089183  75.39478879],
[  8.52164636   4.94381353  75.40444535],
[  7.69149145   7.17088859  75.4695526 ],
[  3.80892442  12.53211829  75.53646139],
[  7.03574522   9.59612832  75.66177597],
[  7.53516439   7.75948842  75.69473861],
[ 10.18522444   5.0974441   75.71326266],
[  4.51799871  11.99075481  75.72078634],
[  9.58272558   8.81949919  76.02105379],
[  6.65207111  10.05454522  76.04785545],
[  9.43377915   8.33091121  76.0806115 ],
[  7.8831862    9.61146722  76.11875771],
[  6.52746765   9.52071645  76.14230148],
[  8.99345355   8.66864933  76.1488366 ],
[  9.08565607   3.95871668  76.25022124],
[  6.97652323  10.40967998  76.40037753],
[  6.86213014  12.19486019  76.56239299],
[  6.28348008  12.39499565  76.69679454],
[  7.50003563   9.68755267  76.91049095],
[  7.12079925  10.57493139  76.9730513 ],
[  9.07270867   6.36807498  77.06343959],
[  8.22020749   8.58731856  77.07574254],
[  4.94794422  12.68660654  77.08287775],
[  4.8362369   13.82823096  77.09670843],
[  8.56036711   9.55226716  77.13468068],
[  4.6229514   11.26108087  77.22300061],
[  7.87119857   7.91800247  77.33151638],
[  8.85244623   4.39138848  77.44168479],
[  7.99931005   9.93777047  77.45049428],
[  9.53091074   3.28569928  77.53028742],
[  8.30783608   9.6529467   77.53712588],
[  8.43945413   4.82195008  77.57978903],
[  5.90239937  10.50794754  77.65942631],
[  8.44356435  10.73251334  77.74152134],
[  2.97841999  14.2990346   77.81247599],
[  8.84522269   6.06919495  77.8430286 ],
[  7.5445664   11.44481739  77.90710904],
[  8.59051754   8.34327337  78.17812516],
[ 10.231973     4.65174433  78.18151015],
[  7.39363676  11.3333561   78.22782778],
[  8.72897371  10.26940329  78.24566201],
[  5.63864683  10.23876913  78.25857341],
[  9.63146983   4.36959086  78.27548406],
[  5.16867062  12.24819284  78.31282338],
[  6.8800124   11.82751268  78.77143769],
[  5.26018599  12.74555928  78.84974036],
[  4.83265269  13.36106329  78.94698766],
[  6.00871063  11.33548845  78.98913828],
[  4.48852486  14.07313654  79.1902479 ],
[  6.09715815  11.28455798  79.53667613],
[  8.59429335  10.41685433  79.56073826],
[  9.07877925   5.66544635  79.65397774],
[  9.76699231   3.52871628  79.78569766],
[  7.35163452  10.75381198  79.79854523],
[  5.69309064  12.83099718  79.84404284],
[  9.69916428   5.09999816  79.8577999 ],
[  7.60749732  10.13554046  80.13789885],
[  8.55502468   5.99419664  80.17510877],
[  9.18880336   5.73964579  80.21201069],
[  9.62021857   3.42897824  80.25348401],
[  5.26438142  10.79034523  80.27349561],
[  8.34361599   8.15892059  80.38686715],
[  8.4716569    4.63631081  80.44392724],
[  9.9440687    6.25268662  80.58283909],
[  8.44766475   7.85806965  80.77777048],
[  3.01866095  12.18456485  80.81875521],
[  6.52183754   9.90475945  80.85642927],
[  6.72666553  12.14990369  80.95672376],
[  9.16450794   9.90441663  80.99734211],
[  8.13747669  10.49159358  81.11749403],
[  5.13627575  13.4287042   81.11997985],
[  7.2018075   10.69289338  81.21244834],
[  5.28586589  12.43267926  81.23956   ],
[  8.61275615   4.61672423  81.4331528 ],
[  8.77459161   7.66097184  81.5921985 ],
[  9.0071134    3.87620157  81.83607387],
[  9.03067883   9.77158646  82.19188573],
[  5.58498547  11.44694609  82.24348314],
[  9.15509671   3.4934187   82.34265706],
[  4.44986637  12.92182722  82.84657133],
[  7.97420286  10.1182231   82.99682508],
[  9.43515916   7.26060396  83.29397973],
[  3.8049115   11.39058816  83.41388632],
[  6.17061269  12.10060767  83.43801788],
[  3.71955823  12.32542786  83.4609659 ],
[  8.48892579   5.02568361  83.49990327],
[  5.92001834  12.04412317  83.51212559],
[  8.27785561   6.58592473  83.62951896],
[  9.56913261   5.39885651  83.67501934],
[  9.23785222   7.9819666   83.7425204 ],
[  3.9609388   12.54910483  83.80782194],
[  9.37152458   6.58289241  83.82509438],
[  6.51506177  12.35758549  83.82665813],
[  8.92877365   2.9914931   83.92065058],
[  5.9260007   12.98260034  84.01297233],
[  8.52041055   6.02610721  84.22218367],
[  3.95315079  12.8762528   84.23840906],
[ 10.2924222    4.88799312  84.25326125],
[  6.09945178  11.54153174  84.36199168],
[  9.36709772   4.51374611  84.51429832],
[  9.28875191   5.95863795  84.54515052],
[  3.19353027  11.9764233   84.57188117],
[  8.3490344    7.70040227  84.58204879],
[  6.7051758   11.74807122  84.62507726],
[ 10.16844018   4.73570863  84.64064644],
[  8.61064136   3.68595935  84.68840906],
[  9.06206166   7.90052452  84.7099245 ],
[  8.70350962  11.05827497  84.71193353],
[  8.92234845   3.55529388  84.71260611],
[  7.46904629  11.07146316  84.89604272],
[  3.45611379  13.64109954  85.01496628],
[  4.61412702  11.60913027  85.10831975],
[  3.75124888  12.37004718  85.29018511],
[  8.55543717   6.28277449  85.3017826 ],
[  5.84511341  12.0571804   85.45599386],
[  7.66467976   9.34269366  85.58131393],
[  8.40113945   5.04415999  85.7199759 ],
[  9.6484524    2.55982818  85.93011381],
[  4.72825062  12.90372229  85.944759  ],
[  8.79041249   5.50860006  85.95609867],
[  9.72527591   8.23155319  85.99658191],
[  6.88203622  10.69070686  86.02950947],
[  8.56268921   3.73176687  86.05109687],
[  6.74758384  12.67520386  86.06879319],
[  9.05879555   3.53076441  86.07935033],
[  3.26221845  11.80296095  86.12762572],
[  8.92590732   3.84151292  86.30395239],
[  7.90094251   9.2081264   86.3083695 ],
[  5.9300356   11.12224901  86.4917378 ],
[  4.7168544   11.18282933  86.5678764 ],
[  7.00208088  12.66700377  86.61474423],
[  6.02651039  11.67616143  86.70930412],
[  7.95886047   9.61384495  86.73873905],
[  4.28887706  11.41413881  86.78372225],
[  4.98230016  13.42009335  86.86242651],
[  4.62325478  13.46112456  87.16492975],
[  9.00069763   4.01205757  87.17128932],
[  6.34207369  12.93619616  87.25994565],
[  5.51416484  10.66705518  87.48957858],
[  6.57837051   9.50475144  87.50350668],
[  9.60317239   8.47968155  87.54661136],
[  9.7769952    4.12131325  87.58017001],
[  7.74163033   9.68571963  87.58534956],
[  7.9067212   11.41981164  87.76300912],
[  9.0273299    7.69698052  87.80292943],
[  3.3028379   12.60539234  87.9092607 ],
[  9.1871083    6.44527846  87.95719164],
[  5.33937497  10.74438803  87.97337532],
[  9.46174297   4.68494029  88.25671736],
[  8.27481071   4.8347107   88.50231938],
[  3.69760229  12.27747571  88.60174476],
[  7.06155728  11.56439713  88.75217392],
[  3.51348441  11.49211664  88.82015068],
[  8.67363073   8.4862823   88.9255133 ],
[  4.69469959  12.09001187  88.99864922],
[  8.3165726    3.84339447  89.1629674 ],
[  6.43713768   9.57886494  89.18517624],
[  2.95886636  12.71832091  89.2265796 ],
[  5.42538654  13.84881555  89.3202237 ],
[  7.89645782   6.22378536  89.40229319],
[  7.5352323    8.77628379  89.45794356],
[  5.46817092  11.67084326  89.49015563],
[  8.68685785   4.01808858  89.49401217],
[  8.07263435  10.28662444  89.52498708],
[  6.78956604   9.85658742  89.6252069 ],
[  7.232578    11.77534253  89.6572199 ],
[  4.54156423  13.32452364  89.73166647],
[  6.48023495   9.76825253  89.82706698],
[  7.50749993   8.79839855  90.15069888],
[  8.25208729  10.53194606  90.18651955],
[  4.83028397  11.67578042  90.21944711],
[  5.94978542  10.34124428  90.22625925],
[  9.9574577    7.21314373  90.34892664],
[  7.7839148    8.0614571   90.37902148],
[  7.28424572  12.53093247  90.4181574 ],
[  9.36009045   9.63482314  90.50587504],
[  6.6407702   10.27458623  90.61809147],
[  2.89225514  13.59103308  90.72004422],
[  7.01949725   9.14005054  90.77228476],
[  4.03352635  12.585708    90.81443501],
[  7.39102117  11.84745184  91.00908253],
[  6.92335117   9.6507491   91.09567735],
[  6.26225236  10.79392038  91.1701327 ],
[  9.90952499   3.09483889  91.20964294],
[  8.48350885   4.69576172  91.71279095],
[  5.45170157  13.78650629  91.78705871],
[  9.34569297   3.28690295  91.92801743],
[  5.18101975  11.62247176  92.02199382],
[  4.96287201  11.26424724  92.03546005],
[  9.54234317   4.4408736   92.12165557],
[  4.42624074  14.04378581  92.23881792],
[  6.48628613  11.73320456  92.40084872],
[  3.43041241  14.5787895   92.44081549],
[  4.96134246  12.38441165  92.87438261],
[  3.7366894   14.01353822  92.95350091],
[  5.79560104  12.12203285  92.97076195],
[  8.92207479   5.82692811  92.98859285],
[  3.84134291  11.60860467  92.98987227],
[  7.8849      10.61646889  93.12269398],
[  8.17989799   7.61614957  93.35840339],
[  8.54056202   8.23295045  93.70100247],
[  8.00832814  10.41838367  93.8216633 ],
[  8.29252124  10.6068505   94.05516442],
[  4.19600384  13.29698624  94.08943579],
[  2.77819221  12.26250103  94.20675433],
[  9.14167506   6.24511137  94.33257554],
[  9.27299976   6.18110004  94.39686724],
[  9.5115372    3.87034504  94.67044919],
[  7.54417659  12.10391112  94.72271026],
[  8.61540412   3.19332098  94.90070143],
[  9.40194304   4.80099058  94.95179994],
[  5.73907555  12.52835254  95.1058028 ],
[  9.75986069   2.70631535  95.10760227],
[ 10.04672266   5.67084565  95.21143027],
[  8.78590961   6.47964844  95.26422309],
[  7.99312444   7.54175911  95.28473095],
[  6.14012779  12.04991357  95.33115484],
[  9.87410162   3.19087098  95.33461283],
[  8.3913328    6.30402625  95.82830868],
[  4.16543392  13.7981166   96.02127598],
[  4.19464954  12.63679227  96.02943969],
[  8.62873439   4.22354691  96.13149248],
[  6.51800794  11.35737877  96.44488376],
[  8.23517034   8.98648559  96.48848403],
[  7.49744514  10.76072159  96.55957924],
[  7.4641081   12.20557928  96.790431  ],
[  3.40003483  13.27342067  96.95050196],
[  7.53174482  11.46128559  97.04362969],
[  9.12142011   3.25002564  97.29237154],
[  3.02782572  12.94521635  97.37175862],
[  7.38237887  11.39534641  97.54161686],
[  6.09879294  10.97771767  97.7529486 ],
[  8.06965094  11.75948976  97.78453075],
[  9.23976273   2.84825846  98.02222909],
[  9.9434035    3.48253173  98.24286723],
[  8.10968773   6.9998936   98.41217324],
[  7.77782686   6.83243384  98.42607043],
[  7.2300813   12.57258292  98.53818878],
[  7.41519427   8.31548768  98.6897016 ],
[  4.55575077  11.06004663  98.71287662],
[  8.19137654   6.2168568   98.73913228],
[  7.58327478   7.56936805  99.10635975],
[  4.84665043  11.62435151  99.21845641],
[  3.93986871  13.37638033  99.26604443],
[  3.24899606  14.65172607  99.3103762 ],
[  7.17038551   9.26100563  99.45477113],
[  8.2738208   10.90228016  99.54361951],
[  8.984777     7.41543695  99.65523421],
[  6.58347528  10.07005751  99.74261209],
[  5.9021873   11.87820498  99.81965849],
[  9.46452712   5.21868944  99.98943146],
