[  6.1026832   11.32561708   0.03362316],
[  4.7150426   11.3498397    0.08889261],
[ 9.19600508  2.82611567  0.25755415],
[  6.39199221  10.24925898   0.40199577],
[ 9.90346312  4.89738835  0.47712883],
[ 9.6290063   5.25687244  0.55646342],
[ 9.63092601  2.73213166  0.57330855],
[  7.78225859  11.87087214   0.70021994],
[  4.85153789  12.03015612   0.8261149 ],
[  6.14545651  13.21287261   0.83019954],
[  3.65075325  13.6418261    0.86642787],
[ 8.6986171   8.80749345  0.89053629],
[  6.71699253  11.41048721   0.92067158],
[ 7.33214068  8.80376932  0.96957116],
[  6.10848281  12.90625596   0.9938892 ],
[  8.28765043  10.53254726   1.16246909],
[  4.35859594  11.412876     1.22257774],
[  6.54611193  11.19859788   1.27813579],
[ 9.56714423  2.42465257  1.3065924 ],
[ 9.41956326  8.85109167  1.40710891],
[  3.11894364  11.66641618   1.46006679],
[  5.90259551  10.22856812   1.48510452],
[ 8.71344824  7.15294298  1.61834807],
[ 9.47737675  5.36695719  1.63161183],
[  5.57982088  11.45893586   1.64706417],
[  4.42041869  12.67204544   1.68550788],
[  4.55048397  11.32990488   1.74034367],
[  6.42524988  11.92803024   1.75003569],
[  7.98857368  11.03599463   1.81974608],
[ 9.0054828   4.2455491   1.98452649],
[ 9.28676237  4.33875796  2.03278849],
[ 8.27297564  9.59230393  2.03517874],
[ 9.65926161  6.83064566  2.10824624],
[  4.61476855  11.59766844   2.42035795],
[  6.03558344  11.49513992   2.50687087],
[ 8.86709471  3.06888401  2.51899683],
[  7.78949078  11.57941287   2.55898882],
[ 8.75355435  6.61980658  2.57875995],
[  7.64759565  10.86830711   2.69339299],
[ 9.46938529  3.93177632  3.06845768],
[  5.80021735  11.62350624   3.23253442],
[  5.35037318  11.17675814   3.30375388],
[ 9.64660955  2.59510417  3.36235146],
[ 7.25302298  9.17508979  3.408996  ],
[  5.26411284  12.09918964   3.51604324],
[  3.0452101   12.81032248   3.55565304],
[  3.90825632  12.55772136   3.83388441],
[ 9.59307083  6.83653218  3.87012342],
[  4.7312135   12.74644706   3.96963754],
[ 9.39862956  4.62109853  3.97329281],
[  2.89433986  14.34512187   4.23853137],
[  4.62055255  10.92875428   4.58962355],
[ 10.23112292   5.6723862    4.6279723 ],
[  4.91868337  13.32427668   4.69600227],
[  5.19553286  12.41592025   4.77713932],
[ 9.48263005  2.72509716  5.00850596],
[ 7.97140873  9.76517999  5.0118579 ],
[ 9.43098346  3.82715163  5.03083425],
[ 8.21168104  8.83873206  5.54386167],
[ 9.86828403  3.6921954   5.56096395],
[ 8.96530755  3.41742037  5.86554002],
[ 6.98775189  9.81680769  5.91621643],
[  4.64885935  12.75222855   6.05723033],
[  3.82856245  12.53982547   6.21277919],
[  2.69966785  11.99298209   6.28738446],
[ 9.86259837  6.35119713  6.38167358],
[  7.47102207  12.10140789   6.42497227],
[  6.22807493  11.05798394   6.42625319],
[ 9.39700243  4.74397927  6.58529975],
[ 8.02312807  7.77845886  6.61913036],
[  3.1912942   11.86503761   6.7131935 ],
[ 8.65264554  3.15539494  6.71755574],
[ 7.68854257  7.96099316  6.924203  ],
[  6.96961336  10.83157965   6.96256296],
[ 8.28193421  4.45282129  7.05671983],
[  7.90790831  10.67293959   7.13751634],
[  8.72782834  10.24421379   7.25857242],
[ 8.23819595  7.83216715  7.32942267],
[ 8.17367398  9.54422672  7.43426973],
[  3.91857388  12.08027924   7.47086957],
[ 7.15085938  9.41726577  7.48697831],
[ 8.24451037  6.70418316  7.50446408],
[  4.43841478  12.652593     7.50673298],
[ 7.57952677  9.97918984  7.53122664],
[ 9.83949084  5.46983996  7.65716661],
[  4.10955302  12.42106273   7.77298004],
[ 8.70398306  3.8845872   7.79014149],
[ 8.25032827  6.03780845  7.87659007],
[ 6.52221776  9.48881906  7.8872319 ],
[  8.65363777  10.95652029   7.9808216 ],
[ 10.18967101   4.79319994   8.12753031],
[  4.45835048  11.03474616   8.19948991],
[  6.39925543  10.33223521   8.28029825],
[  7.67685651  10.6630172    8.29198495],
[ 8.73119105  4.9081474   8.39944264],
[ 7.80364972  7.81918499  8.68928689],
[  6.53074582  12.78027277   8.81271203],
[  6.84568588  12.66644164   8.97336779],
[  4.08052557  12.78201199   9.05836264],
[  3.21861072  12.03575165   9.08463961],
[  5.07798962  13.93670566   9.13418241],
[  3.89959971  11.86409428   9.20252312],
[  7.92458819  11.60495162   9.37714797],
[  3.49667987  11.52570217   9.44614083],
[ 8.27495873  3.84748436  9.7164251 ],
[ 8.40217356  4.90401132  9.92752722],
[  4.81861282  12.40739695   9.99253405],
[  8.26658366   6.16648196  10.00807374],
[  6.64823768  12.78547843  10.08333619],
[  9.59610118   7.35292293  10.11681421],
[  4.99412055  12.95230545  10.15920031],
[  8.60704617   9.61303216  10.28272424],
[  8.60618031   6.14381577  10.37096594],
[  6.74360985  12.1642862   10.40178779],
[  9.4638788    5.84101643  10.80134027],
[  9.32410524   4.08211978  10.80731735],
[  9.16966986   5.28256679  10.8403203 ],
[  4.05063679  11.52336844  10.97330412],
[  8.35022379   6.67307722  10.98787903],
[  8.47659016  10.77445942  11.00450485],
[  5.49324141  10.83647906  11.10360922],
[  7.77456641   7.64596773  11.13989193],
[  5.15483228  11.53588214  11.28318107],
[  9.35206155   3.89099892  11.37797054],
[  3.65738553  12.2003484   11.41070644],
[  6.73945312  12.70359009  11.47133287],
[  3.59805751  14.46327992  11.85829487],
[  8.52154825   4.3316471   11.97820555],
[  5.37132133  13.08375617  12.01863046],
[  6.09639191  11.12278733  12.08977511],
[  7.91451829  10.73136959  12.09942822],
[ 10.33081796   4.45467864  12.24738315],
[  9.40372141   8.62740257  12.33549844],
[  4.17177148  11.30222222  12.54173865],
[  6.26092239  10.17239964  12.69054342],
[ 10.0360153    5.62165009  12.71648498],
[  4.83446935  11.51313059  12.83500589],
[  7.01200267  12.64829457  12.93655735],
[  8.29084256   8.46689712  12.98553107],
[  2.6947014   13.23232158  13.14334363],
[  5.29412317  11.58299182  13.19438118],
[  9.04816537   4.67880453  13.29858262],
[  4.00536879  11.55473229  13.33229225],
[  7.78753533  12.11954446  13.37897789],
[  4.45660941  12.4856743   13.39612583],
[  9.11739296   9.4464958   13.65361397],
[  8.26239333   3.76164934  13.66763254],
[  6.87290055  12.79618189  13.73167789],
[  8.67297161   3.68628017  13.7490423 ],
[  8.00282108   6.80393162  13.78695383],
[ 10.08256383   6.2446496   13.92123426],
[  6.35634832  10.53350272  13.94526035],
[  9.42868524   7.42064225  14.06455419],
[  5.26361739  12.58781995  14.10105564],
[  5.27733286  13.40021434  14.14518862],
[  8.02334211   6.06330223  14.25320471],
[  8.19396725  11.60997463  14.36022571],
[  8.4845712    3.76238151  14.37272075],
[  8.63898385  10.87671531  14.40969802],
[  8.28706549   6.15701467  14.45040603],
[  6.5077974   10.19884471  14.51467653],
[  8.61862212   9.21870274  14.59760917],
[  9.55065028   6.42232727  14.69014353],
[  6.86555722  10.47375704  14.95108752],
[  5.20090179  11.18308017  15.28049089],
[  8.84343363   5.89879744  15.40502494],
[  8.76769473  10.05814011  15.50231263],
[  3.28051826  13.58915946  15.73597333],
[  6.78410056  11.34570404  15.83208042],
[  9.55978336   8.90535101  16.25060128],
[  8.60753429   9.43968345  16.26678792],
[  3.29666595  12.56496806  16.35741115],
[  7.18092132  12.65633091  16.4115197 ],
[  4.3312172   13.75870657  16.60377705],
[  6.55561862  10.15045462  16.65136226],
[  5.93741016  10.75281611  16.6513823 ],
[  7.98125999   7.33641554  16.8266751 ],
[  9.33447768   4.5840378   16.89767578],
[  4.55056385  11.05252797  16.91852525],
[  8.06385047  11.56698607  17.0780126 ],
[  8.10113861   5.9119905   17.22790423],
[  8.36767972   6.19548729  17.24401346],
[  3.56335718  12.88916551  17.46368845],
[  4.7881756   11.7828923   17.53491991],
[  6.42602307  11.01388713  17.57759028],
[  5.88016038  13.19315737  17.60481043],
[  7.02412739  12.53179138  17.76372754],
[  3.36962235  12.63238677  17.9430425 ],
[  8.01447577   5.82233209  18.12239494],
[  8.10514484  10.95997328  18.20016113],
[  4.59248607  13.08653141  18.28356752],
[  7.93031567  10.44860507  18.33042908],
[  4.50724505  11.0254174   18.45572055],
[  8.38925641   3.75063484  18.54589289],
[  2.93246645  12.34705323  18.57932166],
[  7.91367627   8.12695016  18.60283356],
[  5.10190623  13.3504316   18.61166537],
[  3.58580112  14.24697608  18.75913799],
[  8.17487699   6.97709545  18.78676883],
[  8.54031334  10.59006376  18.83754966],
[  3.75724417  13.20407255  18.95393091],
[  9.12106784   8.81627664  18.98908575],
[  7.78523317  10.27382578  19.02240236],
[  8.46419143  10.41278623  19.29100548],
[  9.66180546   7.74689946  19.29677494],
[  4.96553776  11.07751924  19.41742191],
[  6.20994151   9.958046    19.53286236],
[  8.31618436   3.98227191  19.59066261],
[  7.66103141   9.71593284  19.63716534],
[  5.58622253  11.04569056  19.91654267],
[  2.59252584  12.22309555  20.02489917],
[  8.60101566   5.43578462  20.0532858 ],
[  8.74391232   8.40955493  20.16827344],
[  8.99616572   3.26907431  20.18229997],
[  4.81452512  11.39982669  20.24675787],
[  9.4572096    2.97813927  20.37006561],
[  3.39106096  11.58637797  20.38074165],
[  6.28930592  10.15990425  20.38495404],
[  8.49652988   7.7223148   20.40401992],
[  6.17138377  11.14422739  20.6095178 ],
[  9.50832882   4.30791079  20.61602153],
[  9.20683876   4.84548415  20.80633242],
[  5.21163634  11.74652741  20.87228097],
[  5.33239891  12.58473166  20.87245244],
[  8.58664808   6.57252576  20.89052381],
[  6.8919773   10.98775937  20.9191922 ],
[  8.92434538   4.7174156   20.93166787],
[  6.58424867  10.87403422  21.09006542],
[  8.50932364  11.07207127  21.30064653],
[  6.3196456   13.37275908  21.36273596],
[  8.33824293   5.86994332  21.37619052],
[  8.93316831   3.38733356  21.51870554],
[  4.54421155  12.11298042  21.5392075 ],
[  8.23068259  10.83481542  21.59917469],
[  5.64076204  11.0361946   21.65299203],
[  6.98049921  11.66788549  21.65834586],
[  9.24917321   2.86031164  21.83616189],
[  8.69402623   3.62237378  21.96302983],
[  8.15664785   7.04675593  22.00455529],
[  6.22296194  11.15792564  22.09978964],
[  5.53857988  12.87207899  22.30527451],
[  8.66787588   8.10999049  22.32240842],
[  5.30361499  10.54238451  22.33861972],
[  4.5424302   13.26055734  22.35006193],
[  8.41061736   4.68307833  22.36274152],
[  7.77777625   9.63728338  22.37180358],
[ 10.0969689    3.63291927  22.42801452],
[  6.77825611  12.20542241  22.57816216],
[  9.16519251   5.71711271  22.68318925],
[  9.25156231   2.83950965  22.72875812],
[  4.66275738  11.47579723  22.76636835],
[  8.84864913   4.17958003  22.83575672],
[  4.49367341  13.5175246   23.00206582],
[ 10.05758215   5.04953364  23.08289656],
[  9.97027527   7.13688104  23.24200087],
[  7.08980323  11.56191996  23.53622501],
[  4.40736539  11.47757957  23.68802379],
[  8.3219941    5.84454887  24.1038496 ],
[  9.36817441   2.60324587  24.41163428],
[  9.33201604   8.37964681  24.42784402],
[  8.46288014   6.60791487  24.50291479],
[  5.52747336  11.58543748  24.50633298],
[  9.87251241   4.7076837   24.51311053],
[  3.00982966  13.10906242  24.74471831],
[  3.88048384  14.13814618  24.7473059 ],
[  9.66371532   5.08046425  24.87374098],
[  5.71745421  11.08594557  25.02387728],
[  6.78418133  12.92556156  25.05124338],
[  9.24411777   9.7269217   25.05509879],
[  8.97616082   5.61995034  25.09927909],
[  9.71615848   3.75493609  25.22722272],
[  9.00587378   7.97086865  25.24207228],
[  8.79983483   7.6709252   25.37339255],
[  3.24735541  13.16553683  25.39204947],
[  7.67659639  10.73050607  25.56204638],
[  7.90632057  10.37027513  25.56603655],
[  7.59337332   8.81308551  25.89995189],
[  6.626416    12.46064273  25.96715737],
[  6.99655698   9.03871859  25.99476408],
[  8.34723069   3.71172519  26.1573402 ],
[  3.15415417  12.13667573  26.26626712],
[  6.12842952  12.53926106  26.37184755],
[  8.61869131   4.14140204  26.5037912 ],
[  8.4136737    5.29850893  26.53831051],
[  7.844746     7.39598728  26.57399689],
[  3.44011597  13.19253082  26.5985742 ],
[  6.912494     9.23865697  26.68592416],
[  8.71595254   4.96727209  26.68685428],
[  9.23124115   6.86554202  26.78135415],
[ 10.18455387   5.49052574  26.94642257],
[  4.05869957  11.79363297  27.03303709],
[  7.41113425   9.22910911  27.1740765 ],
[ 10.24066174   4.14246515  27.3296823 ],
[  8.42068141   5.00596551  27.37433927],
[  9.24521606   4.10594997  27.69918459],
[  9.2413409    4.4460649   28.03022894],
[  3.34037364  12.11009595  28.2389908 ],
[  4.64502759  12.70193773  28.42243115],
[  9.54796035   6.09315413  28.46294774],
[  3.67177862  13.32669078  28.54706635],
[  6.70723148  11.5759155   28.55148657],
[  2.6320991   12.07700544  28.64345072],
[  8.62834289   4.11104527  28.89712513],
[ 10.15143359   6.29289547  28.8985296 ],
[  9.47713763   3.72805242  29.33609181],
[  8.57889812   7.39726799  29.43336141],
[  8.76155256   4.60379315  29.46723183],
[  8.38663206   6.72711142  29.55649993],
[  4.38956283  12.80491846  29.57522537],
[  7.17038749  10.73238224  29.61131188],
[  3.77563741  12.94904958  29.88093556],
[  8.64671809   4.82186266  30.02837951],
[  6.77654881  11.16278811  30.04121717],
[  9.20175726   5.00992812  30.08784592],
[  4.66335033  11.01819555  30.11025289],
[  9.03692896   3.54953499  30.15401147],
[  8.25235739  11.47851717  30.17074322],
[  6.53681127  12.554128    30.2404974 ],
[  3.22731182  13.71875984  30.30863123],
[  9.27427878   6.84880631  30.45576482],
[  6.56367353  12.18560829  30.47214073],
[  7.20775019   8.68569625  30.47921567],
[  3.28233583  12.46169837  30.5212191 ],
[  2.78258592  12.8276188   30.54235283],
[  9.40127332   3.22631839  30.58292137],
[  4.47504757  12.88127755  30.72460691],
[  8.35848442   9.19888109  30.92048178],
[  8.81038903   3.00352872  30.9617344 ],
[  2.84149147  11.56920229  31.0366642 ],
[  4.30489026  12.05564974  31.06530144],
[  8.97158609   6.06155409  31.14885619],
[  6.87622574   9.25970808  31.38669891],
[  9.53494306   4.90327055  31.5566304 ],
[  8.70252024   6.81301989  31.5861248 ],
[  8.69685859   3.26886715  31.63733936],
[  9.37276486   2.66829556  31.69327014],
[  4.94544206  11.3955382   31.8464305 ],
[  6.71383183  11.14834239  32.05480183],
[  8.92872036   6.83088641  32.22831552],
[  5.24920252  13.33695476  32.49381117],
[  9.62352679   6.05357193  32.75045334],
[  7.27903294  12.24183386  32.79459295],
[  4.1799684   13.71420443  32.87023783],
[  6.79565447  10.7070223   33.12066272],
[  8.46748443   4.08606462  33.12326424],
[  9.56637945   2.75591797  33.33291082],
[  3.98447926  11.30549454  33.68847535],
[  9.07537556   6.05771518  33.84298322],
[  2.9704794   13.16171618  33.90398718],
[  5.12598252  12.01627451  34.2168525 ],
[  4.68677897  12.44376512  34.37767092],
[  9.15148054   7.88734852  34.46953112],
[  6.19419593  11.47481206  34.47395178],
[  4.89238566  12.33650095  34.5236156 ],
[  7.94382994   9.28023453  34.60256726],
[  6.11288614  11.5681982   34.91184197],
[  2.96821435  14.79701228  35.09249027],
[  5.37100658  13.77703096  35.44512913],
[  3.18562216  14.39615179  35.85220624],
[  8.12424207  11.00419795  35.86929864],
[  5.58975315  11.06017125  35.89926996],
[  4.67607061  13.98377694  35.97984555],
[  7.83601483   6.87811079  36.11121065],
[  8.01952119   9.49035865  36.17242865],
[  7.89833328  12.04346115  36.27135257],
[  8.11323702   9.47454828  36.36500019],
[  9.59985383   8.73787294  36.50626413],
[  3.75863169  12.73625298  36.55600916],
[  7.14212618   9.4223445   36.68218206],
[  2.53193725  12.20115874  36.82712754],
[  4.76121071  10.96465448  36.89572105],
[  7.21338742   9.07575008  37.14563796],
[  2.6111033   12.61000628  37.26472774],
[  2.68822151  12.74869423  37.27495742],
[  8.87167057   5.39968471  37.33302821],
[  5.31285374  11.33881998  37.37416837],
[  5.69456589  13.12163654  37.56888607],
[  5.44455454  12.10045368  37.87598992],
[  2.9196988   12.3731988   37.88972556],
[  8.18684619  10.03267431  38.05767918],
[  6.98121112  10.41274969  38.15538319],
[  3.91564018  11.93828262  38.65045525],
[  6.5844389   10.15173141  39.08600272],
[  8.50816307   8.90808868  39.10939485],
[  7.49825761  11.76626557  39.21931644],
[  9.3058928    3.37513355  39.56790353],
[  6.0577549   10.57679243  39.62840688],
[  4.19491176  11.11017964  39.69242402],
[  2.6124209   11.70322609  39.86229336],
[  8.19062934  10.7653195   39.86316577],
[  5.33171312  11.21923209  39.9336945 ],
[  6.58412939  10.53425579  39.93982297],
[  8.88354036  10.03731457  40.05822658],
[  6.62225529  10.85254421  40.11881713],
[  5.58936876  11.4132964   40.3282398 ],
[  7.913803     7.50061501  40.33675856],
[  7.09082977   9.57105188  40.60152667],
[  8.42596873   9.04246018  40.60556287],
[  3.56657696  12.5348862   40.6690306 ],
[  5.7436394   11.5384933   40.69704639],
[  6.63519378   9.9935986   40.75791252],
[  9.42164406   4.72167082  40.8443342 ],
[  4.9633231   11.95529523  40.86496875],
[  9.72615805   4.24744614  40.97781212],
[  8.99825466   4.19313797  41.13093464],
[  9.92717835   6.58430245  41.15280029],
[  8.52504816   7.89516606  41.287506  ],
[  8.20246629  10.91889148  41.37904786],
[  7.60410984  11.97217797  41.60423461],
[  9.96687014   4.18254565  41.90190013],
[  7.92858666   9.56213859  42.12725058],
[  8.46436833   5.27220483  42.13831575],
[  7.60995705  11.33040136  42.14566027],
[  6.57145709  11.15424387  42.16361799],
[  7.80479006  11.0413111   42.37235864],
[  7.70571344  11.96671634  42.48981015],
[  6.6643365   10.25707379  42.63693959],
[  7.40471871   9.30711281  42.64219749],
[  9.31984079   4.13891504  42.70554086],
[  8.91759732   4.95764392  42.78658316],
[  8.56412336   4.65807236  42.99395583],
[  9.85293805   6.00137992  43.05507478],
[  9.28797527   4.25100216  43.06297156],
[  7.10381133   9.53664071  43.38474168],
[  6.21772866  11.39731261  43.55750121],
[  7.20528468  11.92470051  43.57681985],
[  9.32330146   7.01986151  43.64448637],
[  3.02008766  12.60850402  43.6826942 ],
[  6.69474885  12.78971882  43.7152282 ],
[  8.18264084  11.23814164  43.79725779],
[  9.66316489   3.23828413  43.93194966],
[  9.01022904  10.48360307  44.0606    ],
[  8.31536594  10.61182805  44.29363818],
[  8.50438449   9.86344434  44.3647313 ],
[  2.90727803  12.11095429  44.41268383],
[  8.86359707   9.02396068  44.65841829],
[  9.75962528   6.51457391  44.75724984],
[  6.36527614  10.33355743  44.78140275],
[  8.33794444   4.33407465  44.81209534],
[  4.75824314  12.7409394   44.91232668],
[  9.2219205    5.25458686  44.95508555],
[  6.16011344  10.19214402  44.99316621],
[  2.68363723  12.63086765  45.12264045],
[  3.01135468  13.5181634   45.22901293],
[  3.19532146  13.85686508  45.33120961],
[  9.2435833    3.20202144  45.44742919],
[  3.11663496  11.55724873  45.96401207],
[  9.90933386   5.55945582  45.97136963],
[  3.59466157  12.89541652  46.03929194],
[  7.90429043  12.0424946   46.08103837],
[  5.28130876  10.52406272  46.16012376],
[  8.69703879   4.13052983  46.49056304],
[  6.80334097  12.81402788  46.72649057],
[  8.96336544   5.56824866  46.7310999 ],
[  8.86699328  10.14561511  46.73155651],
[  4.67172787  12.03471468  46.78419615],
[  3.36922596  14.11387593  46.87808078],
[  9.3337617    5.46926537  46.89720104],
[  4.67759893  13.61378496  47.06918629],
[  5.60649819  10.6001141   47.07959321],
[  3.40720261  11.39346236  47.09227801],
[  4.69039269  12.69153213  47.20133301],
[  8.41103855   6.10931545  47.21718579],
[  2.96245985  14.3740899   47.24015036],
[  6.73568824  10.01830857  47.33014875],
[  4.90611693  13.82417835  47.39894035],
[  9.68370911   3.09570153  47.50151174],
[ 10.2596159    5.49049675  47.73815953],
[  3.60372461  14.5146271   47.77456868],
[  2.74683414  12.20183245  47.79952177],
[  6.26309769  12.40556316  47.8460465 ],
[  9.29745522   6.32541642  47.84997893],
[  7.64102584   8.4127718   47.88037473],
[  5.46025326  11.07918098  48.11377965],
[  8.7104481    4.19117392  48.17374456],
[  9.09087078   4.01453207  48.17486709],
[  2.96633974  13.23895212  48.3262245 ],
[  8.88447541   5.4981465   48.41107669],
[  3.32051206  11.85496722  48.43418359],
[  3.57511374  12.08093678  48.74834472],
[  9.67997445   3.0915938   48.855951  ],
[  6.90045638  11.36544819  48.89062136],
[  9.58048131   4.92273576  48.98654138],
[  9.18322469   7.72392903  49.04815859],
[  3.1547133   12.86638238  49.07419063],
[  3.01525148  14.44511795  49.12878206],
[  8.49595622   5.39029607  49.32258299],
[  6.24511872  11.43567132  49.59944211],
[ 10.00790621   6.00462121  49.78105174],
[  8.72573808   3.63323606  49.81024724],
[  6.17896019  10.33481457  49.82642295],
[  8.22446233   7.83142926  49.92452584],
[  6.33621495   9.81893595  49.92977711],
[  9.09588955   5.32309216  50.02036931],
[  7.97183846   8.30471908  50.14730682],
[  4.75446549  13.32367909  50.32503698],
[  7.83760577  10.48939289  50.35491055],
[  2.876287    12.50521152  50.44772523],
[  7.85959309  11.10587945  50.56774702],
[  8.63954923   6.76803071  50.70067723],
[  8.49119669   9.76188609  50.97762708],
[  7.53241025  10.36467318  51.01829331],
[  8.89342656   5.82853742  51.20530747],
[  4.79462602  14.07258962  51.29560739],
[  5.37372965  11.16249911  51.47503482],
[  7.6871559   11.92433515  51.51029893],
[  8.02264473   6.35171785  51.52649343],
[  8.62867307   3.47243545  51.53832374],
[  2.94249285  14.80179712  51.67989656],
[ 10.05214485   5.77836123  51.68881502],
[  8.12594695  11.65817915  51.80708904],
[  3.75100894  13.27387188  51.96419218],
[  5.08080543  13.86089481  52.00268649],
[  9.71919555   2.9594178   52.06939225],
[  9.8085798    6.16683248  52.30317257],
[  4.81937654  14.01566284  52.57231652],
[  4.23775674  13.13117894  52.63409581],
[  5.04417215  11.48634411  52.80623002],
[  9.84139882   7.96539013  52.82137008],
[  5.80811276  13.61747982  52.86140403],
[  8.50923587   6.46559226  53.18052288],
[  6.19656099  11.96356312  53.21020097],
[  7.85598375   9.55153413  53.4431061 ],
[  9.29878344   4.51338188  53.47761513],
[  9.21613543   2.98878752  53.48379028],
[  5.25981606  11.68763146  53.51282754],
[  9.34693598   3.66576896  53.65586677],
[  7.19892849  12.45758125  53.73456103],
[  5.23823629  12.57094591  53.94542847],
[  9.37664985   8.02138462  54.04417072],
[  8.25656274   5.08483469  54.31566741],
[  4.47412925  11.42618024  54.38358481],
[  7.5482503    9.55824336  54.46062577],
[  3.41562827  13.35270645  54.61552043],
[  8.86120436   5.59124388  54.73214391],
[  9.05293995   5.12877391  54.74353957],
[  9.49316376   3.20835993  54.89983282],
[  6.15994734  10.85014179  54.94256602],
[  7.47631582   9.61704137  54.95972737],
[  3.99380893  11.74863459  55.10988907],
[  9.12764353   7.58726094  55.35341292],
[  6.53924235  12.11123344  55.56709627],
[  4.15596964  11.0908906   55.57401474],
[  7.46353962  11.1487007   55.59241594],
[  4.58928082  12.6485857   55.61995323],
[  7.40686266  10.68944978  55.71368432],
[  8.01659213   6.75195     56.18027081],
[  5.73734181  12.28414873  56.27851724],
[  3.23753293  14.38094419  56.41350808],
[  9.40208617   2.92697545  56.45817819],
[  7.67364394  11.38145778  56.55124146],
[  9.3250901    3.69369246  56.58760878],
[  8.06863276  10.30840674  56.61386953],
[  8.31457581  10.86451506  56.7897898 ],
[  7.5288118    9.57176161  56.89739571],
[  5.90912539  11.69122766  57.1734553 ],
[  3.38403934  11.60462349  57.23031407],
[  8.88988179   9.94428981  57.24439604],
[  7.74397874  11.43372756  57.30165967],
[  8.79824536   4.44941024  57.46354469],
[  8.19338642   5.08779729  57.59378283],
[  3.53459807  12.08971438  57.63911616],
[  5.45855106  12.14312765  57.78978012],
[  4.01650747  11.66799218  57.90220738],
[  8.83207607  10.57348468  57.91001808],
[  6.57117467  11.39320613  57.93195692],
[  5.3036715   10.80929986  57.95925604],
[  5.09781641  11.24387996  57.99391225],
[  9.22303001   3.1600127   58.19933039],
[  9.51881365   7.27578817  58.20036229],
[  8.99577816   3.07103723  58.25619786],
[  3.64700394  13.42520153  58.26477867],
[  6.94796523  10.64669078  58.41821003],
[  5.74333902  13.54154492  58.44513906],
[  5.22180737  13.64729081  58.58698878],
[  8.02495299   6.21816934  58.61913663],
[  9.03496458   6.91246686  58.62629269],
[  3.5503726   13.54821534  58.65874642],
[  7.08814281   9.91422494  58.66874009],
[  3.13622073  13.41639906  58.6731481 ],
[  4.17102807  12.9844001   58.78564649],
[  7.24803379  12.08571714  58.80187634],
[  9.51259971   3.98634512  58.82656732],
[  4.5223069   13.11244405  58.9764432 ],
[  9.00928505   9.15577973  58.99165395],
[  9.56511182   6.67214481  59.0584753 ],
[  5.46796924  11.6408272   59.08214536],
[  7.04561685  10.0269527   59.11493724],
[  5.52286817  11.71795698  59.12842555],
[  6.98683659  12.67627061  59.18295068],
[  9.73964137   6.48860002  59.30537636],
[  6.96980048  11.7632809   59.50293277],
[  2.74196643  13.41162849  59.57004988],
[  6.52173861   9.79717917  59.64703516],
[  6.01749599  10.38087801  59.9694327 ],
[  9.03882889   4.95909761  59.98344878],
[  8.61495591   7.04913443  60.23498458],
[  8.35822219   3.64389221  60.3508892 ],
[  4.99095866  10.90650671  60.41791271],
[  5.32393581  10.62465301  60.47828427],
[  7.12796271  10.94562362  60.58799915],
[  3.56022121  13.6735542   60.72725679],
[ 10.03550514   5.37941624  60.74749766],
[  5.12455839  13.22029042  61.36963089],
[  8.55739748   5.09223852  61.47980814],
[  8.07676492   5.96071067  61.49200445],
[  5.08551365  12.87536116  61.77775441],
[  5.46281052  11.99345849  61.783454  ],
[  3.16198353  14.27314562  61.78685446],
[  4.99747069  12.05392896  61.9465533 ],
[  3.92008883  12.37052483  61.97967844],
[  9.42143735   5.50276733  62.12707922],
[  8.1226584   10.30121507  62.13506166],
[  9.94946365   3.44848176  62.26553217],
[  6.63033886   9.72947221  62.33057386],
[  5.91302453  11.65120077  62.36561832],
[  4.07008331  11.84989946  62.43041395],
[  3.15355983  12.88977593  62.52609463],
[  8.74992379   5.53717847  62.53124713],
[  9.61065518   4.49362348  62.65527535],
[  8.23195252   6.3104403   62.70248963],
[  9.73097829   4.79762316  62.74050504],
[  8.06433795   5.84783892  62.95634816],
[  7.82481212   8.54638085  62.96684565],
[  8.98304486   8.16235937  63.07323295],
[  8.96603146   3.98632522  63.18920675],
[  8.8687772    9.49046365  63.410978  ],
[  9.23900785   7.75800491  63.41151201],
[  9.04255524   3.67664589  63.45666348],
[  6.34842723  10.78482893  63.62030491],
[  4.91550782  10.88867405  63.69499554],
[  8.79413619   8.16669701  63.75329704],
[  5.17239631  13.39380523  63.75871196],
[  7.52232652   8.11688722  63.83908942],
[  8.79144783  10.28301201  63.85926321],
[  4.61292499  11.48891163  63.8652728 ],
[  4.81780949  12.85625314  63.97310076],
[  9.55809006   4.54845729  64.00526678],
[  9.19160209   3.49413749  64.03374485],
[  8.95283706   5.47064323  64.0519412 ],
[  9.24666872   4.86235467  64.27516182],
[  9.40716431   5.59142538  64.29179478],
[  2.8480812   11.94380457  64.36753213],
[  7.43191938  11.64549731  64.5162022 ],
[  6.41090672  10.41050918  64.58053778],
[  9.37505489   5.76029335  64.64385788],
[  8.4117038   10.30509066  64.69784988],
[  4.1817609   13.43579218  64.77918938],
[  8.88596223  10.26870285  64.85432081],
[  6.30299643  10.17832705  64.89816871],
[  8.67589006  11.00964067  64.91343914],
[  2.88818948  11.93155264  65.04224391],
[  4.84444485  12.28540528  65.05686134],
[  2.84976877  14.28437696  65.10293308],
[  9.17856254   6.01310326  65.10777867],
[  9.45754838   7.6296614   65.13318027],
[  4.58419398  12.58056842  65.15457681],
[  6.19630665  12.08634428  65.33563397],
[  2.82907686  13.37758007  65.56963938],
[  7.53891577   8.84267627  65.59615463],
[  7.06072801   9.61070873  65.62834709],
[  9.72590062   3.67602624  65.69739352],
[  2.89276982  12.4561974   65.71868369],
[  2.88630916  13.85323041  65.7319961 ],
[  8.0171153   10.01976623  65.85345846],
[  7.54217538  12.2421669   65.94826939],
[ 10.16193645   4.18696168  66.0550784 ],
[  7.09134964  12.04095663  66.19050459],
[  3.08308121  11.73561074  66.35282114],
[  9.88836091   5.1485542   66.4181923 ],
[  4.58896608  12.80789965  66.79502536],
[  7.98113086   6.39579772  66.95924745],
[  9.89391528   4.66333729  66.99112236],
[  8.50926395   5.96775575  66.99932042],
[  5.77776475  13.65107705  67.45583678],
[  7.79970701  12.02093921  67.50941741],
[  4.74474438  13.77501768  67.54330588],
[  6.79623445  12.19991147  67.70964896],
[  3.89522801  14.1684669   67.81467595],
[  5.40457845  10.75421106  67.84999786],
[  4.477178    11.37445708  67.89308498],
[  4.43158257  12.53834665  68.05252418],
[  5.83271067  12.76219948  68.1536035 ],
[  4.83575857  12.48779186  68.18740961],
[  6.34701134  12.06174549  68.20685237],
[  6.23378727  10.37053916  68.59213767],
[  3.46913115  11.41461762  68.84634089],
[  6.84791125  11.59710272  68.8792669 ],
[  9.01992685   9.19653801  68.93101749],
[  9.13517372   6.22887233  68.94338909],
[  8.15514273   5.32679327  69.13107107],
[  6.63337953   9.37303645  69.24666928],
[  9.97220898   6.75946116  69.43199641],
[  9.20140724   4.70850343  69.47272081],
[  5.59340574  12.11668175  69.47311915],
[  5.44343463  11.12182524  69.51210511],
[  7.41749006   9.12529914  69.57274915],
[  8.88109078   6.87513668  69.60203164],
[  7.53660804  10.51176213  69.93491168],
[  6.52332071  11.17868663  69.94284713],
[  2.53894676  12.02137946  70.08002784],
[  6.08949965  13.46572396  70.19312617],
[  6.96199907   9.9763995   70.44457578],
[  8.40171262  10.5104187   70.56842465],
[  4.54396103  12.41730689  70.6601761 ],
[  6.91386192   9.34318631  70.69014639],
[  3.43440409  13.14349192  70.9175544 ],
[  5.9502487   13.40336558  70.94688233],
[  3.0811584   14.65379008  71.20498696],
[  8.15605878   6.39443712  71.24130716],
[  7.86411073   9.0795059   71.44595994],
[  7.03380818  10.80658619  71.49752902],
[  5.49718341  12.42165113  71.65805131],
[  6.16465051  10.35878002  71.70644936],
[  8.86307001   5.89599917  71.77632312],
[  6.12551809  13.08290342  71.80635664],
[  5.92662236  11.03704678  71.86656767],
[  8.90660958   6.69262752  71.91664838],
[  6.65405261  10.00839845  71.9206962 ],
[  6.62201268  11.05431615  72.02308333],
[  8.39661282   6.08498889  72.06836207],
[  4.96467958  13.39410828  72.13848236],
[  2.81319354  11.61577693  72.16507285],
[  8.88126076   4.36986549  72.22305128],
[  4.61562555  11.32805444  72.26904672],
[  3.8921389   12.34094421  72.46338938],
[  5.15978374  10.7092004   72.7034752 ],
[  5.64847345  10.27551007  72.75763642],
[  3.26127345  13.80762779  72.79612667],
[  8.86715464   3.91613173  72.82996324],
[  3.77899196  11.55010509  73.13781574],
[  7.47586944  10.95162303  73.1481446 ],
[  7.89210329  10.77152058  73.2059354 ],
[  6.63000668  10.16904883  73.22508395],
[ 10.06071132   7.03235541  73.51335841],
[  3.25365732  13.26194476  73.65779092],
[  4.69927415  11.49901372  73.74665528],
[  3.51712442  11.35888397  73.76553515],
[  5.11360598  12.4660337   74.06357911],
[  9.9509224    5.3791025   74.14668863],
[  7.18514377   8.78404935  74.14885642],
[  9.83150303   5.43524963  74.168283  ],
[  8.55619782   4.94936161  74.26188788],
[  8.71110611   3.07742027  74.39174549],
[  5.24363536  11.30362755  74.59941481],
[  7.8429145    7.96384117  74.65580468],
[  9.04171369   4.4328312   74.77597001],
[  8.92053524   7.84999607  74.84107435],
[  3.93966975  12.02908912  74.87909806],
[  8.98950914   4.83684662  74.88941839],
[  2.95372422  12.51422929  74.9155006 ],
[  7.8398038    8.76349519  74.97816136],
[  9.24342066   4.1133202   74.98787274],
[  7.15994938   9.61055373  75.0175452 ],
[  9.05004551   3.04673439  75.05018747],
[  5.94895954  11.26829641  75.16079748],
[  8.7633902    4.9431286   75.31160514],
[  2.74610681  11.69760583  75.3170747 ],
[  5.64471248  13.23146255  75.37229528],
[  6.69482986  12.50845798  75.48539746],
[  8.33474803   9.43358587  75.56772502],
[  5.41069285  11.68451618  75.63610309],
[  4.86070771  13.48429965  75.65307358],
[  6.99413026   9.91676565  75.72007754],
[  9.36349305   9.02563806  75.86470482],
[  9.840268     6.23073219  76.16950038],
[  8.70134661   6.34883191  76.20513072],
[  9.05197013   9.13188665  76.32060478],
[  3.95432921  11.906753    76.67805734],
[  9.30439675   7.15319277  76.74289805],
[  3.53880714  13.44269173  76.92802587],
[  8.32693706   4.63124002  77.09911512],
[  8.40587156   3.79786496  77.16950173],
[  9.61899222   2.95852802  77.17034841],
[  8.79311186   7.01324196  77.24513806],
[  7.40702069   9.0668527   77.26041889],
[  9.34787246   3.91517665  77.43802988],
[  8.85954849   3.18284299  77.51830128],
[  8.40587364   4.91276261  77.59149852],
[  7.98042693   6.78351059  77.6114487 ],
[  5.53872896  12.96551555  77.66672099],
[  4.64331339  12.67027086  77.72143594],
[  6.63375943  11.96878997  77.73960436],
[  9.48654995   3.66462645  77.78904267],
[  4.81249547  12.96624603  77.84887213],
[  8.42513643   3.59340467  77.85968811],
[  5.63237874  11.89825464  77.9166457 ],
[  8.22141078  10.50906856  78.05299818],
[  5.63302376  13.62049286  78.10306489],
[  4.70619976  13.20492971  78.17753271],
[  4.76934917  13.65244683  78.23001342],
[  9.08214683   8.93972971  78.32460686],
[  9.36003407   6.29150667  78.40335486],
[  3.12984304  11.6083782   78.80346815],
[  6.02646415  11.04699636  78.90325786],
[  3.32555845  14.41127289  78.90915432],
[  3.1831847  13.2233162  78.9954513],
[  8.83027827   7.96997185  79.20654517],
[  5.53233513  10.45517417  79.41808133],
[  5.14987946  12.80860332  79.58661523],
[  9.98040894   4.07986989  79.7174949 ],
[  9.27171387   2.78930757  79.99011827],
[  7.88333821  10.08912272  80.09449403],
[  4.61012858  11.63473753  80.21443346],
[  4.49274733  13.43400019  80.25480858],
[  4.4500006   13.79214397  80.34449308],
[  5.96835489  10.25152177  80.39778215],
[  9.52734375   5.35447005  80.58230287],
[  3.20051109  13.18727296  80.65176548],
[  4.36116114  12.56113358  80.67948979],
[  9.03061964   5.47673886  80.78291266],
[  8.31827393  10.18140177  80.96783984],
[  4.12915419  11.38392302  80.97753825],
[  9.68163787   6.72885064  81.00732188],
[  9.03581223   6.6917363   81.09620535],
[  9.93593623   4.88614855  81.10940094],
[  9.70066671   8.05998109  81.11635434],
[  7.7910424   12.07441338  81.1856229 ],
[  4.81406792  12.21315609  81.22514664],
[  8.40859505   7.68449108  81.50814501],
[  8.63533369   3.27584173  81.53456367],
[  7.3446859    8.63228105  81.54311636],
[  5.83893398  12.9555113   81.71454639],
[  7.09569433   9.07986068  81.78777959],
[  4.7412628   13.62786157  81.79804842],
[  9.45868595   2.58414314  82.00183701],
[  9.34652847   6.729315    82.04050071],
[  6.5059585   11.26073287  82.3240593 ],
[  9.09193107   7.18570705  82.42760229],
[  8.31685814   5.88820944  82.52937774],
[  6.46383856  11.64407291  82.83976724],
[  8.29866518   7.5969202   82.8522117 ],
[  9.34263699   4.48983665  82.90032187],
[  7.08570909   9.02927778  82.93515156],
[  3.84954757  13.28612424  83.00912952],
[  4.31165595  11.65825695  83.02160328],
[  7.23953733  12.03604879  83.1265359 ],
[  9.60503933   5.20255946  83.17229119],
[  9.26080858   3.19130066  83.31592627],
[  9.1003436    7.88163479  83.37587583],
[ 10.13528623   5.6329621   83.45207688],
[  7.50502846  10.08409487  83.48454103],
[  2.4363681   11.82611     83.53919918],
[  5.77164495  11.60266151  83.72134581],
[  7.14962013  11.73504456  83.77041096],
[  6.30345688  12.75302121  83.79315565],
[  5.18461942  11.80934417  83.90816522],
[  7.86849395  10.63602588  84.08013717],
[  4.88195356  13.99801654  84.11619201],
[  4.9213366   12.18354073  84.16397897],
[  6.15962838  12.45350605  84.31036956],
[  4.3052196   11.191984    84.44401177],
[  6.69354299  10.09117791  84.89052511],
[  8.81381966   8.80941296  84.95454768],
[  3.30163175  11.98526551  84.95506321],
[  8.30062718  10.6751457   84.97653153],
[  8.72562316  10.04062765  85.06986514],
[  6.35218764  11.83045495  85.15344994],
[  4.27392724  12.2473856   85.20781627],
[  8.22841006   3.84209919  85.24120893],
[  5.50519132  11.75235157  85.32701876],
[  4.63206966  12.49572208  85.50102984],
[  8.45149315   6.23225571  85.52092537],
[  7.88556637   6.27504035  85.53496898],
[  5.48213919  12.40507433  85.5831427 ],
[  8.3566136    6.62388434  85.64484224],
[  5.5670316   12.27267225  86.05478863],
[  9.10487158   4.27037523  86.18234207],
[  3.76861503  14.34311656  86.2361594 ],
[  4.20024024  11.88341146  86.32211192],
[  8.22464184   4.25573332  86.713096  ],
[  6.23932973  10.31525363  86.75052241],
[  4.18312293  13.71658056  87.07248317],
[  7.24046634  10.77578148  87.40108657],
[  6.2339804   10.68345878  87.42230283],
[  6.10089038  13.30479353  87.43086042],
[  9.17656803   3.04578741  87.54061137],
[  8.75567148   6.81545567  87.71032575],
[  6.81008704  12.16014509  87.7746522 ],
[  7.58517692  12.24045468  87.85290712],
[  5.60000107  13.20523656  87.87765985],
[  7.7421929   10.88356618  87.88850794],
[  5.6251054   10.99961665  87.9511879 ],
[  4.92188865  13.16443106  88.0143896 ],
[  5.07904863  13.90061125  88.20286934],
[  6.800409     9.77414459  88.22067311],
[  4.39785232  11.28820151  88.22503978],
[  9.86167552   6.72451387  88.34966774],
[  7.69726037  11.80687199  88.40059558],
[  8.68290464   3.42875986  88.53820787],
[  5.63530431  13.47116126  88.57118428],
[  8.10928305   7.67333585  88.61187231],
[  6.65043487  12.87719233  88.72010519],
[  8.67681295   5.6474434   88.78459384],
[  7.3629291   10.02666801  88.98564599],
[  3.42417202  13.27746225  89.04953369],
[  6.73187707  12.41578053  89.07296493],
[  8.11711135   5.52716127  89.14071351],
[  5.42351109  10.38607223  89.41807826],
[  4.61645895  12.27791698  89.45451169],
[  8.13212006   9.296188    89.47877025],
[  6.29610182  10.87537088  89.56591755],
[  8.95037918   4.45837014  89.58256821],
[  2.80315337  13.4417813   89.71965598],
[  5.81415389  13.00538297  89.76791539],
[  4.90764109  10.84027813  89.8575862 ],
[  6.12431217  13.25966748  89.91645079],
[  3.66977826  12.39234989  89.96185794],
[  7.55140564   8.34288169  90.11387689],
[  3.84910139  13.38367622  90.16926986],
[  9.58951407   3.85629221  90.23735854],
[  8.95555773   9.36437322  90.35373423],
[  9.47707538   5.47598929  90.43656492],
[  5.31962741  10.70068384  90.6121992 ],
[  5.20907087  11.3360012   90.65020462],
[  8.52640634  11.23784885  90.72835069],
[  5.07758797  11.73574061  90.80701527],
[  8.05910732   9.83648089  91.15015864],
[  6.04340145  10.97501706  91.24162936],
[  6.93404767  11.17478902  91.25224874],
[  3.73484128  11.27265057  91.26022823],
[  9.27025453   3.42605068  91.29209989],
[  8.39200232   8.24005188  91.35235074],
[  4.56163048  11.59706823  91.35770834],
[  8.2986213   11.47597715  91.79681085],
[  4.41624765  12.55906057  91.85373426],
[  9.00150747   9.22171511  91.86658104],
[  7.5078337    8.8092819   91.97272392],
[  9.67303458   3.44960515  92.33945504],
[  5.47737092  13.17352144  92.40773391],
[  8.22505126   4.68078592  92.4537182 ],
[  6.43211094  12.67280012  92.49443045],
[  3.82114076  13.06899156  92.51830201],
[  4.66432108  11.14610164  92.55834474],
[  8.67450426   4.35653824  92.57665176],
[  6.45120624  12.10305446  92.6131843 ],
[  9.40882305   6.31282099  92.69254215],
[  9.45744481   3.47886077  92.73459139],
[  6.9085747    9.35263969  92.75352154],
[  6.19734931  11.13545495  92.90606004],
[  9.309728     6.29638373  93.03229208],
[  5.7458349   12.79423309  93.07446954],
[  7.99039343   8.29796834  93.27770016],
[  7.88067886   7.26107298  93.28941291],
[  7.9595853   11.6245365   93.29683659],
[  4.44826765  11.12774601  93.6254057 ],
[  7.55165879  10.54799187  93.63928042],
[  9.08636245   9.48074215  93.79505535],
[ 10.05488951   6.86271066  93.86216382],
[  3.6686003   12.83429951  94.01711092],
[  6.01429374  12.63259797  94.1533925 ],
[  8.36401809   9.38268268  94.17243193],
[  8.22676508   4.78553507  94.51432365],
[  6.70910213  12.5617263   94.79599507],
[ 10.07692848   3.56923598  94.79715005],
[  8.75518222  10.99849349  94.88813283],
[  6.56640008   9.881512    94.95499774],
[ 10.0979931    4.92449263  95.04083487],
[  6.42847259  12.79890995  95.34837803],
[  3.38180711  12.63445666  95.39117654],
[  9.74270813   4.96406327  95.45483141],
[  5.19936155  13.61771045  95.46000566],
[  7.94956047   9.75567039  95.49008824],
[  8.02884615   7.23281008  95.83837797],
[  3.30118141  12.67761119  95.97078247],
[  4.67672426  12.45772037  95.97197771],
[  3.50683271  12.35540443  96.05601596],
[  5.6778822   13.08850657  96.16813105],
[  7.89650536  11.42879915  96.35014927],
[  9.27490832   9.62125356  96.76869892],
[  9.06872464   4.53647741  97.44168226],
[  9.09438491   4.96295299  97.58366197],
[  4.87576038  13.16686411  97.65227369],
[  7.77244019   7.51178581  97.71619971],
[  6.84235907  12.14641785  97.84820441],
[ 10.00919449   3.5918433   98.1221325 ],
[  7.73855193  11.540151    98.14631642],
[  5.69222408  11.44584069  98.14915035],
[  3.57764479  14.31442728  98.27001237],
[  5.94231563  13.28779576  98.38569301],
[  9.08650855   3.69610696  98.40269416],
[  7.8516643    8.79761499  98.52310554],
[  8.26041877   6.75347292  98.78493036],
[  4.67658182  11.51531266  98.87833505],
[  6.79954008  11.09785786  98.89407092],
[  8.34160076   4.97051785  98.91361025],
[  9.55645081   7.50474403  99.01336856],
[  6.7061019   11.46509932  99.05662442],
[  3.09137041  14.52282523  99.12659294],
[  8.70072946   5.57835927  99.19975185],
[  6.24176471  10.57124131  99.28859047],
[  9.25835692   2.81533821  99.3820307 ],
[  5.95324444   9.99988247  99.50419967],
[  2.58936726  12.79655486  99.53401219],
[  6.2648967   13.15862536  99.53418622],
[  8.28041179   3.50455334  99.60269126],
[  8.28733594  11.3680229   99.71033703],
[  5.79744597  10.16772012  99.83391299],
[  5.11593866  12.15421004  99.83534949],
[  2.8044451   13.18234212  99.88005493],
