[ 4.37969385  8.24687077  0.03362316],
[ 3.61232423  8.65507031  0.08889261],
[ 6.96720356  4.54919466  0.25755415],
[ 4.79757779  7.96828147  0.40199577],
[ 6.45157971  5.32263044  0.47712883],
[ 6.38335804  5.42496294  0.55646342],
[ 6.92224049  4.61663926  0.57330855],
[ 4.87370432  7.91753045  0.70021994],
[ 3.52033581  8.69186567  0.8261149 ],
[ 4.00128438  8.49914375  0.83019954],
[ 2.5057953   8.94942047  0.86642787],
[ 5.70290399  6.89128804  0.89053629],
[ 4.61590336  8.08939776  0.92067158],
[ 5.54972115  7.35083655  0.96957116],
[ 4.0429447  8.4713702  0.9938892],
[ 5.33296777  7.61135482  1.16246909],
[ 3.35081287  8.75967485  1.22257774],
[ 4.60068276  8.09954483  1.27813579],
[ 6.98835143  4.51747286  1.3065924 ],
[ 5.75762822  6.72711535  1.40710891],
[ 2.47328864  8.95267114  1.46006679],
[ 4.58418773  8.11054151  1.48510452],
[ 5.95866356  6.12400932  1.61834807],
[ 6.36152451  5.45771323  1.63161183],
[ 4.11163683  8.42557545  1.64706417],
[ 3.08484711  8.86606116  1.68550788],
[ 3.50535443  8.69785823  1.74034367],
[ 4.37377158  8.25081895  1.75003569],
[ 5.12311719  7.7512552   1.81974608],
[ 6.65299303  5.02051045  1.98452649],
[ 6.60736594  5.08895109  2.03278849],
[ 5.54665899  7.36002303  2.03517874],
[ 6.07291972  5.89062041  2.10824624],
[ 3.47701887  8.70919245  2.42035795],
[ 4.30952621  8.29364919  2.50687087],
[ 6.96999553  4.54500671  2.51899683],
[ 4.93936468  7.87375688  2.55898882],
[ 6.06688635  5.89967047  2.57875995],
[ 5.06585988  7.78942674  2.69339299],
[ 6.6899772   4.96503419  3.06845768],
[ 4.17548672  8.38300885  3.23253442],
[ 4.06631348  8.45579102  3.30375388],
[ 6.9457296   4.5814056   3.36235146],
[ 5.44835326  7.53443116  3.408996  ],
[ 3.76696413  8.59321435  3.51604324],
[ 2.27272599  8.9727274   3.55565304],
[ 2.80755896  8.9192441   3.83388441],
[ 6.06847322  5.89729017  3.87012342],
[ 3.26640276  8.7934389   3.96963754],
[ 6.53073711  5.20389433  3.97329281],
[ 2.03742944  8.99625706  4.23853137],
[ 3.66687545  8.63324982  4.58962355],
[ 6.30220194  5.54669709  4.6279723 ],
[ 3.25017973  8.79992811  4.69600227],
[ 3.64006377  8.64397449  4.77713932],
[ 6.94389842  4.58415237  5.00850596],
[ 5.46778119  7.5214792   5.0118579 ],
[ 6.71716516  4.92425226  5.03083425],
[ 5.65020584  7.04938248  5.54386167],
[ 6.70866802  4.93699798  5.56096395],
[ 6.86850729  4.69723906  5.86554002],
[ 5.1451205   7.73658633  5.91621643],
[ 3.21283944  8.81486422  6.05723033],
[ 2.76514161  8.92348584  6.21277919],
[ 2.15608022  8.98439198  6.28738446],
[ 6.17115337  5.74326994  6.38167358],
[ 4.73026368  8.01315755  6.42497227],
[ 4.50208247  8.16527836  6.42625319],
[ 6.50018289  5.24972566  6.58529975],
[ 5.80181334  6.59455999  6.61913036],
[ 2.48929223  8.95107078  6.7131935 ],
[ 6.99137884  4.51293174  6.71755574],
[ 5.73760236  6.78719291  6.924203  ],
[ 4.85727174  7.92848551  6.96256296],
[ 6.66338732  5.00491903  7.05671983],
[ 5.19194423  7.70537051  7.13751634],
[ 5.51029191  7.46912426  7.25857242],
[ 5.81182633  6.56452102  7.32942267],
[ 5.54188213  7.37435362  7.43426973],
[ 2.90013424  8.90998658  7.47086957],
[ 5.33004361  7.61330426  7.48697831],
[ 6.01098906  5.98351641  7.50446408],
[ 3.10089629  8.85964148  7.50673298],
[ 5.28851983  7.64098678  7.53122664],
[ 6.33923655  5.49114517  7.65716661],
[ 2.94659376  8.90534062  7.77298004],
[ 6.78379331  4.82431003  7.79014149],
[ 6.18397154  5.72404269  7.87659007],
[ 5.07816397  7.78122402  7.8872319 ],
[ 5.31756526  7.62162316  7.9808216 ],
[ 6.46457335  5.30313998  8.12753031],
[ 3.52296904  8.69081238  8.19948991],
[ 4.77775904  7.98149397  8.28029825],
[ 5.12719539  7.74853641  8.29198495],
[ 6.48723969  5.26914046  8.39944264],
[ 5.77407569  6.67777293  8.68928689],
[ 4.23412591  8.34391606  8.81271203],
[ 4.37694092  8.24870605  8.97336779],
[ 2.86525152  8.91347485  9.05836264],
[ 2.48066374  8.95193363  9.08463961],
[ 3.21115501  8.815538    9.13418241],
[ 2.9309388   8.90690612  9.20252312],
[ 4.97238585  7.85174277  9.37714797],
[ 2.74333678  8.92566632  9.44614083],
[ 6.86563692  4.70154463  9.7164251 ],
[ 6.50462235  5.24306648  9.92752722],
[ 3.40358824  8.7385647   9.99253405],
[  6.15047486   5.77428772  10.00807374],
[  4.27810123   8.31459918  10.08333619],
[  5.97743811   6.06768568  10.11681421],
[  3.38221369   8.74711452  10.15920031],
[  5.58085794   7.25742617  10.28272424],
[  6.1712674    5.7430989   10.37096594],
[  4.44672259   8.20218494  10.40178779],
[  6.26196486   5.60705271  10.80134027],
[  6.66703105   4.99945342  10.80731735],
[  6.38291962   5.42562056  10.8403203 ],
[  3.10820031   8.85671988  10.97330412],
[  6.02695477   5.95956784  10.98787903],
[  5.31885803   7.62076131  11.00450485],
[  4.21881561   8.35412293  11.10360922],
[  5.80181595   6.59455214  11.13989193],
[  3.85337408   8.55865037  11.28318107],
[  6.70973424   4.93539865  11.37797054],
[  2.72256541   8.92774346  11.41070644],
[  4.32935429   8.28043047  11.47133287],
[  2.38195123   8.96180488  11.85829487],
[  6.675464     4.98680399  11.97820555],
[  3.58037348   8.66785061  12.01863046],
[  4.42754083   8.21497278  12.08977511],
[  5.17868137   7.71421242  12.09942822],
[  6.52605784   5.21091323  12.24738315],
[  5.78643942   6.64068175  12.33549844],
[  3.24932643   8.80026943  12.54173865],
[  4.76636455   7.9890903   12.69054342],
[  6.31051502   5.53422747  12.71648498],
[  3.64757857   8.64096857  12.83500589],
[  4.44225996   8.20516003  12.93655735],
[  5.71522346   6.85432963  12.98553107],
[  2.02513187   8.99748681  13.14334363],
[  3.93065102   8.52773959  13.19438118],
[  6.53438759   5.19841861  13.29858262],
[  3.06875195   8.87249922  13.33229225],
[  4.82322793   7.95118138  13.37897789],
[  3.15115564   8.83953774  13.39612583],
[  5.65347906   7.03956283  13.65361397],
[  6.89663491   4.65504763  13.66763254],
[  4.36022493   8.25985005  13.73167789],
[  6.84353629   4.73469556  13.7490423 ],
[  5.97426861   6.07719417  13.78695383],
[  6.19682395   5.70476408  13.92123426],
[  4.70246939   8.03168707  13.94526035],
[  5.95858202   6.12425395  14.06455419],
[  3.63832965   8.64466814  14.10105564],
[  3.44880943   8.72047623  14.14518862],
[  6.16689275   5.74966088  14.25320471],
[  5.04564887   7.80290075  14.36022571],
[  6.85309423   4.72035866  14.37272075],
[  5.33376315   7.61082457  14.40969802],
[  6.15395384   5.76906924  14.45040603],
[  4.8567223    7.9288518   14.51467653],
[  5.6366998    7.0899006   14.59760917],
[  6.14695728   5.77956408  14.69014353],
[  4.91353296   7.89097803  14.95108752],
[  3.98756727   8.50497309  15.28049089],
[  6.23751741   5.64372389  15.40502494],
[  5.53873799   7.38378603  15.50231263],
[  2.31517231   8.96848277  15.73597333],
[  4.65928888   8.06047408  15.83208042],
[  5.76116088   6.71651736  16.25060128],
[  5.6047414    7.18577579  16.26678792],
[  2.4520192    8.95479808  16.35741115],
[  4.50178099   8.16547934  16.4115197 ],
[  2.83733314   8.91626669  16.60377705],
[  4.88868933   7.90754044  16.65136226],
[  4.45229688   8.19846875  16.6513823 ],
[  5.87525813   6.37422562  16.8266751 ],
[  6.54331821   5.18502269  16.89767578],
[  3.58249611   8.66700156  16.91852525],
[  5.01978151   7.82014566  17.0780126 ],
[  6.21302844   5.68045734  17.22790423],
[  6.14784035   5.77823947  17.24401346],
[  2.56019666   8.94398033  17.46368845],
[  3.54367475   8.6825301   17.53491991],
[  4.59892508   8.10071662  17.57759028],
[  3.85388089   8.55844764  17.60481043],
[  4.47161728   8.18558848  17.76372754],
[  2.48547703   8.9514523   17.9430425 ],
[  6.23614179   5.64578732  18.12239494],
[  5.17412401   7.71725066  18.20016113],
[  3.10155518   8.85937793  18.28356752],
[  5.2579628    7.66135813  18.33042908],
[  3.55988254   8.67604698  18.45572055],
[  6.87424274   4.68863589  18.54589289],
[  2.26071474   8.97392853  18.57932166],
[  5.73249556   6.80251331  18.60283356],
[  3.355245     8.757902    18.61166537],
[  2.39980965   8.96001903  18.75913799],
[  5.95410601   6.13768197  18.78676883],
[  5.38266543   7.57822304  18.83754966],
[  2.62201899   8.9377981   18.95393091],
[  5.73851078   6.78446765  18.98908575],
[  5.26453646   7.65697569  19.02240236],
[  5.41081408   7.55945728  19.29100548],
[  5.92474147   6.2257756   19.29677494],
[  3.86089823   8.55564071  19.41742191],
[  4.8065222    7.96231853  19.53286236],
[  6.81380789   4.77928816  19.59066261],
[  5.39379544   7.57080304  19.63716534],
[  4.21191898   8.35872068  19.91654267],
[  2.06175601   8.9938244   20.02489917],
[  6.35012962   5.47480557  20.0532858 ],
[  5.76495215   6.70514355  20.16827344],
[  6.89963872   4.65054192  20.18229997],
[  3.66570533   8.63371787  20.24675787],
[  6.89702756   4.65445866  20.37006561],
[  2.66377289   8.93362271  20.38074165],
[  4.78137252   7.97908499  20.38495404],
[  5.85085692   6.44742924  20.40401992],
[  4.45510158   8.19659894  20.6095178 ],
[  6.60005109   5.09992336  20.61602153],
[  6.48396023   5.27405965  20.80633242],
[  3.8305889    8.56776444  20.87228097],
[  3.68159379   8.62736248  20.87245244],
[  6.06748587   5.8987712   20.89052381],
[  4.79193613   7.97204258  20.9191922 ],
[  6.53075501   5.20386748  20.93166787],
[  4.70363457   8.03091029  21.09006542],
[  5.25321212   7.66452525  21.30064653],
[  4.04059245   8.47293837  21.36273596],
[  6.23199556   5.65200666  21.37619052],
[  6.88079835   4.67880247  21.51870554],
[  3.2979428    8.78082288  21.5392075 ],
[  5.23940818   7.67372788  21.59917469],
[  4.24025637   8.33982909  21.65299203],
[  4.65470458   8.06353028  21.65834586],
[  6.95143945   4.57284083  21.83616189],
[  6.85775454   4.71336819  21.96302983],
[  5.9403457    6.1789629   22.00455529],
[  4.47409402   8.18393732  22.09978964],
[  3.73360595   8.60655762  22.30527451],
[  5.80366087   6.58901738  22.32240842],
[  4.19897631   8.36734913  22.33861972],
[  3.03225762   8.88709695  22.35006193],
[  6.57553646   5.13669531  22.36274152],
[  5.45310428   7.53126381  22.37180358],
[  6.702714     4.945929    22.42801452],
[  4.45087297   8.19941802  22.57816216],
[  6.2846026    5.57309611  22.68318925],
[  6.95543395   4.56684908  22.72875812],
[  3.54221954   8.68311219  22.76636835],
[  6.68531954   4.97202069  22.83575672],
[  2.9573773    8.90426227  23.00206582],
[  6.41865573   5.3720164   23.08289656],
[  6.03292786   5.95060821  23.24200087],
[  4.7228621    8.01809194  23.53622501],
[  3.36745904   8.75301638  23.68802379],
[  6.23838276   5.64242587  24.1038496 ],
[  6.98498666   4.52252002  24.41163428],
[  5.81515332   6.55454003  24.42784402],
[  6.05091324   5.92363014  24.50291479],
[  4.05895286   8.46069809  24.50633298],
[  6.49066149   5.26400777  24.51311053],
[  2.21829662   8.97817034  24.74471831],
[  2.55996928   8.94400307  24.7473059 ],
[  6.4194823    5.37077655  24.87374098],
[  4.26416491   8.32389006  25.02387728],
[  4.30112998   8.29924668  25.05124338],
[  5.62883445   7.11349664  25.05509879],
[  6.30508004   5.54237994  25.09927909],
[  6.70807406   4.93788891  25.22722272],
[  5.85039449   6.44881652  25.24207228],
[  5.88140243   6.35579272  25.37339255],
[  2.34624216   8.96537578  25.39204947],
[  5.10961289   7.76025807  25.56204638],
[  5.27257484   7.65161677  25.56603655],
[  5.58263501   7.25209498  25.89995189],
[  4.33684832   8.27543446  25.96715737],
[  5.41177917   7.55881389  25.99476408],
[  6.89486812   4.65769782  26.1573402 ],
[  2.42577332   8.95742267  26.26626712],
[  4.12220556   8.41852963  26.37184755],
[  6.72130398   4.91804403  26.5037912 ],
[  6.38935141   5.41597288  26.53831051],
[  5.85307088   6.44078736  26.57399689],
[  2.45015357   8.95498464  26.5985742 ],
[  5.30951677   7.62698882  26.68592416],
[  6.47198386   5.29202421  26.68685428],
[  6.04282936   5.93575597  26.78135415],
[  6.33506612   5.49740083  26.94642257],
[  3.04800459   8.88079816  27.03303709],
[  5.47974477   7.51350349  27.1740765 ],
[  6.59326702   5.11009946  27.3296823 ],
[  6.47316673   5.2902499   27.37433927],
[  6.66786406   4.9982039   27.69918459],
[  6.58355379   5.12466931  28.03022894],
[  2.54488648   8.94551135  28.2389908 ],
[  3.22208773   8.81116491  28.42243115],
[  6.21227739   5.68158392  28.46294774],
[  2.55867311   8.94413269  28.54706635],
[  4.57065024   8.1195665   28.55148657],
[  2.10284191   8.98971581  28.64345072],
[  6.72900087   4.90649869  28.89712513],
[  6.18994031   5.71508954  28.8985296 ],
[  6.73512536   4.89731196  29.33609181],
[  5.90973594   6.27079217  29.43336141],
[  6.57337875   5.13993188  29.46723183],
[  6.01654326   5.97518511  29.55649993],
[  3.03513011   8.88594796  29.57522537],
[  4.95010447   7.86659702  29.61131188],
[  2.6698482    8.93301518  29.88093556],
[  6.51625693   5.2256146   30.02837951],
[  4.70415762   8.03056159  30.04121717],
[  6.44547995   5.33178007  30.08784592],
[  3.67079012   8.63168395  30.11025289],
[  6.82611253   4.7608312   30.15401147],
[  5.09088811   7.77274126  30.17074322],
[  4.28247593   8.31168271  30.2404974 ],
[  2.27231876   8.97276812  30.30863123],
[  6.04874908   5.92687639  30.45576482],
[  4.37168822   8.25220785  30.47214073],
[  5.55260552   7.34218345  30.47921567],
[  2.4578889    8.95421111  30.5212191 ],
[  2.11581309   8.98841869  30.54235283],
[  6.85262404   4.72106394  30.58292137],
[  3.07287066   8.87085174  30.72460691],
[  5.61252236   7.16243291  30.92048178],
[  6.99701544   4.50447684  30.9617344 ],
[  2.3037447    8.96962553  31.0366642 ],
[  3.15266266   8.83893494  31.06530144],
[  6.2033204    5.6950194   31.14885619],
[  5.28911555   7.64058963  31.38669891],
[  6.460137    5.3097945  31.5566304],
[  6.01977409   5.97033886  31.5861248 ],
[  6.95225483   4.57161776  31.63733936],
[  6.97141119   4.54288321  31.69327014],
[  3.75480421   8.59807832  31.8464305 ],
[  4.68266518   8.04488988  32.05480183],
[  6.03124011   5.95313984  32.22831552],
[  3.44676889   8.72129244  32.49381117],
[  6.22195145   5.66707282  32.75045334],
[  4.62893714   8.08070857  32.79459295],
[  2.76820563   8.92317944  32.87023783],
[  4.8277463    7.94816913  33.12066272],
[  6.75748093   4.8637786   33.12326424],
[  6.92630545   4.61054182  33.33291082],
[  3.11591969   8.85363212  33.68847535],
[  6.20721006   5.68918491  33.84298322],
[  2.19014975   8.98098503  33.90398718],
[  3.70130255   8.61947898  34.2168525 ],
[  3.31008326   8.7759667   34.37767092],
[  5.87286308   6.38141077  34.46953112],
[  4.38313569   8.24457621  34.47395178],
[  3.46844924   8.7126203   34.5236156 ],
[  5.5530494    7.3408518   34.60256726],
[  4.32593948   8.28270701  34.91184197],
[  2.03816742   8.99618326  35.09249027],
[  3.41765868   8.73293653  35.44512913],
[  2.182402     8.9817598   35.85220624],
[  5.16843669   7.72104221  35.86929864],
[  4.21006727   8.35995515  35.89926996],
[  2.97037948   8.90296205  35.97984555],
[  5.94854792   6.15435625  36.11121065],
[  5.53111738   7.40664785  36.17242865],
[  4.87061949   7.919587    36.27135257],
[  5.54476378   7.36570867  36.36500019],
[  5.78607764   6.64176709  36.50626413],
[  2.69335374   8.93066463  36.55600916],
[  5.32539076   7.61640616  36.68218206],
[  2.02530676   8.99746932  36.82712754],
[  3.75422209   8.59831116  36.89572105],
[  5.47150207   7.51899862  37.14563796],
[  2.03420392   8.99657961  37.26472774],
[  2.06736186   8.99326381  37.27495742],
[  6.35782179   5.46326732  37.33302821],
[  4.01101237   8.49265842  37.37416837],
[  3.76333505   8.59466598  37.56888607],
[  3.88031377   8.54787449  37.87598992],
[  2.24965692   8.97503431  37.88972556],
[  5.44582394   7.53611738  38.05767918],
[  4.97044586   7.85303609  38.15538319],
[  2.92595052   8.90740495  38.65045525],
[  4.89928756   7.90047496  39.08600272],
[  5.67018147   6.9894556   39.10939485],
[  4.81164762   7.95890159  39.21931644],
[  6.83212477   4.75181284  39.56790353],
[  4.55608339   8.12927774  39.62840688],
[  3.31625838   8.77349665  39.69242402],
[  2.13268246   8.98673175  39.86229336],
[  5.24634574   7.66910284  39.86316577],
[  4.04734907   8.46843395  39.9336945 ],
[  4.7949242    7.97005053  39.93982297],
[  5.55371997   7.33884008  40.05822658],
[  4.72546543   8.01635638  40.11881713],
[  4.12648153   8.41567898  40.3282398 ],
[  5.84034603   6.4789619   40.33675856],
[  5.25860751   7.66092833  40.60152667],
[  5.64232444   7.07302668  40.60556287],
[  2.61468441   8.93853156  40.6690306 ],
[  4.16914457   8.38723695  40.69704639],
[  4.96415341   7.85723106  40.75791252],
[  6.50466742   5.24299887  40.8443342 ],
[  3.61266433   8.65493427  40.86496875],
[  6.60030602   5.09954098  40.97781212],
[  6.66741958   4.99887063  41.13093464],
[  6.13033172   5.80450243  41.15280029],
[  5.82551702   6.52344895  41.287506  ],
[  5.2107405    7.69283967  41.37904786],
[  4.79990602   7.96672932  41.60423461],
[  6.60015466   5.09976801  41.90190013],
[  5.50922348   7.47232957  42.12725058],
[  6.39584641   5.40623038  42.13831575],
[  4.94297552   7.87134966  42.14566027],
[  4.62276966   8.08482023  42.16361799],
[  5.06938545   7.78707636  42.37235864],
[  4.83112646   7.94591569  42.48981015],
[  4.89967574   7.90021617  42.63693959],
[  5.45039498   7.53307001  42.64219749],
[  6.65373491   5.01939764  42.70554086],
[  6.46702697   5.29945955  42.78658316],
[  6.57156645   5.14265032  42.99395583],
[  6.23680069   5.64479897  43.05507478],
[  6.6289206    5.0566191   43.06297156],
[  5.27430281   7.65046479  43.38474168],
[  4.41202863   8.22531424  43.55750121],
[  4.67653618   8.04897588  43.57681985],
[  6.01742004   5.97386995  43.64448637],
[  2.28200225   8.97179977  43.6826942 ],
[  4.2948871   8.3034086  43.7152282],
[  5.12791149   7.74805901  43.79725779],
[  6.81972621   4.77041069  43.93194966],
[  5.51080742   7.46757774  44.0606    ],
[  5.31928158   7.62047895  44.29363818],
[  5.53556889   7.39329332  44.3647313 ],
[  2.27452575   8.97254742  44.41268383],
[  5.68740741   6.93777776  44.65841829],
[  6.13698799   5.79451802  44.75724984],
[  4.764006     7.99066267  44.78140275],
[  6.69595812   4.95606282  44.81209534],
[  3.28478668   8.78608533  44.91232668],
[  6.38867343   5.41698985  44.95508555],
[  4.71605069   8.02263288  44.99316621],
[  2.07643748   8.99235625  45.12264045],
[  2.17601581   8.98239842  45.22901293],
[  2.24069232   8.97593077  45.33120961],
[  6.87858874   4.68211689  45.44742919],
[  2.48895484   8.95110452  45.96401207],
[  6.32188437   5.51717345  45.97136963],
[  2.57691387   8.94230861  46.03929194],
[  4.87250678   7.91832881  46.08103837],
[  4.19225682   8.37182878  46.16012376],
[  6.71526319   4.92710521  46.49056304],
[  4.33073899   8.27950734  46.72649057],
[  6.31717201   5.52424199  46.7310999 ],
[  5.53806797   7.38579608  46.73155651],
[  3.40151964   8.73939214  46.78419615],
[  2.30443558   8.96955644  46.87808078],
[  6.34003366   5.48994951  46.89720104],
[  3.04029866   8.88388054  47.06918629],
[  4.33582282   8.27611812  47.07959321],
[  2.70954284   8.92904572  47.09227801],
[  3.25339411   8.79864235  47.20133301],
[  6.17187827   5.7421826   47.21718579],
[  2.07020889   8.99297911  47.24015036],
[  4.99426525   7.8371565   47.33014875],
[  3.13345621   8.84661752  47.39894035],
[  6.84576458   4.73135313  47.50151174],
[  6.33504716   5.49742925  47.73815953],
[  2.37916202   8.9620838   47.77456868],
[  2.16204799   8.9837952   47.79952177],
[  4.20435167   8.36376555  47.8460465 ],
[  6.15714295   5.76428557  47.84997893],
[  5.65480187   7.0355944   47.88037473],
[  4.14303102   8.40464599  48.11377965],
[  6.69647039   4.95529441  48.17374456],
[  6.70462471   4.94306293  48.17486709],
[  2.17964532   8.98203547  48.3262245 ],
[  6.33378227   5.4993266   48.41107669],
[  2.57294023   8.94270598  48.43418359],
[  2.69330579   8.93066942  48.74834472],
[  6.84699419   4.72950872  48.855951  ],
[  4.70017071   8.03321952  48.89062136],
[  6.45467207   5.3179919   48.98654138],
[  5.89908419   6.30274743  49.04815859],
[  2.32977491   8.96702251  49.07419063],
[  2.09119146   8.99088085  49.12878206],
[  6.3629501    5.45557485  49.32258299],
[  4.41440064   8.2237329   49.59944211],
[  6.23902389   5.64146417  49.78105174],
[  6.84972012   4.72541983  49.81024724],
[  4.68155833   8.04562778  49.82642295],
[  5.81076315   6.56771055  49.92452584],
[  4.89964635   7.90023577  49.92977711],
[  6.37432946   5.43850582  50.02036931],
[  5.70908132   6.87275603  50.14730682],
[  3.14981492   8.84007403  50.32503698],
[  5.22042666   7.68638223  50.35491055],
[  2.20743437   8.97925656  50.44772523],
[  5.06953742   7.78697505  50.56774702],
[  6.02555483   5.96166775  50.70067723],
[  5.54790104   7.35629688  50.97762708],
[  5.16350054   7.72433297  51.01829331],
[  6.25510155   5.61734767  51.20530747],
[  3.0155528    8.89377888  51.29560739],
[  4.08109022   8.44593986  51.47503482],
[  4.83458798   7.94360801  51.51029893],
[  6.08653835   5.87019247  51.52649343],
[  6.91037886   4.63443171  51.53832374],
[  2.02495301   8.9975047   51.67989656],
[  6.2814722    5.57779169  51.68881502],
[  5.01651486   7.82232343  51.80708904],
[  2.60867784   8.93913222  51.96419218],
[  3.22911637   8.80835345  52.00268649],
[  6.86809679   4.69785481  52.06939225],
[  6.20437447   5.69343829  52.30317257],
[  3.04187977   8.88324809  52.57231652],
[  2.89041077   8.91095892  52.63409581],
[  3.79463302   8.58214679  52.80623002],
[  5.90494807   6.28515578  52.82137008],
[  3.70735081   8.61705968  52.86140403],
[  6.08826628   5.86760059  53.18052288],
[  4.27142967   8.31904689  53.21020097],
[  5.50147574   7.49557278  53.4431061 ],
[  6.56305165   5.15542252  53.47761513],
[  6.92915485   4.60626773  53.48379028],
[  3.87839457   8.54864217  53.51282754],
[  6.76210931   4.85683603  53.65586677],
[  4.55147416   8.13235056  53.73456103],
[  3.62691051   8.6492358   53.94542847],
[  5.86851514   6.39445459  54.04417072],
[  6.45629528   5.31555708  54.31566741],
[  3.42693337   8.72922665  54.38358481],
[  5.41036029   7.5597598   54.46062577],
[  2.41643332   8.95835667  54.61552043],
[  6.31120046   5.53319931  54.73214391],
[  6.42100539   5.36849192  54.74353957],
[  6.84517513   4.73223731  54.89983282],
[  4.52705802   8.14862799  54.94256602],
[  5.36909727   7.58726849  54.95972737],
[  3.01383753   8.89446499  55.10988907],
[  5.91600223   6.25199332  55.35341292],
[  4.37846043   8.24769305  55.56709627],
[  3.29368945   8.78252422  55.57401474],
[  4.94101584   7.87265611  55.59241594],
[  3.1988929    8.82044284  55.61995323],
[  5.03751898   7.80832068  55.71368432],
[  5.98494184   6.04517448  56.18027081],
[  4.00755813   8.49496124  56.27851724],
[  2.21018746   8.97898125  56.41350808],
[  6.91497349   4.62753977  56.45817819],
[  4.95021783   7.86652145  56.55124146],
[  6.75801587   4.8629762   56.58760878],
[  5.33508301   7.60994466  56.61386953],
[  5.25415476   7.66389682  56.7897898 ],
[  5.39999708   7.56666861  56.89739571],
[  4.20871419   8.36085721  57.1734553 ],
[  2.6559925    8.93440075  57.23031407],
[  5.56639944   7.30080167  57.24439604],
[  4.95898517   7.86067656  57.30165967],
[  6.61477323   5.07784016  57.46354469],
[  6.45789889   5.31315166  57.59378283],
[  2.66715046   8.93328495  57.63911616],
[  3.87731842   8.54907263  57.78978012],
[  3.04898156   8.88040738  57.90220738],
[  5.45805764   7.52796158  57.91001808],
[  4.56120684   8.12586211  57.93195692],
[  4.13107273   8.41261818  57.95925604],
[  3.90065265   8.53973894  57.99391225],
[  6.8907409    4.66388866  58.19933039],
[  5.98475855   6.04572436  58.20036229],
[  6.94635932   4.58046102  58.25619786],
[  2.53209088   8.94679091  58.26477867],
[  4.89687281   7.90208479  58.41821003],
[  3.68840696   8.62463721  58.44513906],
[  3.35937807   8.75624877  58.58698878],
[  6.12349931   5.81475104  58.61913663],
[  6.02082211   5.96876684  58.62629269],
[  2.46462301   8.9535377   58.65874642],
[  5.14992153   7.73338565  58.66874009],
[  2.25563526   8.97443647  58.6731481 ],
[  2.87973723   8.91202628  58.78564649],
[  4.65394728   8.06403514  58.80187634],
[  6.67400931   4.98898603  58.82656732],
[  3.05178253   8.87928699  58.9764432 ],
[  5.68249926   6.95250223  58.99165395],
[  6.09876585   5.85185123  59.0584753 ],
[  4.01899869   8.48733421  59.08214536],
[  5.1017662    7.7654892   59.11493724],
[  4.02804448   8.48130368  59.12842555],
[  4.42712642   8.21524905  59.18295068],
[  6.1411561    5.78826585  59.30537636],
[  4.62723551   8.08184299  59.50293277],
[  2.03583286   8.99641671  59.57004988],
[  4.97981683   7.84678878  59.64703516],
[  4.59356483   8.10429011  59.9694327 ],
[  6.46252675   5.30620988  59.98344878],
[  5.96990582   6.09028255  60.23498458],
[  6.91397551   4.62903674  60.3508892 ],
[  3.92978282   8.52808687  60.41791271],
[  4.18803498   8.37464334  60.47828427],
[  4.88251118   7.91165922  60.58799915],
[  2.45422332   8.95457767  60.72725679],
[  6.35608633   5.4658705   60.74749766],
[  3.39900248   8.74039901  61.36963089],
[  6.44352022   5.33471967  61.47980814],
[  6.19831305   5.70253042  61.49200445],
[  3.45698504   8.71720598  61.77775441],
[  3.92153359   8.53138657  61.783454  ],
[  2.18196704   8.9818033   61.78685446],
[  3.60865637   8.65653745  61.9465533 ],
[  2.84724187   8.91527581  61.97967844],
[  6.33274238   5.50088643  62.12707922],
[  5.35184484   7.59877011  62.13506166],
[  6.75040861   4.87438708  62.26553217],
[  5.04242493   7.80505004  62.33057386],
[  4.21948283   8.35367811  62.36561832],
[  3.04240945   8.88303622  62.43041395],
[  2.32624892   8.96737511  62.52609463],
[  6.32403368   5.51394947  62.53124713],
[  6.55057464   5.17413805  62.65527535],
[  6.11082145   5.83376783  62.70248963],
[  6.47672661   5.28491009  62.74050504],
[  6.2301923    5.65471156  62.95634816],
[  5.6537967    7.03860991  62.96684565],
[  5.82045383   6.53863851  63.07323295],
[  6.72466082   4.91300877  63.18920675],
[  5.62414684   7.12755948  63.410978  ],
[  5.89762315   6.30713054  63.41151201],
[  6.79423516   4.80864726  63.45666348],
[  4.62777148   8.08148568  63.62030491],
[  3.88342097   8.54663161  63.69499554],
[  5.80520969   6.58437094  63.75329704],
[  3.38763106   8.74494758  63.75871196],
[  5.69199449   6.92401652  63.83908942],
[  5.51234297   7.46297108  63.85926321],
[  3.50488119   8.69804753  63.8652728 ],
[  3.29519037   8.78192385  63.97310076],
[  6.54032967   5.18950549  64.00526678],
[  6.81931763   4.77102355  64.03374485],
[  6.34033304   5.48950045  64.0519412 ],
[  6.47854637   5.28218044  64.27516182],
[  6.31380684   5.52928974  64.29179478],
[  2.25808242   8.97419176  64.36753213],
[  4.81750669   7.95499554  64.5162022 ],
[  4.76128691   7.99247539  64.58053778],
[  6.27766481   5.58350279  64.64385788],
[  5.42697537   7.54868309  64.69784988],
[  2.81162773   8.91883723  64.77918938],
[  5.5244134    7.42675981  64.85432081],
[  4.78175638   7.97882908  64.89816871],
[  5.30999898   7.62666735  64.91343914],
[  2.28554345   8.97144566  65.04224391],
[  3.45054789   8.71978084  65.05686134],
[  2.01924331   8.99807567  65.10293308],
[  6.21975846   5.67036232  65.10777867],
[  5.92967112   6.21098665  65.13318027],
[  3.21151589   8.81539364  65.15457681],
[  4.2444573    8.33702847  65.33563397],
[  2.08819515   8.99118049  65.56963938],
[  5.57082536   7.28752392  65.59615463],
[  5.23543461   7.67637693  65.62834709],
[  6.72385231   4.91422154  65.69739352],
[  2.22321349   8.97767865  65.71868369],
[  2.07572599   8.9924274   65.7319961 ],
[  5.40350316   7.56433122  65.85345846],
[  4.72217532   8.01854979  65.94826939],
[  6.5884615    5.11730775  66.0550784 ],
[  4.6068044    8.09546373  66.19050459],
[  2.43931637   8.95606836  66.35282114],
[  6.40203504   5.39694744  66.4181923 ],
[  3.1619621    8.83521516  66.79502536],
[  6.0715427    5.89268595  66.95924745],
[  6.4989258    5.2516113   66.99112236],
[  6.21157672   5.68263492  66.99932042],
[  3.68190489   8.62723804  67.45583678],
[  4.84712587   7.93524942  67.50941741],
[  3.0471277    8.88114892  67.54330588],
[  4.45900198   8.19399868  67.70964896],
[  2.56345575   8.94365443  67.81467595],
[  4.19566707   8.36955528  67.84999786],
[  3.44287134   8.72285146  67.89308498],
[  3.12266375   8.8509345   68.05252418],
[  3.93798757   8.52480497  68.1536035 ],
[  3.39476306   8.74209478  68.18740961],
[  4.3119563    8.29202913  68.20685237],
[  4.69578572   8.03614286  68.59213767],
[  2.74638609   8.92536139  68.84634089],
[  4.6209319   8.0860454  68.8792669],
[  5.67793869   6.96618393  68.93101749],
[  6.17169949   5.74245076  68.94338909],
[  6.38530676   5.42203986  69.13107107],
[  5.15994656   7.72670229  69.24666928],
[  6.10038802   5.84941797  69.43199641],
[  6.51840794   5.22238809  69.47272081],
[  3.96866406   8.51253438  69.47311915],
[  4.12468668   8.41687555  69.51210511],
[  5.50847301   7.47458098  69.57274915],
[  6.01846454   5.97230319  69.60203164],
[  5.12476205   7.75015863  69.93491168],
[  4.59640411   8.10239726  69.94284713],
[  2.04844364   8.99515564  70.08002784],
[  3.90521962   8.53791215  70.19312617],
[  5.0877897    7.77480687  70.44457578],
[  5.36856545   7.58762303  70.56842465],
[  3.22405626   8.81037749  70.6601761 ],
[  5.27348244   7.65101171  70.69014639],
[  2.45334333   8.95466567  70.9175544 ],
[  3.84137131   8.56345148  70.94688233],
[  2.10650825   8.98934918  71.20498696],
[  6.08402182   5.87396727  71.24130716],
[  5.57393102   7.27820694  71.44595994],
[  4.88548454   7.90967697  71.49752902],
[  3.82581016   8.56967593  71.65805131],
[  4.66790972   8.05472685  71.70644936],
[  6.23862654   5.64206019  71.77632312],
[  4.01697817   8.48868122  71.80635664],
[  4.37306198   8.25129202  71.86656767],
[  6.0599163    5.91012556  71.91664838],
[  4.96688309   7.85541127  71.9206962 ],
[  4.67019436   8.05320376  72.02308333],
[  6.17753001   5.73370499  72.06836207],
[  3.2624488    8.79502048  72.13848236],
[  2.27837689   8.97216231  72.16507285],
[  6.63012042   5.05481938  72.22305128],
[  3.55053878   8.67978449  72.26904672],
[  2.83634473   8.91636553  72.46338938],
[  4.08200187   8.44533209  72.7034752 ],
[  4.44663047   8.20224635  72.75763642],
[  2.28084589   8.97191541  72.79612667],
[  6.7543359    4.86849615  72.82996324],
[  2.91966957   8.90803304  73.13781574],
[  4.99272414   7.83818391  73.1481446 ],
[  5.16197905   7.7253473   73.2059354 ],
[  4.91156223   7.89229185  73.22508395],
[  6.05597207   5.91604189  73.51335841],
[  2.33825619   8.96617438  73.65779092],
[  3.56059511   8.67576195  73.74665528],
[  2.78880111   8.92111989  73.76553515],
[  3.5758637    8.66965452  74.06357911],
[  6.35652918   5.46520624  74.14668863],
[  5.53242804   7.40271589  74.14885642],
[  6.34603926   5.48094111  74.168283  ],
[  6.48354541   5.27468189  74.26188788],
[  6.99914262   4.50128606  74.39174549],
[  3.9797276    8.50810896  74.59941481],
[  5.75295827   6.7411252   74.65580468],
[  6.600622     5.09906699  74.77597001],
[  5.86242695   6.41271915  74.84107435],
[  2.922592     8.9077408   74.87909806],
[  6.49470185   5.25794723  74.88941839],
[  2.25342495   8.9746575   74.9155006 ],
[  5.62057983   7.1382605   74.97816136],
[  6.66621227   5.0006816   74.98787274],
[  5.26910371   7.65393086  75.0175452 ],
[  6.94278865   4.58581702  75.05018747],
[  4.32557474   8.28295018  75.16079748],
[  6.4765621    5.28515685  75.31160514],
[  2.22278245   8.97772176  75.3170747 ],
[  3.70662895   8.61734842  75.37229528],
[  4.35307204   8.26461864  75.48539746],
[  5.57622133   7.271336    75.56772502],
[  3.97642716   8.50942914  75.63610309],
[  3.1794328    8.82822688  75.65307358],
[  5.1168515    7.75543233  75.72007754],
[  5.73007068   6.80978797  75.86470482],
[  6.19310085   5.71034873  76.16950038],
[  6.12650907   5.81023639  76.20513072],
[  5.68954435   6.93136694  76.32060478],
[  2.95560678   8.90443932  76.67805734],
[  5.99207683   6.0237695   76.74289805],
[  2.47181164   8.95281884  76.92802587],
[  6.59952232   5.10071653  77.09911512],
[  6.85642406   4.71536392  77.16950173],
[  6.88026028   4.67960957  77.17034841],
[  5.98639961   6.04080118  77.24513806],
[  5.51649868   7.45050396  77.26041889],
[  6.70447304   4.94329044  77.43802988],
[  6.94353434   4.58469848  77.51830128],
[  6.50156511   5.24765233  77.59149852],
[  5.97660389   6.07018833  77.6114487 ],
[  3.71005515   8.61597794  77.66672099],
[  3.22838619   8.80864552  77.72143594],
[  4.44809925   8.20126717  77.73960436],
[  6.74824991   4.87762513  77.78904267],
[  3.2662994    8.79348024  77.84887213],
[  6.9154477    4.62682844  77.85968811],
[  4.03994482   8.47337012  77.9166457 ],
[  5.32167677   7.61888215  78.05299818],
[  3.60585795   8.65765682  78.10306489],
[  3.14624155   8.84150338  78.17753271],
[  3.0878084    8.86487664  78.23001342],
[  5.71831221   6.84506338  78.32460686],
[  6.16640436   5.75039346  78.40335486],
[  2.48954235   8.95104577  78.80346815],
[  4.4156941    8.2228706   78.90325786],
[  2.25166791   8.97483321  78.90915432],
[  2.30347841   8.96965216  78.9954513 ],
[  5.83764858   6.48705427  79.20654517],
[  4.33836542   8.27442305  79.41808133],
[  3.51289633   8.69484147  79.58661523],
[  6.62088607   5.0686709   79.7174949 ],
[  6.96271093   4.55593361  79.99011827],
[  5.34562726   7.60291516  80.09449403],
[  3.46406249   8.714375    80.21443346],
[  2.97100935   8.90289906  80.25480858],
[  2.89101469   8.91089853  80.34449308],
[  4.60862221   8.09425186  80.39778215],
[  6.36384768   5.45422847  80.58230287],
[  2.31739107   8.96826089  80.65176548],
[  3.07159723   8.87136111  80.67948979],
[  6.338774     5.491839    80.78291266],
[  5.43756026   7.54162649  80.96783984],
[  3.19833154   8.82066739  80.97753825],
[  6.09324757   5.86012865  81.00732188],
[  6.06768218   5.89847673  81.09620535],
[  6.4530145    5.32047825  81.10940094],
[  5.88370738   6.34887787  81.11635434],
[  4.83353264   7.94431157  81.1856229 ],
[  3.4491693    8.72033228  81.22514664],
[  5.85011321   6.44966038  81.50814501],
[  6.9628089    4.55578664  81.53456367],
[  5.58053644   7.25839067  81.54311636],
[  3.89085341   8.54365864  81.71454639],
[  5.43061738   7.54625508  81.78777959],
[  3.07601607   8.86959357  81.79804842],
[  6.97469587   4.5379562   82.00183701],
[  6.07680902   5.88478647  82.04050071],
[  4.56797639   8.12134907  82.3240593 ],
[  5.97558301   6.07325098  82.42760229],
[  6.22648631   5.66027053  82.52937774],
[  4.45568242   8.19621172  82.83976724],
[  5.85586888   6.43239335  82.8522117 ],
[  6.56634037   5.15048945  82.90032187],
[  5.44599853   7.53600098  82.93515156],
[  2.65975508   8.93402449  83.00912952],
[  3.25522993   8.79790803  83.02160328],
[  4.66255325   8.05829783  83.1265359 ],
[  6.39495501   5.40756748  83.17229119],
[  6.87857571   4.68213644  83.31592627],
[  5.87023187   6.3893044   83.37587583],
[  6.30886676   5.53669986  83.45207688],
[  5.2346916    7.67687227  83.48454103],
[  2.00105907   8.99989409  83.53919918],
[  4.16731371   8.38845753  83.72134581],
[  4.70208339   8.03194441  83.77041096],
[  4.1505206    8.39965293  83.79315565],
[  3.79558562   8.58176575  83.90816522],
[  5.19032962   7.70644692  84.08013717],
[  3.08261763   8.86695295  84.11619201],
[  3.5258921    8.68964316  84.16397897],
[  4.15228392   8.39847739  84.31036956],
[  3.37227952   8.75108819  84.44401177],
[  4.95750621   7.86166252  84.89052511],
[  5.71307783   6.86076652  84.95454768],
[  2.54028512   8.94597149  84.95506321],
[  5.29887347   7.63408435  84.97653153],
[  5.53647016   7.39058952  85.06986514],
[  4.36609302   8.25593799  85.15344994],
[  3.0865295    8.8653882   85.20781627],
[  6.87698567   4.6845215   85.24120893],
[  4.01249295   8.49167137  85.32701876],
[  3.26238696   8.79504522  85.50102984],
[  6.14257017   5.78614474  85.52092537],
[  6.09866542   5.85200187  85.53496898],
[  3.82097186   8.57161126  85.5831427 ],
[  6.03952705   5.94070942  85.64484224],
[  3.90914526   8.53634189  86.05478863],
[  6.63822298   5.04266553  86.18234207],
[  2.47960981   8.95203902  86.2361594 ],
[  3.12344009   8.85062396  86.32211192],
[  6.73731064   4.89403405  86.713096  ],
[  4.71481795   8.0234547   86.75052241],
[  2.76944431   8.92305557  87.07248317],
[  4.96202399   7.85865067  87.40108657],
[  4.60568138   8.09621241  87.42230283],
[  3.95260805   8.51895678  87.43086042],
[  6.92278066   4.61582901  87.54061137],
[  6.02295992   5.96556012  87.71032575],
[  4.47323757   8.18450828  87.7746522 ],
[  4.73754179   8.00830547  87.85290712],
[  3.68676432   8.62529427  87.87765985],
[  5.09012328   7.77325115  87.88850794],
[  4.24185141   8.33876573  87.9511879 ],
[  3.28838679   8.78464528  88.0143896 ],
[  3.21952283   8.81219087  88.20286934],
[  5.0916468    7.77223547  88.22067311],
[  3.41116623   8.73553351  88.22503978],
[  6.10203343   5.84694985  88.34966774],
[  4.86258164   7.92494558  88.40059558],
[  6.91226711   4.63159934  88.53820787],
[  3.64274873   8.64290051  88.57118428],
[  5.82731243   6.51806271  88.61187231],
[  4.26056648   8.32628901  88.72010519],
[  6.29596028   5.55605958  88.78459384],
[  5.20687398   7.69541735  88.98564599],
[  2.43052834   8.95694717  89.04953369],
[  4.38701116   8.24199256  89.07296493],
[  6.32521395   5.51217907  89.14071351],
[  4.30232132   8.29845245  89.41807826],
[  3.30482587   8.77806965  89.45451169],
[  5.5730649    7.28080529  89.47877025],
[  4.58021988   8.11318675  89.56591755],
[  6.60045569   5.09931647  89.58256821],
[  2.0675577    8.99324423  89.71965598],
[  3.86335124   8.5546595   89.76791539],
[  3.89271871   8.54291252  89.8575862 ],
[  3.97761935   8.50895226  89.91645079],
[  2.69770247   8.93022975  89.96185794],
[  5.65613048   7.03160856  90.11387689],
[  2.64539994   8.93546001  90.16926986],
[  6.69676877   4.95484685  90.23735854],
[  5.64940003   7.05179992  90.35373423],
[  6.33840315   5.49239528  90.43656492],
[  4.16639532   8.38906979  90.6121992 ],
[  3.94728603   8.52108559  90.65020462],
[  5.21788783   7.68807478  90.72835069],
[  3.74655959   8.60137616  90.80701527],
[  5.47000616   7.5199959   91.15015864],
[  4.44188217   8.20541188  91.24162936],
[  4.76188436   7.99207709  91.25224874],
[  2.94998998   8.905001    91.26022823],
[  6.82513143   4.76230285  91.29209989],
[  5.75997452   6.72007644  91.35235074],
[  3.44125946   8.72349622  91.35770834],
[  5.10374726   7.76416849  91.79681085],
[  3.10792774   8.8568289   91.85373426],
[  5.67286869   6.98139394  91.86658104],
[  5.57228142   7.28315575  91.97272392],
[  6.77573049   4.83640426  92.33945504],
[  3.62188601   8.6512456   92.40773391],
[  6.59203738   5.11194393  92.4537182 ],
[  4.21729044   8.3551397   92.49443045],
[  2.67665827   8.93233417  92.51830201],
[  3.63485011   8.64605995  92.55834474],
[  6.65242184   5.02136725  92.57665176],
[  4.3450696   8.2699536  92.6131843],
[  6.16374851   5.75437723  92.69254215],
[  6.79182928   4.81225608  92.73459139],
[  5.26834493   7.65443671  92.75352154],
[  4.46868905   8.18754064  92.90606004],
[  6.16362061   5.75456909  93.03229208],
[  3.87781035   8.54887586  93.07446954],
[  5.71209385   6.86371844  93.27770016],
[  5.8806096    6.35817121  93.28941291],
[  4.97790382   7.84806412  93.29683659],
[  3.49002623   8.70398951  93.6254057 ],
[  5.11969036   7.75353976  93.63928042],
[  5.64612659   7.06162023  93.79505535],
[  6.08555655   5.87166518  93.86216382],
[  2.62750601   8.9372494   94.01711092],
[  4.05675424   8.46216384  94.1533925 ],
[  5.58671847   7.23984459  94.17243193],
[  6.55600493   5.16599261  94.51432365],
[  4.34731056   8.26845963  94.79599507],
[  6.71654508   4.92518237  94.79715005],
[  5.33205907   7.61196062  94.88813283],
[  4.9714038    7.85239747  94.95499774],
[  6.44180416   5.33729376  95.04083487],
[  4.19072207   8.37285195  95.34837803],
[  2.49229932   8.95077007  95.39117654],
[  6.44191589   5.33712617  95.45483141],
[  3.35275999   8.758896    95.46000566],
[  5.46464493   7.52357005  95.49008824],
[  5.89757413   6.30727761  95.83837797],
[  2.43927265   8.95607273  95.97078247],
[  3.30024447   8.77990221  95.97197771],
[  2.60740945   8.93925905  96.05601596],
[  3.76182885   8.59526846  96.16813105],
[  5.00417611   7.83054926  96.35014927],
[  5.6451129    7.06466131  96.76869892],
[  6.57126868   5.14309697  97.44168226],
[  6.45979079   5.31031381  97.58366197],
[  3.2594898    8.79620408  97.65227369],
[  5.82568974   6.52293079  97.71619971],
[  4.48868534   8.17420977  97.84820441],
[  6.71747024   4.92379464  98.1221325 ],
[  4.93329836   7.87780109  98.14631642],
[  4.16678606   8.38880929  98.14915035],
[  2.38819046   8.96118095  98.27001237],
[  3.86587694   8.55364922  98.38569301],
[  6.7841048    4.8238428   98.40269416],
[  5.61654388   7.15036836  98.52310554],
[  6.           6.          98.78493036],
[  3.54084821   8.68366072  98.87833505],
[  4.73078492   8.01281005  98.89407092],
[  6.4873318    5.2690023   98.91361025],
[  5.95332029   6.14003912  99.01336856],
[  4.59775779   8.10149481  99.05662442],
[  2.12308198   8.9876918   99.12659294],
[  6.31352383   5.52971425  99.19975185],
[  4.64086338   8.07275775  99.28859047],
[  6.95941588   4.56087618  99.3820307 ],
[  4.67837395   8.0477507   99.50419967],
[  2.00318544   8.99968146  99.53401219],
[  4.05820076   8.4611995   99.53418622],
[  6.97676901   4.53484649  99.60269126],
[  5.12553373   7.74964418  99.71033703],
[  4.55153818   8.13230788  99.83391299],
[  3.65812811   8.63674876  99.83534949],
[  2.09299299   8.9907007   99.88005493],
