[-0.44604725  0.89500942  0.        ],
[ 0.  1.  0.],
[-0.82241004 -0.56889517  0.        ],
[-0.08607932 -0.99628829  0.        ],
[-0.35356895 -0.93540847  0.        ],
[ 0.  1.  0.],
[-0.99176531 -0.12806865  0.        ],
[-0.6351054   0.77242549  0.        ],
[-0.34126073 -0.93996868  0.        ],
[ 0.  1.  0.],
[ 0.  1.  0.],
[-0.66599375  0.74595732  0.        ],
[-0.56184782 -0.82724061  0.        ],
[-0.97694171  0.21350618  0.        ],
[ 0.  1.  0.],
[ 0.  1.  0.],
[-0.3529775  -0.93563181  0.        ],
[ 0.  1.  0.],
[-0.38290644 -0.92378713  0.        ],
[-0.18340868 -0.98303675  0.        ],
[ -7.82651935e-04  -9.99999694e-01   0.00000000e+00],
[-0.96699876  0.25478107  0.        ],
[ 0.  1.  0.],
[-0.23119495  0.97290744  0.        ],
[-0.83408123  0.55164164  0.        ],
[ 0.  1.  0.],
[-0.70116727  0.71299682  0.        ],
[-0.7043278  -0.70987488  0.        ],
[-0.03009595 -0.99954701  0.        ],
[-0.0133111 -0.9999114  0.       ],
[-0.96397831  0.26598084  0.        ],
[ 0.  1.  0.],
[-0.97282069  0.23155973  0.        ],
[-0.95727249 -0.28918744  0.        ],
[-0.81309329 -0.58213341  0.        ],
[ 0.  1.  0.],
[-0.52936008 -0.84839726  0.        ],
[-0.54655135  0.83742559  0.        ],
[-0.0753684  -0.99715576  0.        ],
[-0.04338558  0.9990584   0.        ],
[ 0.  1.  0.],
[-0.03467815 -0.99939853  0.        ],
[-0.2138845  -0.97685896  0.        ],
[-0.95005634  0.31207844  0.        ],
[ 0.  1.  0.],
[-0.0622308   0.99806179  0.        ],
[ 0.  1.  0.],
[-0.72567949 -0.68803291  0.        ],
[ 0.  1.  0.],
[ 0.  1.  0.],
[-0.54485407 -0.83853089  0.        ],
[-0.9974526  -0.07133242  0.        ],
[-0.26253385 -0.96492278  0.        ],
[ 0.  1.  0.],
[ 0.  1.  0.],
[-0.08375827 -0.9964861   0.        ],
[ 0.  1.  0.],
[-0.74944456 -0.6620671   0.        ],
[-0.97901707  0.20377826  0.        ],
[-0.62917316 -0.77726516  0.        ],
[ 0.  1.  0.],
[ 0.  1.  0.],
[-0.87538968 -0.48341794  0.        ],
[ -4.85604728e-17   1.00000000e+00   0.00000000e+00],
[-0.53331498 -0.84591674  0.        ],
[-0.82585423  0.56388366  0.        ],
[-0.06977205  0.99756296  0.        ],
[ 0.  1.  0.],
[ 0.  1.  0.],
[ 0.  1.  0.],
[ 0.  1.  0.],
[ 0.  1.  0.],
[ 0.  1.  0.],
[ 0.  1.  0.],
[-0.92309876 -0.38456297  0.        ],
[ 0.  1.  0.],
[-0.67958398  0.73359772  0.        ],
[-0.55638756  0.83092291  0.        ],
[-0.82083388 -0.571167    0.        ],
[-0.4208309  0.9071391  0.       ],
[-0.97564099  0.21937332  0.        ],
[ -9.78848570e-17   1.00000000e+00   0.00000000e+00],
[-0.94101068 -0.33837687  0.        ],
[-0.0112063  -0.99993721  0.        ],
[ 0.  1.  0.],
[-0.25577261  0.96673697  0.        ],
[-0.64882586  0.76093692  0.        ],
[-0.83366268 -0.55227397  0.        ],
[-0.18335486  0.98304679  0.        ],
[  9.12788961e-17   1.00000000e+00   0.00000000e+00],
[ 0.  1.  0.],
[-0.97665549 -0.21481169  0.        ],
[-0.88849418  0.45888789  0.        ],
[-0.11048223  0.9938781   0.        ],
[-0.69135254 -0.72251759  0.        ],
[-0.05121438 -0.99868768  0.        ],
[-0.67189555  0.74064591  0.        ],
[ -4.50182198e-17   1.00000000e+00   0.00000000e+00],
[-0.94211646 -0.33528582  0.        ],
[ 0.  1.  0.],
[-0.23704718  0.97149814  0.        ],
[-0.18208287  0.98328319  0.        ],
[-0.66422334 -0.74753419  0.        ],
[-0.6660886  -0.74587263  0.        ],
[ 0.  1.  0.],
[-0.90773713  0.41953938  0.        ],
[ 0.  1.  0.],
[-0.98806594  0.15403149  0.        ],
[-0.95346332  0.30150902  0.        ],
[-0.02979841 -0.99955593  0.        ],
[-0.39736784  0.91765941  0.        ],
[-0.06114104  0.99812914  0.        ],
[-0.26192718  0.96508764  0.        ],
[-0.22803514 -0.9736529   0.        ],
[-0.95840089 -0.28542553  0.        ],
[-0.43388547 -0.90096803  0.        ],
[-0.25005552 -0.9682315   0.        ],
[ 0.  1.  0.],
[ 0.  1.  0.],
[-0.00909797 -0.99995861  0.        ],
[-0.98156395  0.191134    0.        ],
[-0.03830279 -0.99926618  0.        ],
[-0.26762134 -0.96352417  0.        ],
[ 0.  1.  0.],
[  9.64294502e-17   1.00000000e+00   0.00000000e+00],
[-0.22204217  0.97503706  0.        ],
[ 0.  1.  0.],
[ 0.  1.  0.],
[-0.62758878  0.778545    0.        ],
[-0.04287902  0.99908027  0.        ],
[-0.65909339 -0.7520611   0.        ],
[ -2.83398104e-18   1.00000000e+00   0.00000000e+00],
[ 0.  1.  0.],
[-0.54036152  0.84143296  0.        ],
[-0.02325112 -0.99972966  0.        ],
[ 0.  1.  0.],
[-0.53184447 -0.84684205  0.        ],
[ 0.  1.  0.],
[-0.06978175 -0.99756228  0.        ],
[-0.86833033 -0.49598633  0.        ],
[-0.37047837  0.92884109  0.        ],
[-0.18487083  0.98276283  0.        ],
[-0.03474761 -0.99939612  0.        ],
[-0.00853892 -0.99996354  0.        ],
[-0.73373306 -0.67943785  0.        ],
[-0.6078356  0.7940629  0.       ],
[ 0.  1.  0.],
[-0.25559598  0.96678368  0.        ],
[ 0.  1.  0.],
[-0.2561114   0.96664727  0.        ],
[-0.08028575 -0.99677189  0.        ],
[-0.68000744  0.73320521  0.        ],
[ 0.  1.  0.],
[-0.05132796  0.99868185  0.        ],
[ 0.  1.  0.],
[-0.96056786  0.27804567  0.        ],
[-0.9444728   0.32858961  0.        ],
[ 0.  1.  0.],
[-0.00856196 -0.99996335  0.        ],
[-0.99745086  0.07135672  0.        ],
[ 0.  1.  0.],
[ 0.  1.  0.],
[-0.98422988  0.17689415  0.        ],
[ 0.  1.  0.],
[ 0.  1.  0.],
[-0.09247774  0.99571475  0.        ],
[-0.75777434 -0.65251671  0.        ],
[-0.98246003  0.18647329  0.        ],
[-0.38077262 -0.92466871  0.        ],
[ 0.  1.  0.],
[-0.86560175  0.50073307  0.        ],
[-0.73391164 -0.67924495  0.        ],
[ 0.  1.  0.],
[ 0.  1.  0.],
[-0.2256973   0.97419748  0.        ],
[-0.70181351  0.71236073  0.        ],
[ 0.  1.  0.],
[-0.43249918 -0.90163433  0.        ],
[-0.47094202  0.88216416  0.        ],
[-0.51415669 -0.85769628  0.        ],
[-0.73053446 -0.68287583  0.        ],
[ 0.  1.  0.],
[-0.65583152 -0.75490729  0.        ],
[-0.66144169 -0.74999659  0.        ],
[-0.80073988  0.59901222  0.        ],
[ 0.  1.  0.],
[ -2.32509650e-17   1.00000000e+00   0.00000000e+00],
[-0.36399846  0.93139955  0.        ],
[-0.07137498  0.99744955  0.        ],
[-0.79260612 -0.60973399  0.        ],
[-0.24867114  0.96858797  0.        ],
[-0.03768165  0.99928979  0.        ],
[-0.98797383 -0.1546212   0.        ],
[ -4.49245223e-17   1.00000000e+00   0.00000000e+00],
[ 0.  1.  0.],
[-0.87180468  0.48985365  0.        ],
[ 0.  1.  0.],
[-0.99524571 -0.09739594  0.        ],
[-0.19885068 -0.9800298   0.        ],
[-0.63101664  0.7757693   0.        ],
[ 0.  1.  0.],
[ -6.06920021e-18   1.00000000e+00   0.00000000e+00],
[-0.74417156 -0.66798854  0.        ],
[ 0.  1.  0.],
[-0.54342162 -0.83945991  0.        ],
[ 0.  1.  0.],
[ 0.  1.  0.],
[-0.65603549  0.75473004  0.        ],
[ 0.  1.  0.],
[ 0.  1.  0.],
[-0.70676678 -0.70744662  0.        ],
[-0.60115649  0.79913132  0.        ],
[-0.88761686 -0.46058258  0.        ],
[ 0.  1.  0.],
[-0.50924373 -0.86062235  0.        ],
[-0.311346    0.95029662  0.        ],
[-0.39573311  0.91836556  0.        ],
[-0.7591903   0.65086872  0.        ],
[-0.81099597 -0.58505174  0.        ],
[-0.98622238 -0.16542497  0.        ],
[  9.78214389e-17   1.00000000e+00   0.00000000e+00],
[ 0.  1.  0.],
[-0.0750579  -0.99717918  0.        ],
[-0.34080305  0.94013472  0.        ],
[ 0.  1.  0.],
[-0.40976761 -0.91218995  0.        ],
[-0.97941101  0.20187638  0.        ],
[ 0.  1.  0.],
[ 0.  1.  0.],
[-0.59536225  0.8034574   0.        ],
[ 0.  1.  0.],
[-0.49973897  0.86617606  0.        ],
[-0.96903144  0.24693739  0.        ],
[-0.81792072 -0.57533094  0.        ],
[ 0.  1.  0.],
[ 0.  1.  0.],
[-0.78158678 -0.62379653  0.        ],
[-0.0647419  -0.99790204  0.        ],
[-0.12278945  0.99243274  0.        ],
[ -9.81873508e-17   1.00000000e+00   0.00000000e+00],
[ 0.  1.  0.],
[-0.97424877  0.22547579  0.        ],
[ 0.  1.  0.],
[ 0.  1.  0.],
[-0.42973769  0.90295377  0.        ],
[-0.8374096   0.54657585  0.        ],
[-0.90026847  0.43533514  0.        ],
[ 0.  1.  0.],
[-0.06666282  0.99777556  0.        ],
[ 0.  1.  0.],
[-0.49946442  0.8663344   0.        ],
[-0.21948576  0.9756157   0.        ],
[-0.97297519  0.23090966  0.        ],
[-0.99841958 -0.05619917  0.        ],
[ 0.  1.  0.],
[-0.00666088  0.99997782  0.        ],
[-0.80494119  0.5933546   0.        ],
[ 0.  1.  0.],
[ 0.  1.  0.],
[-0.77997181  0.62581465  0.        ],
[ 0.  1.  0.],
[-0.08974698  0.9959646   0.        ],
[ 0.  1.  0.],
[-0.23996613 -0.97078126  0.        ],
[ 0.  1.  0.],
[-0.21703066 -0.97616479  0.        ],
[-0.59739288 -0.80194872  0.        ],
[ -1.79086670e-16   1.00000000e+00   0.00000000e+00],
[-0.34059326  0.94021074  0.        ],
[-0.05316252 -0.99858587  0.        ],
[-0.41596169  0.90938214  0.        ],
[-0.90066017  0.43452418  0.        ],
[-0.96760622 -0.25246425  0.        ],
[-0.77843687  0.6277229   0.        ],
[-0.12568901  0.99206969  0.        ],
[ 0.  1.  0.],
[ 0.  1.  0.],
[-0.64020982 -0.7682001   0.        ],
[ 0.  1.  0.],
[-0.2889366   0.95734824  0.        ],
[-0.07122729 -0.99746011  0.        ],
[-0.98956635 -0.14407787  0.        ],
[-0.83697926  0.5472346   0.        ],
[ 0.  1.  0.],
[-0.75035226  0.66103818  0.        ],
[-0.58812352 -0.80877112  0.        ],
[ 0.  1.  0.],
[-0.98840049  0.15186993  0.        ],
[-0.05256832 -0.99861733  0.        ],
[ 0.  1.  0.],
[-0.3120783  -0.95005639  0.        ],
[ 0.  1.  0.],
[ 0.  1.  0.],
[-0.99886585 -0.04761326  0.        ],
[-0.98989555 -0.14179844  0.        ],
[-0.00124709 -0.99999922  0.        ],
[-0.23475854 -0.97205372  0.        ],
[-0.34858313  0.93727787  0.        ],
[ 0.  1.  0.],
[-0.00298995 -0.99999553  0.        ],
[-0.10815641  0.99413389  0.        ],
[-0.27425516 -0.96165696  0.        ],
[-0.22240667  0.97495399  0.        ],
[-0.37353108  0.92761767  0.        ],
[ 0.  1.  0.],
[-0.00768359  0.99997048  0.        ],
[  4.90339906e-17   1.00000000e+00   0.00000000e+00],
[ 0.  1.  0.],
[-0.97815216 -0.20789024  0.        ],
[ 0.  1.  0.],
[-0.35067825  0.936496    0.        ],
[ 0.  1.  0.],
[-0.88576513 -0.46413374  0.        ],
[-0.46111933 -0.88733813  0.        ],
[-0.00154603 -0.9999988   0.        ],
[ 0.  1.  0.],
[-0.17064145 -0.98533319  0.        ],
[-0.03945333  0.99922141  0.        ],
[ 0.  1.  0.],
[ 0.  1.  0.],
[ -4.75018714e-17   1.00000000e+00   0.00000000e+00],
[ 0.  1.  0.],
[ 0.  1.  0.],
[-0.76380971  0.6454415   0.        ],
[-0.52066554  0.85376074  0.        ],
[ 0.  1.  0.],
[-0.03307447  0.99945289  0.        ],
[-0.50746835  0.8616704   0.        ],
[-0.00243431 -0.99999704  0.        ],
[-0.47829196 -0.87820089  0.        ],
[-0.66914699 -0.74313007  0.        ],
[-0.55044036 -0.83487449  0.        ],
[-0.42261906 -0.90630741  0.        ],
[ 0.  1.  0.],
[ 0.  1.  0.],
[-0.02266532 -0.99974311  0.        ],
[-0.36799296 -0.92982858  0.        ],
[-0.70840097  0.70581022  0.        ],
[-0.0545007  -0.99851373  0.        ],
[-0.5143689  -0.85756903  0.        ],
[-0.4235991  -0.90584977  0.        ],
[ 0.  1.  0.],
[-0.98160265  0.19093514  0.        ],
[-0.58854151 -0.808467    0.        ],
[ 0.  1.  0.],
[ 0.  1.  0.],
[ 0.  1.  0.],
[ 0.  1.  0.],
[-0.5243461   0.85150523  0.        ],
[-0.98615608 -0.16581977  0.        ],
[-0.00301156 -0.99999547  0.        ],
[ 0.  1.  0.],
[ 0.  1.  0.],
[-0.44997455  0.89304138  0.        ],
[ 0.  1.  0.],
[ -9.03038027e-17   1.00000000e+00   0.00000000e+00],
[-0.06421949 -0.9979358   0.        ],
[-0.12878151  0.99167299  0.        ],
[-0.02856277 -0.999592    0.        ],
[-0.99409389 -0.10852347  0.        ],
[-0.05717621 -0.9983641   0.        ],
[-0.90943904 -0.41583726  0.        ],
[-0.91736219  0.39805353  0.        ],
[-0.60704529  0.79466724  0.        ],
[-0.98756015  0.15724171  0.        ],
[-0.99995411 -0.00958045  0.        ],
[-0.40987278  0.9121427   0.        ],
[-0.76848127 -0.63987228  0.        ],
[-0.28704742  0.95791637  0.        ],
[-0.98423724 -0.17685318  0.        ],
[-0.01703896  0.99985483  0.        ],
[-0.03477901 -0.99939503  0.        ],
[ 0.  1.  0.],
[-0.09179398 -0.99577802  0.        ],
[ 0.  1.  0.],
[ 0.  1.  0.],
[ 0.  1.  0.],
[-0.99665046 -0.08177936  0.        ],
[ 0.  1.  0.],
[ 0.  1.  0.],
[-0.99500332  0.09984183  0.        ],
[-0.96363987 -0.2672044   0.        ],
[ 0.  1.  0.],
[-0.07666627  0.99705681  0.        ],
[ 0.  1.  0.],
[-0.99566422  0.09302022  0.        ],
[-0.27786739  0.96061944  0.        ],
[-0.50506937 -0.86307875  0.        ],
[ 0.  1.  0.],
[-0.05551517  0.99845784  0.        ],
[-0.98239455  0.18681798  0.        ],
[-0.0698652  -0.99755644  0.        ],
[-0.04190726 -0.99912151  0.        ],
[-0.78480612 -0.61974137  0.        ],
[ 0.  1.  0.],
[-0.05265769 -0.99861262  0.        ],
[-0.2115848  -0.97735964  0.        ],
[-0.02008018 -0.99979837  0.        ],
[-0.03658895 -0.9993304   0.        ],
[ 0.  1.  0.],
[ 0.  1.  0.],
[-0.53657782 -0.84385084  0.        ],
[ 0.  1.  0.],
[-0.08373041 -0.99648844  0.        ],
[-0.57575045 -0.81762547  0.        ],
[-0.51802842  0.8553634   0.        ],
[ 0.  1.  0.],
[-0.15315752  0.98820179  0.        ],
[-0.15257257  0.98829227  0.        ],
[-0.2968215  -0.95493298  0.        ],
[-0.99973475  0.02303087  0.        ],
[-0.29460115 -0.9556203   0.        ],
[ 0.  1.  0.],
[ 0.  1.  0.],
[-0.07824127  0.99693445  0.        ],
[-0.08923852 -0.99601028  0.        ],
[-0.02712947 -0.99963193  0.        ],
[-0.83467846 -0.55073757  0.        ],
[-0.08456192 -0.99641823  0.        ],
[-0.77449618 -0.63257859  0.        ],
[-0.04433463 -0.99901674  0.        ],
[-0.24748658  0.96889132  0.        ],
[ 0.  1.  0.],
[-0.56276717  0.82661545  0.        ],
[ 0.  1.  0.],
[ 0.  1.  0.],
[  9.20024391e-17   1.00000000e+00   0.00000000e+00],
[-0.97585429  0.21842252  0.        ],
[ 0.  1.  0.],
[-0.99183086 -0.12755995  0.        ],
[-0.97615563  0.21707185  0.        ],
[-0.90928064  0.41618352  0.        ],
[-0.05760791 -0.99833929  0.        ],
[ 0.  1.  0.],
[ 0.  1.  0.],
[-0.24179746  0.97032674  0.        ],
[-0.62107384 -0.78375206  0.        ],
[-0.11602388 -0.99324642  0.        ],
[-0.52943558  0.84835014  0.        ],
[-0.65422083 -0.75630358  0.        ],
[-0.96845773 -0.24917792  0.        ],
[-0.7552855   0.65539592  0.        ],
[-0.90809164 -0.4187715   0.        ],
[ 0.  1.  0.],
[-0.0140466   0.99990134  0.        ],
[ 0.  1.  0.],
[  1.96143013e-16   1.00000000e+00   0.00000000e+00],
[-0.42417882 -0.90557845  0.        ],
[ 0.  1.  0.],
[-0.98501586 -0.17246378  0.        ],
[ 0.  1.  0.],
[ 0.  1.  0.],
[-0.1806677 -0.9835442  0.       ],
[-0.04039231 -0.9991839   0.        ],
[ 0.  1.  0.],
[ -9.50403161e-17   1.00000000e+00   0.00000000e+00],
[-0.06398487 -0.99795087  0.        ],
[-0.03426998  0.99941261  0.        ],
[-0.53553463  0.84451327  0.        ],
[-0.63661962  0.77117797  0.        ],
[-0.23308925 -0.97245535  0.        ],
[-0.0083914   0.99996479  0.        ],
[ 0.  1.  0.],
[ 0.  1.  0.],
[-0.56189842  0.82720624  0.        ],
[-0.31903796 -0.94774194  0.        ],
[-0.53868001 -0.84251044  0.        ],
[ 0.  1.  0.],
[ 0.  1.  0.],
[-0.18346374  0.98302648  0.        ],
[-0.27907115 -0.96027043  0.        ],
[-0.90704302 -0.42103796  0.        ],
[-0.6986047  -0.71550784  0.        ],
[ 0.  1.  0.],
[-0.01744149 -0.99984789  0.        ],
[-0.2951345   0.95545572  0.        ],
[-0.98331262 -0.18192386  0.        ],
[-0.04786976 -0.99885359  0.        ],
[ 0.  1.  0.],
[-0.89494329 -0.4461799   0.        ],
[-0.00772492 -0.99997016  0.        ],
[ 0.  1.  0.],
[ 0.  1.  0.],
[-0.21986353 -0.97553064  0.        ],
[  9.86444785e-17   1.00000000e+00   0.00000000e+00],
[ 0.  1.  0.],
[ 0.  1.  0.],
[ 0.  1.  0.],
[ 0.  1.  0.],
[-0.06094054 -0.9981414   0.        ],
[ 0.  1.  0.],
[ 0.  1.  0.],
[-0.95688404 -0.29047021  0.        ],
[-0.00812099 -0.99996702  0.        ],
[ 0.  1.  0.],
[-0.06596875  0.99782169  0.        ],
[-0.93810944  0.34633896  0.        ],
[-0.61151293  0.79123444  0.        ],
[-0.80833578 -0.58872172  0.        ],
[-0.89316338  0.44973234  0.        ],
[ 0.  1.  0.],
[-0.07931105 -0.99684992  0.        ],
[-0.99356214  0.11328846  0.        ],
[-0.35726645 -0.93400251  0.        ],
[-0.70041972  0.71373119  0.        ],
[-0.98108912 -0.19355657  0.        ],
[-0.21680976  0.97621387  0.        ],
[ 0.  1.  0.],
[-0.64037201 -0.7680649   0.        ],
[-0.08113691 -0.99670297  0.        ],
[-0.23246665 -0.97260437  0.        ],
[ 0.  1.  0.],
[-0.71655928  0.6975262   0.        ],
[-0.58150209  0.81354491  0.        ],
[-0.02418989 -0.99970738  0.        ],
[ 0.  1.  0.],
[ 0.  1.  0.],
[-0.45890111  0.88848735  0.        ],
[-0.63663948  0.77116157  0.        ],
[  9.15500619e-17   1.00000000e+00   0.00000000e+00],
[-0.78877587 -0.61468091  0.        ],
[ -4.56933453e-17   1.00000000e+00   0.00000000e+00],
[-0.15147344  0.98846133  0.        ],
[ 0.  1.  0.],
[ 0.  1.  0.],
[-0.44112742  0.89744448  0.        ],
[ 0.  1.  0.],
[ 0.  1.  0.],
[-0.06335716 -0.99799092  0.        ],
[-0.9590949   0.28308474  0.        ],
[ 0.  1.  0.],
[-0.99618713 -0.08724215  0.        ],
[ 0.  1.  0.],
[ 0.  1.  0.],
[-0.16543664  0.98622042  0.        ],
[-0.02498981 -0.99968771  0.        ],
[ 0.  1.  0.],
[-0.17935193  0.98378498  0.        ],
[-0.51794295  0.85541516  0.        ],
[-0.52692276 -0.84991318  0.        ],
[-0.2532351  -0.96740477  0.        ],
[-0.51392109 -0.85783747  0.        ],
[-0.07580679 -0.99712253  0.        ],
[ 0.  1.  0.],
[-0.99411662 -0.10831499  0.        ],
[ 0.  1.  0.],
[-0.1980343  -0.98019509  0.        ],
[ 0.  1.  0.],
[ -9.04842884e-17   1.00000000e+00   0.00000000e+00],
[ 0.  1.  0.],
[ 0.  1.  0.],
[  4.61135494e-17   1.00000000e+00   0.00000000e+00],
[  2.36450046e-17   1.00000000e+00   0.00000000e+00],
[-0.29405976  0.95578704  0.        ],
[-0.39776022  0.9174894   0.        ],
[-0.58574421 -0.81049597  0.        ],
[-0.46364155 -0.88602286  0.        ],
[-0.96777245  0.2518263   0.        ],
[ 0.  1.  0.],
[-0.01989753 -0.99980202  0.        ],
[-0.97965778  0.20067542  0.        ],
[  2.26351532e-17   1.00000000e+00   0.00000000e+00],
[-0.39181094 -0.92004575  0.        ],
[ 0.  1.  0.],
[-0.91189298 -0.41042806  0.        ],
[ 0.  1.  0.],
[-0.97260342  0.23247063  0.        ],
[ 0.  1.  0.],
[-0.79933544  0.60088506  0.        ],
[ -4.51383762e-17   1.00000000e+00   0.00000000e+00],
[-0.78969593  0.61349844  0.        ],
[-0.21440752  0.97674429  0.        ],
[-0.97815603 -0.20787203  0.        ],
[ 0.  1.  0.],
[-0.99856608  0.05353294  0.        ],
[ 0.  1.  0.],
[-0.63138893  0.77546633  0.        ],
[ 0.  1.  0.],
[-0.89474273 -0.44658195  0.        ],
[-0.08849761 -0.99607639  0.        ],
[  9.40935620e-17   1.00000000e+00   0.00000000e+00],
[-0.9626444   0.27076884  0.        ],
[-0.90620251 -0.42284396  0.        ],
[-0.89846752  0.43904     0.        ],
[-0.22810546  0.97363643  0.        ],
[-0.52389629  0.85178206  0.        ],
[-0.52803932  0.84921992  0.        ],
[-0.99167795 -0.12874335  0.        ],
[-0.41914086 -0.90792122  0.        ],
[ 0.  1.  0.],
[ 0.  1.  0.],
[-0.02702828 -0.99963467  0.        ],
[ 0.  1.  0.],
[-0.24919842 -0.96845245  0.        ],
[-0.28657149  0.95805886  0.        ],
[ 0.  1.  0.],
[  9.44126178e-17   1.00000000e+00   0.00000000e+00],
[-0.79963511  0.60048621  0.        ],
[ 0.  1.  0.],
[-0.54791039  0.83653703  0.        ],
[-0.88851739  0.45884295  0.        ],
[-0.97758982  0.21051876  0.        ],
[ 0.  1.  0.],
[-0.58801445  0.80885042  0.        ],
[-0.39429769 -0.91898277  0.        ],
[ 0.  1.  0.],
[-0.97436427  0.22497614  0.        ],
[ 0.  1.  0.],
[-0.40779991 -0.91307132  0.        ],
[ 0.  1.  0.],
[-0.06898817 -0.99761748  0.        ],
[ 0.  1.  0.],
[-0.03159213 -0.99950084  0.        ],
[ -4.48098208e-17   1.00000000e+00   0.00000000e+00],
[-0.07883964  0.99688731  0.        ],
[ 0.  1.  0.],
[  4.49230981e-17   1.00000000e+00   0.00000000e+00],
[ 0.  1.  0.],
[ 0.  1.  0.],
[ 0.  1.  0.],
[ 0.  1.  0.],
[ 0.  1.  0.],
[ 0.  1.  0.],
[-0.90551334 -0.4243178   0.        ],
[-0.17664359  0.98427488  0.        ],
[-0.67215113 -0.74041398  0.        ],
[ 0.  1.  0.],
[-0.51536043  0.85697353  0.        ],
[-0.03653023 -0.99933255  0.        ],
[-0.28669701 -0.95802131  0.        ],
[-0.47819644 -0.8782529   0.        ],
[-0.92635798  0.37664426  0.        ],
[ 0.  1.  0.],
[-0.03961973 -0.99921483  0.        ],
[-0.02070128 -0.99978571  0.        ],
[-0.49134431 -0.87096542  0.        ],
[ 0.  1.  0.],
[-0.34207671  0.93967203  0.        ],
[-0.67917426  0.73397706  0.        ],
[-0.7006639   0.71349149  0.        ],
[-0.03266258 -0.99946644  0.        ],
[-0.50943409  0.86050968  0.        ],
[ 0.  1.  0.],
[-0.03049633 -0.99953488  0.        ],
[-0.10261273  0.99472138  0.        ],
[-0.18605939  0.9825385   0.        ],
[ -4.78216431e-17   1.00000000e+00   0.00000000e+00],
[-0.65567844  0.75504025  0.        ],
[ 0.  1.  0.],
[-0.93255947  0.36101638  0.        ],
[-0.05358763 -0.99856315  0.        ],
[ 0.  1.  0.],
[-0.15809796  0.98742343  0.        ],
[ 0.  1.  0.],
[-0.12456633 -0.99221128  0.        ],
[-0.03118487 -0.99951363  0.        ],
[-0.15025443  0.98864736  0.        ],
[-0.19810363 -0.98018108  0.        ],
[  9.36533662e-17   1.00000000e+00   0.00000000e+00],
[-0.77092997  0.63691992  0.        ],
[-0.06659173  0.99778031  0.        ],
[ 0.  1.  0.],
[-0.54435106  0.83885751  0.        ],
[-0.94564555 -0.32519915  0.        ],
[-0.40968756 -0.91222591  0.        ],
[-0.97175158  0.23600608  0.        ],
[ 0.  1.  0.],
[-0.80630164 -0.59150458  0.        ],
[-0.96038702  0.27866965  0.        ],
[ 0.  1.  0.],
[-0.30301333  0.95298632  0.        ],
[-0.05123061 -0.99868685  0.        ],
[-0.04223016  0.99910791  0.        ],
[-0.83669095 -0.54767531  0.        ],
[-0.01246959 -0.99992225  0.        ],
[-0.53938622  0.84205849  0.        ],
[ 0.  1.  0.],
[-0.08187384 -0.9966427   0.        ],
[-0.70111007 -0.71305306  0.        ],
[ 0.  1.  0.],
[-0.4310167   0.90234395  0.        ],
[-0.99193119 -0.12677742  0.        ],
[-0.55685341 -0.83061079  0.        ],
[-0.22992562  0.9732082   0.        ],
[-0.00986217 -0.99995137  0.        ],
[ -4.54760939e-17   1.00000000e+00   0.00000000e+00],
[ 0.  1.  0.],
[  2.28966242e-17   1.00000000e+00   0.00000000e+00],
[  1.79804367e-16   1.00000000e+00   0.00000000e+00],
[ 0.  1.  0.],
[-0.00546693 -0.99998506  0.        ],
[-0.96379787  0.26663397  0.        ],
[-0.197711   -0.98026035  0.        ],
[ -9.11422342e-17   1.00000000e+00   0.00000000e+00],
[-0.70983668  0.7043663   0.        ],
[-0.91816873 -0.39618959  0.        ],
[ 0.  1.  0.],
[-0.77793472 -0.6283451   0.        ],
[  9.37896634e-17   1.00000000e+00   0.00000000e+00],
[-0.93735889  0.34836519  0.        ],
[ 0.  1.  0.],
[ 0.  1.  0.],
[-0.60989216  0.79248442  0.        ],
[-0.19951529 -0.97989471  0.        ],
[-0.0334428  -0.99944063  0.        ],
[ 0.  1.  0.],
[ -4.78000940e-17   1.00000000e+00   0.00000000e+00],
[ 0.  1.  0.],
[-0.90987883 -0.4148741   0.        ],
[ 0.  1.  0.],
[-0.07627511 -0.99708681  0.        ],
[ 0.  1.  0.],
[-0.07345077  0.99729884  0.        ],
[ 0.  1.  0.],
[-0.99041209  0.13814444  0.        ],
[-0.25095398 -0.96799902  0.        ],
[ 0.  1.  0.],
[-0.47107678  0.88209221  0.        ],
[ -9.52701642e-17   1.00000000e+00   0.00000000e+00],
[-0.91656374  0.39988862  0.        ],
[-0.26451136  0.96438257  0.        ],
[-0.70094575  0.7132146   0.        ],
[-0.03486576 -0.999392    0.        ],
[-0.9977205  -0.06748185  0.        ],
[-0.42148577 -0.90683502  0.        ],
[-0.46154293  0.88711788  0.        ],
[-0.66524729  0.74662309  0.        ],
[-0.07337291 -0.99730458  0.        ],
[-0.06174779  0.99809178  0.        ],
[-0.02820367 -0.9996022   0.        ],
[-0.60750896 -0.79431283  0.        ],
[-0.04773942 -0.99885982  0.        ],
[ 0.  1.  0.],
[ 0.  1.  0.],
[-0.07465265  0.9972096   0.        ],
[ 0.  1.  0.],
[-0.69924891  0.71487829  0.        ],
[ -1.45552023e-18   1.00000000e+00   0.00000000e+00],
[ 0.  1.  0.],
[-0.0829635   0.99655259  0.        ],
[-0.12703801 -0.99189785  0.        ],
[-0.51686515 -0.85606683  0.        ],
[ 0.  1.  0.],
[-0.04318594 -0.99906705  0.        ],
[-0.38435725  0.92318444  0.        ],
[-0.49794278  0.86720989  0.        ],
[-0.99276981  0.12003379  0.        ],
[-0.47874533 -0.87795382  0.        ],
[-0.01242792 -0.99992277  0.        ],
[-0.09814455  0.99517217  0.        ],
[-0.0103385  -0.99994656  0.        ],
[ 0.  1.  0.],
[ 0.  1.  0.],
[-0.80770113  0.58959214  0.        ],
[-0.65772361  0.75325935  0.        ],
[-0.64957518 -0.76029737  0.        ],
[-0.81843951 -0.57459269  0.        ],
[ 0.  1.  0.],
[-0.07091716 -0.99748221  0.        ],
[-0.85407905  0.52014322  0.        ],
[-0.03690262 -0.99931887  0.        ],
[-0.35318824 -0.93555228  0.        ],
[-0.45664048 -0.88965132  0.        ],
[ 0.  1.  0.],
[-0.95938239  0.2821089   0.        ],
[-0.54766504  0.83669768  0.        ],
[ 0.  1.  0.],
[-0.89672629 -0.44258554  0.        ],
[ 0.  1.  0.],
[-0.74886892  0.66271815  0.        ],
[-0.8348064  -0.55054361  0.        ],
[ 0.  1.  0.],
[-0.38894429  0.92126128  0.        ],
[-0.55122316  0.83435785  0.        ],
[-0.99114481  0.13278539  0.        ],
[ 0.  1.  0.],
[-0.89306463  0.44992839  0.        ],
[-0.20113145  0.97956426  0.        ],
[-0.81186367 -0.58384706  0.        ],
[ 0.  1.  0.],
[-0.04040457 -0.9991834   0.        ],
[ 0.  1.  0.],
[-0.06175769  0.99809117  0.        ],
[ 0.  1.  0.],
[ 0.  1.  0.],
[-0.06407193  0.99794528  0.        ],
[ 0.  1.  0.],
[-0.00330187  0.99999455  0.        ],
[-0.06867622 -0.997639    0.        ],
[-0.0855894  -0.99633049  0.        ],
[-0.64933961 -0.76049857  0.        ],
[-0.20457062  0.97885181  0.        ],
[ 0.  1.  0.],
[ 0.  1.  0.],
[-0.2875298   0.95777169  0.        ],
[-0.15401985  0.98806775  0.        ],
[-0.64103565  0.76751111  0.        ],
[ 0.  1.  0.],
[-0.86603155  0.49998935  0.        ],
[-0.95837518 -0.28551186  0.        ],
[-0.05268618 -0.99861112  0.        ],
[ 0.  1.  0.],
[ 0.  1.  0.],
[ 0.  1.  0.],
[-0.74146299  0.67099377  0.        ],
[-0.99999202  0.00399544  0.        ],
[ 0.  1.  0.],
[  2.33265822e-17   1.00000000e+00   0.00000000e+00],
[-0.96415864 -0.26532643  0.        ],
[-0.8767721  -0.48090611  0.        ],
[-0.79606532 -0.60521071  0.        ],
[-0.549672   -0.83538057  0.        ],
[-0.00744576 -0.99997228  0.        ],
[-0.57044948 -0.82133269  0.        ],
[-0.01047624 -0.99994512  0.        ],
[-0.99934313 -0.03623973  0.        ],
[-0.95752678 -0.28834435  0.        ],
[-0.41382476 -0.91035656  0.        ],
[-0.27725266 -0.96079705  0.        ],
[ 0.  1.  0.],
[ 0.  1.  0.],
[ -2.43687743e-17   1.00000000e+00   0.00000000e+00],
[-0.08855417  0.99607136  0.        ],
[-0.89053772  0.45490942  0.        ],
[-0.0723484   0.99737942  0.        ],
[-0.57637916 -0.81718239  0.        ],
[-0.76460792  0.64449572  0.        ],
[-0.00518135 -0.99998658  0.        ],
[-0.83530657 -0.54978444  0.        ],
[ 0.  1.  0.],
[ 0.  1.  0.],
[-0.74777607 -0.66395102  0.        ],
[-0.99994503  0.01048553  0.        ],
[ 0.  1.  0.],
[ 0.  1.  0.],
[-0.07939317 -0.99684338  0.        ],
[-0.0306864  -0.99952906  0.        ],
[-0.62625865 -0.77961535  0.        ],
[-0.02611655 -0.9996589   0.        ],
[  9.48388485e-17   1.00000000e+00   0.00000000e+00],
[ 0.  1.  0.],
[-0.7465298  -0.66535198  0.        ],
[-0.03595897 -0.99935327  0.        ],
[ 0.  1.  0.],
[-0.66753881  0.744575    0.        ],
[  2.40308368e-17   1.00000000e+00   0.00000000e+00],
[-0.89178523 -0.45245896  0.        ],
[-0.26562705 -0.96407586  0.        ],
[-0.02585406 -0.99966573  0.        ],
[-0.53753295 -0.84324275  0.        ],
[-0.08712575 -0.99619732  0.        ],
[-0.9885269   0.15104494  0.        ],
[-0.99469558 -0.10286256  0.        ],
[-0.63801096  0.77002728  0.        ],
[-0.13058973  0.99143649  0.        ],
[-0.64135706 -0.76724254  0.        ],
[-0.61846095  0.78581553  0.        ],
[-0.71498259  0.69914226  0.        ],
[-0.99841984  0.05619446  0.        ],
[ 0.  1.  0.],
[-0.58742832 -0.8092762   0.        ],
[ 0.  1.  0.],
[-0.51490547  0.85724696  0.        ],
[-0.01732522  0.99984991  0.        ],
[-0.99945264 -0.03308191  0.        ],
[-0.57888094 -0.81541208  0.        ],
[-0.3909354   0.92041812  0.        ],
[ 0.  1.  0.],
[ 0.  1.  0.],
[-0.02646446  0.99964975  0.        ],
[ 0.  1.  0.],
[-0.07793219  0.99695866  0.        ],
[-0.20552913  0.978651    0.        ],
[ -4.93251455e-17   1.00000000e+00   0.00000000e+00],
[-0.03908964 -0.99923571  0.        ],
[ 0.  1.  0.],
[-0.03273368 -0.99946411  0.        ],
[-0.5934854   0.80484476  0.        ],
[-0.53538668 -0.84460707  0.        ],
[ 0.  1.  0.],
[ 0.  1.  0.],
[-0.53381992  0.84559819  0.        ],
[-0.43843049 -0.8987651   0.        ],
[-0.87984866  0.47525397  0.        ],
[-0.09437884 -0.99553636  0.        ],
[-0.24669127 -0.96909412  0.        ],
[ 0.  1.  0.],
[-0.99930629  0.03724156  0.        ],
[-0.0606985  -0.99815615  0.        ],
[ 0.  1.  0.],
[ 0.  1.  0.],
[-0.89297702  0.45010226  0.        ],
[ 0.  1.  0.],
[ 0.  1.  0.],
[ 0.  1.  0.],
[-0.31468509  0.94919613  0.        ],
[-0.99679699 -0.07997351  0.        ],
[ -4.62978974e-17   1.00000000e+00   0.00000000e+00],
[ 0.  1.  0.],
[ 0.  1.  0.],
[ 0.  1.  0.],
[ 0.  1.  0.],
[-0.45823724 -0.88882992  0.        ],
[  2.40783169e-17   1.00000000e+00   0.00000000e+00],
[-0.52304211 -0.85230684  0.        ],
[-0.75893829 -0.65116255  0.        ],
[-0.8120343  -0.58360971  0.        ],
[-0.54200611 -0.84037454  0.        ],
[-0.32605829  0.94534967  0.        ],
[-0.08649268  0.99625249  0.        ],
[-0.41500327  0.90981992  0.        ],
[ 0.  1.  0.],
[-0.59470184  0.80394634  0.        ],
[ 0.  1.  0.],
[-0.94298996 -0.33282118  0.        ],
[ 0.  1.  0.],
[-0.31674547  0.94851057  0.        ],
[-0.99999622  0.00274843  0.        ],
[-0.9936455   0.11255494  0.        ],
[-0.54852357 -0.8361351   0.        ],
[-0.96614338 -0.25800575  0.        ],
[  9.55502159e-17   1.00000000e+00   0.00000000e+00],
[-0.50023776 -0.86588809  0.        ],
[  9.75568160e-17   1.00000000e+00   0.00000000e+00],
[-0.69743967  0.7166435   0.        ],
[-0.41822689  0.9083426   0.        ],
[-0.67554992 -0.73731425  0.        ],
[ 0.  1.  0.],
[-0.58350936 -0.81210641  0.        ],
[-0.72356554  0.69025569  0.        ],
[ 0.  1.  0.],
[-0.83305985 -0.55318287  0.        ],
[ 0.  1.  0.],
[ 0.  1.  0.],
[-0.36511078 -0.93096408  0.        ],
[-0.00420462 -0.99999116  0.        ],
[-0.31280501 -0.94981736  0.        ],
[-0.03275069 -0.99946355  0.        ],
[  9.68858892e-17   1.00000000e+00   0.00000000e+00],
[-0.06653354 -0.99778419  0.        ],
[-0.55466472 -0.83207395  0.        ],
[-0.73799739  0.67480356  0.        ],
[-0.66655482 -0.74545602  0.        ],
[-0.48795678 -0.87286779  0.        ],
[-0.66367757  0.74801878  0.        ],
[-0.40773109  0.91310205  0.        ],
[-0.64822046  0.76145271  0.        ],
[-0.52115112 -0.85346442  0.        ],
[-0.57069236 -0.82116395  0.        ],
[-0.04082501 -0.99916631  0.        ],
[ 0.  1.  0.],
[-0.047969   -0.99884882  0.        ],
[ 0.  1.  0.],
[  1.83789899e-16   1.00000000e+00   0.00000000e+00],
[-0.51420717 -0.85766601  0.        ],
[-0.00950518 -0.99995482  0.        ],
[-0.21676849  0.97622304  0.        ],
[-0.28941083  0.95720498  0.        ],
[-0.28947663 -0.95718508  0.        ],
[-0.47431704  0.8803541   0.        ],
[-0.02008411 -0.99979829  0.        ],
[-0.00740853 -0.99997256  0.        ],
[-0.49021435  0.87160191  0.        ],
[-0.6659378   0.74600727  0.        ],
[ 0.  1.  0.],
[ 0.  1.  0.],
[-0.77160483  0.63610218  0.        ],
[-0.11419099  0.99345882  0.        ],
[ 0.  1.  0.],
[ 0.  1.  0.],
[-0.69827216  0.71583238  0.        ],
[-0.07876585 -0.99689314  0.        ],
[-0.56045687  0.82818361  0.        ],
[-0.01347979 -0.99990914  0.        ],
[-0.08682216 -0.99622383  0.        ],
[ 0.  1.  0.],
[-0.81454303 -0.58010314  0.        ],
[-0.07665602 -0.9970576   0.        ],
[ -2.46155299e-17   1.00000000e+00   0.00000000e+00],
[ 0.  1.  0.],
[ 0.  1.  0.],
[ 0.  1.  0.],
[-0.93079816 -0.36553355  0.        ],
[-0.81307609  0.58215742  0.        ],
[-0.99989674  0.0143702   0.        ],
[ 0.  1.  0.],
[-0.74875571  0.66284605  0.        ],
[-0.04746531 -0.99887289  0.        ],
[-0.0504815  0.998725   0.       ],
[-0.42416966  0.90558274  0.        ],
[-0.42700719 -0.90424823  0.        ],
[-0.53087326  0.84745123  0.        ],
[ 0.  1.  0.],
[ 0.  1.  0.],
[-0.24307772 -0.97000681  0.        ],
[ 0.  1.  0.],
[ 0.  1.  0.],
[-0.48926211 -0.8721368   0.        ],
[-0.02916762  0.99957453  0.        ],
[-0.06829405 -0.99766524  0.        ],
