[-0.63438877 -0.77301416  0.        ],
[-0.80219971  0.5970558   0.        ],
[-0.03718521 -0.99930839  0.        ],
[ 0.91380407 -0.40615529  0.        ],
[ 0.88761204 -0.46059187  0.        ],
[-0.99089907  0.13460696  0.        ],
[-0.98753943  0.1573718   0.        ],
[-0.55138173 -0.83425307  0.        ],
[ 0.99298874  0.11820901  0.        ],
[-0.47981925 -0.87736736  0.        ],
[ 0.95304845 -0.30281786  0.        ],
[ 0.81592138 -0.57816287  0.        ],
[-0.86204544 -0.506831    0.        ],
[-0.9211275   0.38926101  0.        ],
[ 0.56404212 -0.82574602  0.        ],
[-0.94658012 -0.32246873  0.        ],
[-0.9125679 -0.4089252  0.       ],
[-0.97866192 -0.20547714  0.        ],
[ 0.45255826  0.89173484  0.        ],
[ 0.40370969 -0.91488714  0.        ],
[-0.52036748 -0.85394244  0.        ],
[-0.537186   -0.84346381  0.        ],
[ 0.40152062  0.91584999  0.        ],
[-0.9974537   0.07131704  0.        ],
[ 0.12055897 -0.99270617  0.        ],
[ 0.88843984 -0.45899308  0.        ],
[-0.99970721 -0.02419706  0.        ],
[-0.7713545   0.63640572  0.        ],
[ 0.54340643 -0.83946974  0.        ],
[-0.9519976 -0.3061055  0.       ],
[ 0.97289106  0.2312639   0.        ],
[ 0.48021122  0.87715288  0.        ],
[-0.98363049 -0.18019727  0.        ],
[ 0.93732405  0.34845892  0.        ],
[-0.86326901 -0.50474412  0.        ],
[ 0.88766758  0.46048481  0.        ],
[-0.98841609 -0.15176837  0.        ],
[-0.89571869  0.44462121  0.        ],
[-0.92847669  0.37139068  0.        ],
[-0.52388766 -0.85178737  0.        ],
[-0.66133904 -0.75008711  0.        ],
[-0.99938557  0.03504966  0.        ],
[-0.99993728  0.01119987  0.        ],
[-0.25176292 -0.96778894  0.        ],
[-0.82955208  0.55842936  0.        ],
[-0.975662   -0.21927989  0.        ],
[-0.84032912 -0.54207654  0.        ],
[-0.99829908  0.05830042  0.        ],
[ 0.81990789  0.57249546  0.        ],
[ 0.6898876 -0.7239165  0.       ],
[-0.9997215  -0.02359905  0.        ],
[-0.9915327   0.12985722  0.        ],
[-0.909526   -0.41564703  0.        ],
[-0.99896672 -0.04544777  0.        ],
[ 0.70633078 -0.70788193  0.        ],
[ 0.91609556 -0.40096001  0.        ],
[ 0.99148805  0.13019772  0.        ],
[-0.11527657 -0.99333343  0.        ],
[ 0.39398533 -0.91911673  0.        ],
[-0.55127227 -0.83432541  0.        ],
[-0.57434918 -0.81861042  0.        ],
[-0.60022688 -0.79982979  0.        ],
[-0.22172789 -0.97510858  0.        ],
[ 0.7102339  -0.70396577  0.        ],
[-0.49757126 -0.8674231   0.        ],
[-0.99830874 -0.05813479  0.        ],
[-0.40864952 -0.91269139  0.        ],
[ 0.86595512 -0.50012172  0.        ],
[ 0.51020332 -0.86005382  0.        ],
[ 0.99119096  0.13244049  0.        ],
[ 0.99976034  0.02189227  0.        ],
[-0.24759648 -0.96886324  0.        ],
[ 0.62032903 -0.78434169  0.        ],
[-0.04596882 -0.99894287  0.        ],
[-0.73345788 -0.67973491  0.        ],
[ 0.99826043  0.05895864  0.        ],
[-0.96309806  0.26915076  0.        ],
[-0.93628706  0.35123574  0.        ],
[-0.97542661  0.22032461  0.        ],
[-0.78159279 -0.623789    0.        ],
[ 0.98814598  0.15351716  0.        ],
[-0.82596387  0.56372305  0.        ],
[-0.52018815 -0.85405169  0.        ],
[ 0.54163463  0.84061402  0.        ],
[ 0.98781623  0.15562488  0.        ],
[ 0.63514302 -0.77239455  0.        ],
[-0.6948093  -0.71919402  0.        ],
[-0.84440737  0.53570158  0.        ],
[-0.84158927 -0.54011805  0.        ],
[ 0.54493812  0.83847626  0.        ],
[ 0.42373643  0.90578554  0.        ],
[ 0.85463825  0.5192239   0.        ],
[ 0.6399486  -0.76841772  0.        ],
[-0.86871531 -0.49531173  0.        ],
[ 0.00350608 -0.99999385  0.        ],
[-0.60268163 -0.79798174  0.        ],
[-0.31047438 -0.95058175  0.        ],
[-0.09088722 -0.99586119  0.        ],
[ 0.99902974 -0.04404055  0.        ],
[ 0.35560876 -0.93463491  0.        ],
