[ 0.93512657 -0.35431384  0.        ],
[ 0.37445239  0.92724614  0.        ],
[ 0.16404164  0.98645341  0.        ],
[ 0.17320891  0.98488511  0.        ],
[ 0.51293947  0.85842478  0.        ],
[ 0.63194225  0.77501548  0.        ],
[ 0.99736762  0.0725109   0.        ],
[ 0.92369523 -0.38312808  0.        ],
[ 0.97995884 -0.19920007  0.        ],
[ 0.16182618  0.98681928  0.        ],
[ 0.36039766  0.93279876  0.        ],
[ 0.99717667  0.07509115  0.        ],
[ 0.52487947  0.85117656  0.        ],
[ 0.33342674  0.94277601  0.        ],
[ 0.33923933  0.9407001   0.        ],
[ 0.49891506  0.86665089  0.        ],
[ 0.75114923  0.66013244  0.        ],
[ 0.25171592  0.96780117  0.        ],
[ 0.36257156  0.93195594  0.        ],
[ 0.97146987 -0.237163    0.        ],
[ 0.37451705  0.92722003  0.        ],
[ 0.99402001  0.10919812  0.        ],
[ 0.5943085   0.80423716  0.        ],
[ 0.23364249  0.97232257  0.        ],
[ 0.98707547  0.16025609  0.        ],
[ 0.84572733  0.53361529  0.        ],
[ 0.17641742  0.98431545  0.        ],
[ 0.20238085  0.97930689  0.        ],
[ 0.95658139  0.29146533  0.        ],
[ 0.93873893 -0.3446291   0.        ],
[ 0.55478851  0.83199141  0.        ],
[ 0.99977692 -0.02112112  0.        ],
[ 0.70183489  0.71233966  0.        ],
[ 0.56482344  0.82521178  0.        ],
[ 0.68781023  0.72589054  0.        ],
[ 0.94276988 -0.33344409  0.        ],
[ 0.97925452 -0.20263412  0.        ],
[ 0.77337622  0.63394733  0.        ],
[ 0.23035318  0.97310709  0.        ],
[ 0.90337029  0.42886142  0.        ],
[ 0.33504149  0.94220338  0.        ],
[ 0.55929179  0.82897086  0.        ],
[ 0.20462166  0.97884114  0.        ],
[ 0.66303899  0.74858487  0.        ],
[ 0.55230847  0.83363982  0.        ],
[ 0.64480103  0.76435046  0.        ],
[ 0.68014201  0.73308038  0.        ],
[ 0.95596487  0.29348112  0.        ],
[ 0.70422629  0.70997559  0.        ],
[ 0.97032809  0.24179205  0.        ],
[ 0.68329682  0.73014071  0.        ],
[ 0.99188228 -0.1271595   0.        ],
[ 0.35941198  0.93317899  0.        ],
[ 0.63113016  0.77567694  0.        ],
[ 0.58249232  0.8128362   0.        ],
[ 0.94244406 -0.33436386  0.        ],
[ 0.99164632 -0.12898676  0.        ],
[ 0.83944228 -0.54344885  0.        ],
[ 0.99155325 -0.12970028  0.        ],
[ 0.94425721 -0.32920864  0.        ],
[ 0.97860032 -0.20577028  0.        ],
[ 0.2248716  0.9743884  0.       ],
[ 0.99917593 -0.04058882  0.        ],
[ 0.33491652  0.9422478   0.        ],
[ 0.79787644  0.60282102  0.        ],
[ 0.66175222  0.74972261  0.        ],
[ 0.42249786  0.90636392  0.        ],
[ 0.7242886   0.68949693  0.        ],
[ 0.64818292  0.76148467  0.        ],
[ 0.9048869   0.42565209  0.        ],
[ 0.98493699 -0.17291366  0.        ],
[ 0.98406406 -0.17781432  0.        ],
[ 0.98493028 -0.17295186  0.        ],
[ 0.69791034  0.71618514  0.        ],
[ 0.88914901 -0.45761779  0.        ],
[ 0.9003089   0.43525152  0.        ],
[ 0.84894823 -0.52847602  0.        ],
[ 0.76852684 -0.63981755  0.        ],
[ 0.96615379 -0.25796677  0.        ],
[ 0.9486833   0.31622777  0.        ],
[ 0.53555598  0.84449973  0.        ],
[ 0.24183804  0.97031663  0.        ],
[ 0.35955533  0.93312377  0.        ],
[ 0.34047099  0.94025502  0.        ],
[ 0.98341399 -0.18137508  0.        ],
[ 0.96861418  0.24856903  0.        ],
[ 0.99656304 -0.08283783  0.        ],
[ 0.92066899 -0.39034422  0.        ],
[ 0.73165666  0.68167333  0.        ],
[ 0.34549377  0.93842104  0.        ],
[ 0.99178429  0.12792155  0.        ],
[ 0.66924942  0.74303783  0.        ],
[ 0.96830041 -0.24978855  0.        ],
[ 0.77823763  0.6279699   0.        ],
[ 0.98236886 -0.186953    0.        ],
[ 0.33248609  0.94310816  0.        ],
[ 0.61088581  0.79171872  0.        ],
[ 0.67508806  0.73773716  0.        ],
[ 0.88941211  0.45710622  0.        ],
[ 0.84301272  0.53789363  0.        ],
