[ 0.43360129  0.90110483  0.        ],
[ 0.21273016  0.97711099  0.        ],
[ 0.82463015 -0.56567227  0.        ],
[ 0.5903518   0.80714606  0.        ],
[ 0.99973513 -0.02301467  0.        ],
[ 0.88040466  0.47422319  0.        ],
[ 0.50988752  0.86024108  0.        ],
[ 0.9572877  -0.28913708  0.        ],
[ 0.92209195 -0.38697086  0.        ],
[ 0.53375212  0.84564098  0.        ],
[ 0.97345349  0.2288849   0.        ],
[ 0.7494642   0.66204487  0.        ],
[ 0.35583772  0.93454776  0.        ],
[ 0.26033135  0.96551934  0.        ],
[ 0.20731842  0.97827352  0.        ],
[ 0.9708194 -0.2398118  0.       ],
[ 0.2820818   0.95939036  0.        ],
[ 0.77170904 -0.63597575  0.        ],
[ 0.99312434 -0.11706424  0.        ],
[ 0.98240768 -0.18674887  0.        ],
[ 0.41282305  0.91081125  0.        ],
[ 0.69182046  0.72206957  0.        ],
[ 0.49612579  0.86825065  0.        ],
[ 0.50596252  0.86255547  0.        ],
[ 0.79712296 -0.60381701  0.        ],
[ 0.55621515  0.83103833  0.        ],
[ 0.96915213  0.24646326  0.        ],
[ 0.99886465  0.04763832  0.        ],
[ 0.57802033  0.81602236  0.        ],
[ 0.6915168   0.72236037  0.        ],
[ 0.99145592  0.13044219  0.        ],
[ 0.73053106  0.68287947  0.        ],
[ 0.19778046  0.98024634  0.        ],
[ 0.51042718  0.85992098  0.        ],
[ 0.89036131  0.45525458  0.        ],
[ 0.75201712  0.65914357  0.        ],
[ 0.4009104   0.91611727  0.        ],
[ 0.97703328  0.21308676  0.        ],
[ 0.34350485  0.9391509   0.        ],
[ 0.94823632  0.31756555  0.        ],
[ 0.5123638  0.8587685  0.       ],
[ 0.76134897  0.64834231  0.        ],
[ 0.40112308  0.91602417  0.        ],
[ 0.96759773  0.2524968   0.        ],
[ 0.85779407  0.51399352  0.        ],
[ 0.96651194  0.25662166  0.        ],
[ 0.76393417  0.64529418  0.        ],
[ 0.96347646  0.26779303  0.        ],
[ 0.94566801 -0.32513385  0.        ],
[ 0.99882463 -0.04847011  0.        ],
[ 0.70364267  0.710554    0.        ],
[ 0.47749846  0.87863259  0.        ],
[ 0.90777049  0.41946722  0.        ],
[ 0.99765675  0.06841785  0.        ],
[ 0.93108107  0.36481233  0.        ],
[ 0.91712014  0.39861089  0.        ],
[ 0.34990497  0.9367852   0.        ],
[ 0.15359896  0.98813327  0.        ],
[ 0.48084922  0.8768033   0.        ],
[ 0.40564305  0.91403157  0.        ],
[ 0.51421284  0.85766261  0.        ],
[ 0.98427039 -0.17666863  0.        ],
[ 0.9828411  -0.18445426  0.        ],
[ 0.73948998  0.67316756  0.        ],
[ 0.67033563  0.74205804  0.        ],
[ 0.64614205  0.76321717  0.        ],
[ 0.26119862  0.96528508  0.        ],
[ 0.60392705  0.79703959  0.        ],
[ 0.88212508 -0.47101523  0.        ],
[ 0.78402884 -0.62072439  0.        ],
[ 0.47383542  0.88061342  0.        ],
[ 0.29401019  0.95580229  0.        ],
[ 0.8944685   0.44713097  0.        ],
[ 0.44313014  0.89645729  0.        ],
[ 0.51630402  0.85640537  0.        ],
[ 0.99469909 -0.10282858  0.        ],
[ 0.33636808  0.9417306   0.        ],
[ 0.96812246 -0.25047734  0.        ],
[ 0.48113082  0.87664881  0.        ],
[ 0.93546564 -0.35341766  0.        ],
[ 0.6835315   0.72992101  0.        ],
[ 0.17305046  0.98491296  0.        ],
[ 0.3846883   0.92304654  0.        ],
[ 0.73791263  0.67489626  0.        ],
[ 0.30376345  0.95274748  0.        ],
[ 0.57122358  0.82079451  0.        ],
[ 0.29585992  0.95523134  0.        ],
[ 0.71590523  0.69819747  0.        ],
[ 0.16185111  0.98681519  0.        ],
[ 0.90423659  0.42703183  0.        ],
[ 0.30416988  0.9526178   0.        ],
[ 0.94282566  0.33328633  0.        ],
[ 0.99797008  0.06368454  0.        ],
[ 0.9676949   0.25212412  0.        ],
[ 0.32399807  0.94605774  0.        ],
[ 0.44626659  0.89490007  0.        ],
[ 0.39667514  0.91795906  0.        ],
[ 0.68980065  0.72399935  0.        ],
[ 0.33666017  0.94162622  0.        ],
[ 0.47999021  0.87727384  0.        ],
[ 0.84062742  0.54161383  0.        ],
[ 0.92872927 -0.3707586   0.        ],
[ 0.96171294  0.2740588   0.        ],
[ 0.58607387  0.81025763  0.        ],
[ 0.99588775 -0.09059575  0.        ],
[ 0.99794243 -0.06411629  0.        ],
[ 0.17816468  0.98400068  0.        ],
[ 0.59571341  0.80319707  0.        ],
[ 0.15598974  0.98775867  0.        ],
[ 0.18887641  0.98200087  0.        ],
[ 0.54592313  0.83783527  0.        ],
[ 0.5115253   0.85926821  0.        ],
[ 0.75562766  0.65500141  0.        ],
[ 0.75257669  0.65850461  0.        ],
[ 0.96623085 -0.25767798  0.        ],
[ 0.32707642  0.94499789  0.        ],
[ 0.42606583  0.90469216  0.        ],
[ 0.88745967  0.46088539  0.        ],
[ 0.43724042  0.89934466  0.        ],
[ 0.99948751 -0.03201112  0.        ],
[ 0.91458214 -0.40440018  0.        ],
[ 0.88856142  0.45875768  0.        ],
[ 0.96919621 -0.24628987  0.        ],
[ 0.99589154 -0.09055412  0.        ],
[ 0.8667791  -0.49869229  0.        ],
[ 0.40590424  0.91391561  0.        ],
[ 0.92763323 -0.37349242  0.        ],
[ 0.89308238 -0.44989317  0.        ],
[ 0.3439469  0.9389891  0.       ],
[ 0.42569649  0.90486601  0.        ],
[ 0.85463855  0.51922342  0.        ],
[ 0.36842138  0.92965891  0.        ],
[ 0.86657488 -0.49904708  0.        ],
[ 0.34025432  0.94033345  0.        ],
[ 0.38811689  0.92161015  0.        ],
[ 0.27177652  0.96236039  0.        ],
[ 0.96657771  0.25637381  0.        ],
[ 0.3629999   0.93178918  0.        ],
[ 0.23758526  0.97136669  0.        ],
[ 0.3166615   0.94853861  0.        ],
[ 0.90736562 -0.42034229  0.        ],
[ 0.1694746   0.98553456  0.        ],
[ 0.26555645  0.96409531  0.        ],
[ 0.2626458   0.96489232  0.        ],
[ 0.99666479  0.08160447  0.        ],
[ 0.99827331  0.05874017  0.        ],
[ 0.37163806  0.9283777   0.        ],
[ 0.1681144   0.98576749  0.        ],
[ 0.3767428   0.92631791  0.        ],
[ 0.6181587   0.78605332  0.        ],
[ 0.64576338  0.76353759  0.        ],
[ 0.88518462  0.46523993  0.        ],
[ 0.33932924  0.94066767  0.        ],
[ 0.75979603  0.65016151  0.        ],
[ 0.96219869 -0.27234845  0.        ],
[ 0.34659616  0.93801445  0.        ],
[ 0.99124031  0.13207061  0.        ],
[ 0.38609732  0.92245805  0.        ],
[ 0.9799735   0.19912793  0.        ],
[ 0.464371    0.88564077  0.        ],
[ 0.99747037 -0.07108352  0.        ],
[ 0.80255401  0.59657947  0.        ],
[ 0.51948088  0.85448207  0.        ],
[ 0.50384074  0.86379657  0.        ],
[ 0.2510757   0.96796745  0.        ],
[ 0.41115289  0.9115664   0.        ],
[ 0.37000485  0.92902982  0.        ],
[ 0.92853398  0.37124741  0.        ],
[ 0.75492104  0.65581569  0.        ],
[ 0.55295826  0.83320895  0.        ],
[ 0.79462465  0.60710103  0.        ],
[ 0.52847111  0.84895128  0.        ],
[ 0.48875073  0.87242348  0.        ],
[ 0.98331512 -0.18191035  0.        ],
[ 0.91413002  0.40542115  0.        ],
[ 0.33475129  0.94230652  0.        ],
[ 0.35781632  0.93379199  0.        ],
[ 0.5122118   0.85885917  0.        ],
[ 0.88755936 -0.46069337  0.        ],
[ 0.56916715  0.82222184  0.        ],
[ 0.9854595   0.16991047  0.        ],
[ 0.99276064  0.12010956  0.        ],
[ 0.52311483  0.85226221  0.        ],
[ 0.29661293  0.95499779  0.        ],
[ 0.93027617  0.36685999  0.        ],
[ 0.25339252  0.96736355  0.        ],
[ 0.25643991  0.96656018  0.        ],
[ 0.23708068  0.97148996  0.        ],
[ 0.37656439  0.92639045  0.        ],
[ 0.99977746 -0.02109586  0.        ],
[ 0.26519733  0.96419416  0.        ],
[ 0.45555926  0.89020546  0.        ],
[ 0.77220527  0.63537314  0.        ],
[ 0.96452925 -0.26397601  0.        ],
[ 0.74566205  0.66632433  0.        ],
[ 0.30491998  0.95237797  0.        ],
[ 0.37266464  0.92796609  0.        ],
[ 0.46012867  0.88785224  0.        ],
[ 0.95805509  0.2865841   0.        ],
[ 0.66425983  0.74750176  0.        ],
[ 0.97454684  0.224184    0.        ],
[ 0.88766322 -0.46049322  0.        ],
[ 0.9923555   0.12341217  0.        ],
[ 0.95624971  0.29255169  0.        ],
[ 0.25970159  0.96568892  0.        ],
[ 0.18200047  0.98329844  0.        ],
[ 0.73056609  0.682842    0.        ],
[ 0.98329072  0.18204219  0.        ],
[ 0.77426494  0.6328616   0.        ],
[ 0.99429494  0.10666574  0.        ],
[ 0.41440844  0.91009101  0.        ],
[ 0.23331443  0.97240135  0.        ],
[ 0.20659574  0.97842639  0.        ],
[ 0.25592757  0.96669596  0.        ],
[ 0.91861741  0.39514814  0.        ],
[ 0.43141959  0.90215139  0.        ],
[ 0.98433053 -0.17633323  0.        ],
[ 0.744251    0.66790003  0.        ],
[ 0.31708436  0.94839734  0.        ],
[ 0.73414178  0.67899621  0.        ],
[ 0.88383456 -0.4677996   0.        ],
[ 0.46088306  0.88746088  0.        ],
[ 0.83639826  0.5481222   0.        ],
[ 0.50013054  0.86595002  0.        ],
[ 0.9331584   0.35946544  0.        ],
[ 0.93667977 -0.35018709  0.        ],
[ 0.62647451  0.77944191  0.        ],
[ 0.47962653  0.87747273  0.        ],
[ 0.35043856  0.93658572  0.        ],
[ 0.57545583  0.81783286  0.        ],
[ 0.97538018 -0.22053007  0.        ],
[ 0.40841872  0.91279469  0.        ],
[ 0.47609203  0.87939546  0.        ],
[ 0.80605096 -0.59184614  0.        ],
[ 0.97297769  0.23089914  0.        ],
[ 0.86661827 -0.49897172  0.        ],
[ 0.70264521  0.71154038  0.        ],
[ 0.96231657 -0.27193163  0.        ],
[ 0.4209497   0.90708398  0.        ],
[ 0.59049531  0.80704107  0.        ],
[ 0.99602299 -0.08909661  0.        ],
[ 0.49481278  0.8689996   0.        ],
[ 0.99842882 -0.05603479  0.        ],
[ 0.88370925  0.46803629  0.        ],
[ 0.68095185  0.73232819  0.        ],
[ 0.43205115  0.9018491   0.        ],
[ 0.64988256  0.76003465  0.        ],
[ 0.64272296  0.76609869  0.        ],
[ 0.21439007  0.97674812  0.        ],
[ 0.48659758  0.87362624  0.        ],
[ 0.66898496  0.74327594  0.        ],
[ 0.20771647  0.97818908  0.        ],
[ 0.99657789 -0.08265896  0.        ],
[ 0.42602503  0.90471138  0.        ],
[ 0.92818324  0.37212347  0.        ],
[ 0.26505761  0.96423258  0.        ],
[ 0.45470194  0.89064367  0.        ],
[ 0.82804723  0.56065835  0.        ],
[ 0.92129796 -0.38885738  0.        ],
[ 0.5377343   0.84311436  0.        ],
[ 0.50473082  0.86327678  0.        ],
[ 0.27228929  0.96221544  0.        ],
[ 0.64831099  0.76137564  0.        ],
[ 0.99323172  0.11614968  0.        ],
[ 0.33053376  0.94379417  0.        ],
[ 0.38748991  0.92187395  0.        ],
[ 0.6071361   0.79459785  0.        ],
[ 0.27326363  0.96193918  0.        ],
[ 0.92062045 -0.39045869  0.        ],
[ 0.47252791  0.88131571  0.        ],
[ 0.97784704 -0.20932074  0.        ],
[ 0.2162244   0.97634369  0.        ],
[ 0.72680154  0.68684752  0.        ],
[ 0.24599848  0.96927021  0.        ],
[ 0.66053061  0.75079912  0.        ],
[ 0.90075735  0.43432269  0.        ],
[ 0.47826313  0.87821659  0.        ],
[ 0.94940368  0.31405837  0.        ],
[ 0.22267835  0.97489197  0.        ],
[ 0.84604657  0.533109    0.        ],
[ 0.98628078 -0.16507644  0.        ],
[ 0.7017915  0.7123824  0.       ],
[ 0.27966616  0.96009731  0.        ],
[ 0.16391276  0.98647484  0.        ],
[ 0.90970804  0.41524845  0.        ],
[ 0.46838611  0.88352388  0.        ],
[ 0.63056265  0.77613836  0.        ],
[ 0.83318786 -0.55299005  0.        ],
[ 0.44762809  0.89421982  0.        ],
[ 0.55797583  0.8298572   0.        ],
[ 0.99600172  0.08933405  0.        ],
[ 0.9703732  -0.24161096  0.        ],
[ 0.50553406  0.86280665  0.        ],
[ 0.87830061 -0.47810882  0.        ],
[ 0.68597752  0.72762273  0.        ],
[ 0.32363357  0.94618249  0.        ],
[ 0.34473769  0.93869906  0.        ],
[ 0.54616345  0.83767863  0.        ],
[ 0.7951038  -0.60647337  0.        ],
[ 0.75040826  0.66097462  0.        ],
[ 0.46307056  0.88632142  0.        ],
[ 0.99452812 -0.10446924  0.        ],
[ 0.96764263  0.25232466  0.        ],
[ 0.99760123  0.06922274  0.        ],
[ 0.2584775   0.96601728  0.        ],
[ 0.3630535  0.9317683  0.       ],
[ 0.81604998 -0.57798134  0.        ],
[ 0.15681492  0.98762801  0.        ],
[ 0.27104447  0.96256683  0.        ],
[ 0.69843527  0.71567323  0.        ],
[ 0.59693807  0.80228732  0.        ],
[ 0.37780276  0.9258861   0.        ],
[ 0.32932654  0.94421609  0.        ],
[ 0.99639449 -0.0848412   0.        ],
[ 0.45829815  0.88879852  0.        ],
[ 0.68058252  0.73267143  0.        ],
[ 0.35015349  0.93669234  0.        ],
[ 0.33008493  0.94395124  0.        ],
[ 0.18372974  0.9829768   0.        ],
[ 0.9921949  -0.12469679  0.        ],
[ 0.40285276  0.9152648   0.        ],
[ 0.92870071  0.37083014  0.        ],
[ 0.99980909  0.01953923  0.        ],
[ 0.24182052  0.970321    0.        ],
[ 0.86214741  0.50665753  0.        ],
[ 0.90802378 -0.41891862  0.        ],
[ 0.64814769  0.76151465  0.        ],
[ 0.99826255 -0.05892261  0.        ],
[ 0.91895347 -0.39436598  0.        ],
[ 0.54069813  0.8412167   0.        ],
[ 0.99745061 -0.07136023  0.        ],
[ 0.96547056 -0.2605122   0.        ],
[ 0.99995568  0.00941528  0.        ],
[ 0.78047423 -0.62518795  0.        ],
[ 0.9656593   0.25981171  0.        ],
[ 0.3567035   0.93421765  0.        ],
[ 0.9936508   0.11250815  0.        ],
[ 0.65229609  0.75796425  0.        ],
[ 0.40989334  0.91213346  0.        ],
[ 0.99805692 -0.06230873  0.        ],
[ 0.43234155  0.90170992  0.        ],
[ 0.23708002  0.97149012  0.        ],
[ 0.96159999  0.27445485  0.        ],
[ 0.98207717  0.18847927  0.        ],
[ 0.33083544  0.94368846  0.        ],
[ 0.99570784  0.0925521   0.        ],
[ 0.93254832  0.3610452   0.        ],
[ 0.91150108  0.41129767  0.        ],
[ 0.93265956 -0.36075773  0.        ],
[ 0.99728424  0.07364873  0.        ],
[ 0.39476513  0.91878207  0.        ],
[ 0.66648483  0.7455186   0.        ],
[ 0.91931556 -0.39352117  0.        ],
[ 0.86565324  0.50064406  0.        ],
[ 0.36982385  0.92910189  0.        ],
[ 0.96878012  0.24792151  0.        ],
[ 0.53111195  0.84730165  0.        ],
[ 0.60902753  0.79314908  0.        ],
[ 0.84390881 -0.53648664  0.        ],
[ 0.84162144  0.54006792  0.        ],
[ 0.82019548  0.57208337  0.        ],
[ 0.74129243  0.67118219  0.        ],
[ 0.41377222  0.91038044  0.        ],
[ 0.67343319  0.73924809  0.        ],
[ 0.90901922 -0.41675419  0.        ],
[ 0.35867628  0.93346201  0.        ],
[ 0.98754847 -0.157315    0.        ],
[ 0.97402724  0.22643086  0.        ],
[ 0.99961534 -0.02773388  0.        ],
[ 0.85000078  0.52678142  0.        ],
[ 0.34064133  0.94019332  0.        ],
[ 0.22741394  0.97379818  0.        ],
[ 0.69667366  0.71738819  0.        ],
[ 0.98992115 -0.1416196   0.        ],
[ 0.30958981  0.95087021  0.        ],
[ 0.94399268  0.32996638  0.        ],
[ 0.51710867  0.85591975  0.        ],
[ 0.97204833  0.23478085  0.        ],
[ 0.71707184  0.69699927  0.        ],
[ 0.22897042  0.97343338  0.        ],
[ 0.39205963  0.9199398   0.        ],
[ 0.83785889 -0.54588688  0.        ],
[ 0.40931142  0.91239474  0.        ],
[ 0.34902704  0.93711265  0.        ],
[ 0.15886196  0.9873008   0.        ],
[ 0.51554832  0.85686051  0.        ],
[ 0.40331571  0.91506089  0.        ],
[ 0.34946923  0.93694784  0.        ],
[ 0.93705829  0.34917297  0.        ],
[ 0.99998104 -0.006158    0.        ],
[ 0.69425831  0.71972592  0.        ],
[ 0.61336934  0.78979621  0.        ],
[ 0.99401992  0.10919892  0.        ],
[ 0.91478206  0.40394774  0.        ],
[ 0.97499229 -0.22223867  0.        ],
[ 0.37556801  0.92679484  0.        ],
[ 0.2807393   0.95978406  0.        ],
[ 0.82592377  0.56378181  0.        ],
[ 0.96907873 -0.24675173  0.        ],
[ 0.94023778  0.34051861  0.        ],
[ 0.39148624  0.92018396  0.        ],
[ 0.33544493  0.94205982  0.        ],
[ 0.16763326  0.98584943  0.        ],
[ 0.8690526  0.4947197  0.       ],
[ 0.98340412 -0.18142857  0.        ],
[ 0.94578984  0.32477927  0.        ],
[ 0.85641206 -0.51629292  0.        ],
[ 0.32824162  0.94459379  0.        ],
[ 0.68054606  0.7327053   0.        ],
[ 0.91963499 -0.3927741   0.        ],
[ 0.20438048  0.97889153  0.        ],
[ 0.21818437  0.97590757  0.        ],
[ 0.36717331  0.93015255  0.        ],
[ 0.9691971  -0.24628637  0.        ],
[ 0.74103479  0.67146663  0.        ],
[ 0.57965942  0.81485886  0.        ],
[ 0.83007372  0.55765367  0.        ],
[ 0.38564257  0.92264826  0.        ],
[ 0.77197286  0.6356555   0.        ],
[ 0.61502093  0.78851079  0.        ],
[ 0.40001729  0.91650759  0.        ],
[ 0.38671581  0.92219894  0.        ],
[ 0.29661918  0.95499584  0.        ],
[ 0.98964662 -0.14352551  0.        ],
[ 0.33626764  0.94176646  0.        ],
[ 0.33236943  0.94314928  0.        ],
[ 0.92638273 -0.37658338  0.        ],
[ 0.98854736  0.15091097  0.        ],
[ 0.99470669 -0.10275509  0.        ],
[ 0.80096414  0.59871232  0.        ],
[ 0.87402323  0.48588413  0.        ],
[ 0.46722645  0.88413768  0.        ],
[ 0.51383148  0.85789114  0.        ],
[ 0.55136596  0.83426349  0.        ],
[ 0.80604828  0.59184978  0.        ],
[ 0.97988604 -0.19955787  0.        ],
[ 0.78309573 -0.62190118  0.        ],
[ 0.22682811  0.97393481  0.        ],
[ 0.53760469  0.84319701  0.        ],
[ 0.67107605  0.74138852  0.        ],
[ 0.95514895 -0.29612579  0.        ],
[ 0.16126552  0.98691106  0.        ],
[ 0.99998755  0.00499046  0.        ],
[ 0.92332716 -0.38401427  0.        ],
[ 0.55042635  0.83488372  0.        ],
[ 0.90282162 -0.43001526  0.        ],
[ 0.89888915 -0.4381761   0.        ],
[ 0.97369238  0.22786653  0.        ],
[ 0.47883584  0.87790446  0.        ],
[ 0.99470841 -0.10273844  0.        ],
[ 0.98573416 -0.16830974  0.        ],
[ 0.58719713  0.80944396  0.        ],
[ 0.82389518 -0.56674221  0.        ],
[ 0.35480546  0.93494015  0.        ],
[ 0.91989365 -0.39216791  0.        ],
[ 0.9760357  -0.21761048  0.        ],
[ 0.74543223  0.66658142  0.        ],
[ 0.82971592  0.55818589  0.        ],
[ 0.91406053 -0.40557779  0.        ],
[ 0.93185134 -0.36284028  0.        ],
[ 0.96059769  0.27794258  0.        ],
[ 0.15361655  0.98813054  0.        ],
[ 0.15432013  0.9880209   0.        ],
[ 0.15800418  0.98743844  0.        ],
[ 0.93455117  0.35582876  0.        ],
[ 0.93457317  0.35577097  0.        ],
[ 0.56347967  0.82612993  0.        ],
[ 0.19349827  0.98110062  0.        ],
[ 0.81419511  0.58059136  0.        ],
[ 0.98503433  0.17235827  0.        ],
[ 0.32602345  0.94536168  0.        ],
[ 0.59889013  0.8008312   0.        ],
[ 0.28901777  0.95732373  0.        ],
[ 0.99264153  0.12109001  0.        ],
[ 0.78951597 -0.61373001  0.        ],
[ 0.90004388  0.43579928  0.        ],
[ 0.98852448  0.15106074  0.        ],
[ 0.31233357  0.9499725   0.        ],
[ 0.85300919  0.5218959   0.        ],
[ 0.99974396 -0.0226276   0.        ],
[ 0.90332535 -0.42895607  0.        ],
[ 0.86764976 -0.49717591  0.        ],
[ 0.57502892  0.81813309  0.        ],
[ 0.73763753  0.67519691  0.        ],
[ 0.3170133   0.94842109  0.        ],
[ 0.32021205  0.94734589  0.        ],
[ 0.75183532  0.65935093  0.        ],
[ 0.97029517  0.24192412  0.        ],
[ 0.77052284  0.63741239  0.        ],
[ 0.98869976 -0.14990928  0.        ],
[ 0.92004106  0.39182196  0.        ],
[ 0.63392097  0.77339783  0.        ],
[ 0.96422572  0.26508256  0.        ],
[ 0.22036101  0.97541838  0.        ],
[ 0.94377484  0.33058894  0.        ],
[ 0.96536352  0.26090857  0.        ],
[ 0.75389515  0.65699476  0.        ],
[ 0.35700277  0.93410333  0.        ],
[ 0.87860563 -0.47754806  0.        ],
[ 0.97729577 -0.21187964  0.        ],
[ 0.9297458   0.36820206  0.        ],
[ 0.87736866  0.47981688  0.        ],
[ 0.9349786  -0.35470414  0.        ],
[ 0.95552777  0.29490114  0.        ],
[ 0.99902197  0.04421655  0.        ],
[ 0.98899195 -0.14796934  0.        ],
[ 0.90027009  0.43533179  0.        ],
[ 0.34250664  0.93951541  0.        ],
[ 0.78213674  0.62310683  0.        ],
[ 0.81942162 -0.57319126  0.        ],
[ 0.90192549  0.43189166  0.        ],
[ 0.75731185  0.65305341  0.        ],
[ 0.32536213  0.94558949  0.        ],
[ 0.48680314  0.87351171  0.        ],
[ 0.86627329  0.4995704   0.        ],
[ 0.98396046 -0.17838671  0.        ],
[ 0.28934408  0.95722516  0.        ],
[ 0.5994839   0.80038682  0.        ],
[ 0.46459968  0.88552083  0.        ],
[ 0.32726624  0.94493217  0.        ],
[ 0.93250633  0.36115363  0.        ],
[ 0.87049707  0.4921736   0.        ],
[ 0.42024698  0.90740976  0.        ],
[ 0.76397818  0.64524208  0.        ],
[ 0.22226611  0.97498604  0.        ],
[ 0.90361984  0.42833536  0.        ],
[ 0.65670597  0.75414672  0.        ],
[ 0.61584641  0.78786623  0.        ],
[ 0.35278264  0.9357053   0.        ],
[ 0.99868051 -0.05135411  0.        ],
[ 0.88394048 -0.46759943  0.        ],
[ 0.66339624  0.74826829  0.        ],
[ 0.99711185 -0.07594714  0.        ],
[ 0.39547952  0.91847479  0.        ],
[ 0.95469493 -0.29758627  0.        ],
[ 0.89348578  0.44909148  0.        ],
[ 0.48938124  0.87206995  0.        ],
[ 0.18930048  0.98191921  0.        ],
[ 0.37528193  0.92691072  0.        ],
[ 0.97493847 -0.22247468  0.        ],
[ 0.44213651  0.89694777  0.        ],
[ 0.47203021  0.88158238  0.        ],
[ 0.89737618 -0.44126636  0.        ],
[ 0.38400382  0.92333151  0.        ],
[ 0.9980888   0.06179596  0.        ],
[ 0.93353266 -0.35849237  0.        ],
[ 0.92485899  0.38031019  0.        ],
[ 0.32077395  0.94715578  0.        ],
[ 0.54730472  0.83693342  0.        ],
[ 0.32414745  0.94600657  0.        ],
[ 0.52736131  0.84964113  0.        ],
[ 0.653908    0.75657407  0.        ],
[ 0.68610014  0.72750711  0.        ],
[ 0.82586846 -0.56386283  0.        ],
[ 0.60085068  0.79936128  0.        ],
[ 0.41655439  0.90911079  0.        ],
[ 0.21064398  0.97756284  0.        ],
[ 0.70272064  0.71146588  0.        ],
[ 0.51565675  0.85679526  0.        ],
[ 0.99112975 -0.1328978   0.        ],
[ 0.83728141  0.54677219  0.        ],
[ 0.96653611  0.25653059  0.        ],
[ 0.98188847  0.18945983  0.        ],
[ 0.67750507  0.73551811  0.        ],
[ 0.57077905  0.82110369  0.        ],
[ 0.30453548  0.95250099  0.        ],
[ 0.1971692   0.98036947  0.        ],
[ 0.72360585  0.69021343  0.        ],
[ 0.54981766  0.83528471  0.        ],
[ 0.965126  -0.2617858  0.       ],
[ 0.21956148  0.97559867  0.        ],
[ 0.94147124  0.33709332  0.        ],
[ 0.37440466  0.92726542  0.        ],
[ 0.17065463  0.98533091  0.        ],
[ 0.297464    0.95473304  0.        ],
[ 0.9069663  -0.42120319  0.        ],
[ 0.78030216  0.6254027   0.        ],
[ 0.98978811  0.14254645  0.        ],
[ 0.63103258  0.77575633  0.        ],
[ 0.34747315  0.93768993  0.        ],
[ 0.73086668  0.68252026  0.        ],
[ 0.682845    0.73056328  0.        ],
[ 0.82264215  0.56855949  0.        ],
[ 0.60245799  0.7981506   0.        ],
[ 0.37392708  0.9274581   0.        ],
[ 0.90168318  0.43239732  0.        ],
[ 0.77727902  0.62915604  0.        ],
[ 0.80104972 -0.59859782  0.        ],
[ 0.16158336  0.98685907  0.        ],
[ 0.72846116  0.6850871   0.        ],
[ 0.74934201  0.66218317  0.        ],
[ 0.9170153  -0.39885204  0.        ],
[ 0.53251376  0.84642134  0.        ],
[ 0.92512422  0.37966456  0.        ],
[ 0.36168513  0.93230031  0.        ],
[ 0.28965126  0.95713225  0.        ],
[ 0.99621462 -0.08692775  0.        ],
[ 0.99460857  0.10370048  0.        ],
[ 0.8173779   0.57610187  0.        ],
[ 0.98527486 -0.17097795  0.        ],
[ 0.99748096  0.07093471  0.        ],
[ 0.59542289  0.80341246  0.        ],
[ 0.35110349  0.93633666  0.        ],
[ 0.20441087  0.97888518  0.        ],
[ 0.99089752  0.13461839  0.        ],
[ 0.98193304 -0.1892287   0.        ],
[ 0.63304501  0.77411499  0.        ],
[ 0.99077425 -0.13552263  0.        ],
[ 0.42483973  0.90526858  0.        ],
[ 0.99554631 -0.09427377  0.        ],
[ 0.45960923  0.88812125  0.        ],
[ 0.99973694 -0.02293593  0.        ],
[ 0.82050148  0.5716444   0.        ],
[ 0.99447757 -0.10494932  0.        ],
[ 0.41241268  0.91099714  0.        ],
[ 0.65886262  0.75226328  0.        ],
[ 0.94941638 -0.31401996  0.        ],
[ 0.56311487  0.82637863  0.        ],
[ 0.38562387  0.92265607  0.        ],
[ 0.98965557 -0.14346377  0.        ],
[ 0.83455944  0.55091791  0.        ],
[  9.99999880e-01  -4.89689183e-04   0.00000000e+00],
[ 0.79240784  0.60999166  0.        ],
[ 0.36109631  0.93252853  0.        ],
[ 0.99489712 -0.10089464  0.        ],
[ 0.83737311  0.54663176  0.        ],
[ 0.99708912 -0.0762449   0.        ],
[ 0.999358    0.03582714  0.        ],
[ 0.71824715  0.69578807  0.        ],
[ 0.99690748  0.07858414  0.        ],
[ 0.68143339  0.73188014  0.        ],
[ 0.4558605   0.89005124  0.        ],
[ 0.99641259 -0.08462834  0.        ],
[ 0.70981535  0.7043878   0.        ],
[ 0.99221428  0.12454248  0.        ],
[ 0.41181342  0.91126818  0.        ],
[ 0.3817544  0.9242638  0.       ],
[ 0.87847286  0.47779225  0.        ],
[ 0.96774296 -0.25193961  0.        ],
[ 0.96672685  0.25581087  0.        ],
[ 0.97498327  0.22227826  0.        ],
[ 0.28279666  0.95917988  0.        ],
[ 0.25453633  0.96706321  0.        ],
[ 0.97361105 -0.22821375  0.        ],
[ 0.99205948  0.12576955  0.        ],
[ 0.21314488  0.9770206   0.        ],
[ 0.83850211  0.54489835  0.        ],
[ 0.99414434 -0.10806032  0.        ],
[ 0.78814724  0.61548675  0.        ],
[ 0.52809005  0.84918838  0.        ],
[ 0.77581545  0.63095989  0.        ],
[ 0.65848205  0.75259643  0.        ],
[ 0.90412254  0.42727326  0.        ],
[ 0.22543664  0.97425783  0.        ],
[ 0.25526136  0.96687209  0.        ],
[ 0.65958774  0.75162757  0.        ],
[ 0.64398214  0.76504052  0.        ],
[ 0.49173954  0.87074234  0.        ],
[ 0.91738938 -0.39799086  0.        ],
[ 0.98028858  0.19757101  0.        ],
[ 0.89003043 -0.45590113  0.        ],
[ 0.8911249  -0.45375811  0.        ],
[ 0.88118148  0.47277817  0.        ],
[ 0.51179213  0.85910931  0.        ],
[ 0.98879516 -0.1492787   0.        ],
[ 0.38787128  0.92171355  0.        ],
[ 0.70620282  0.70800959  0.        ],
[ 0.91817338  0.39617881  0.        ],
[ 0.99802715  0.06278387  0.        ],
[ 0.66813593  0.74403924  0.        ],
[ 0.70400827  0.71019177  0.        ],
[ 0.3217994   0.94680787  0.        ],
[ 0.21811447  0.97592319  0.        ],
[ 0.55720623  0.83037414  0.        ],
[ 0.70145691  0.71271187  0.        ],
[ 0.88558606  0.46447532  0.        ],
[ 0.93220204  0.36193834  0.        ],
[ 0.31608365  0.94873132  0.        ],
[ 0.40780098  0.91307084  0.        ],
[ 0.98807578 -0.15396837  0.        ],
[ 0.17624086  0.98434707  0.        ],
[ 0.17711797  0.98418963  0.        ],
[ 0.9635766  -0.26743247  0.        ],
[ 0.9759704  -0.21790313  0.        ],
[ 0.17142784  0.98519668  0.        ],
[ 0.98864047 -0.15029977  0.        ],
[ 0.73748376  0.67536487  0.        ],
[ 0.99397567 -0.10960093  0.        ],
[ 0.35671418  0.93421357  0.        ],
[ 0.33835468  0.94101866  0.        ],
[ 0.54982606  0.83527918  0.        ],
[ 0.46210201  0.88682678  0.        ],
[ 0.80132452  0.5982299   0.        ],
[ 0.51549627  0.85689182  0.        ],
[ 0.84282839  0.53818241  0.        ],
[ 0.98385906  0.17894512  0.        ],
[ 0.9235419   0.38349753  0.        ],
[ 0.95756695 -0.28821094  0.        ],
[ 0.91040855  0.41371037  0.        ],
[ 0.28889802  0.95735988  0.        ],
[ 0.99833529  0.05767718  0.        ],
[ 0.99702253 -0.07711074  0.        ],
[ 0.84181758 -0.53976214  0.        ],
[ 0.33234131  0.94315919  0.        ],
[ 0.21877946  0.97577433  0.        ],
[ 0.86856564 -0.49557415  0.        ],
[ 0.41391794  0.9103142   0.        ],
[ 0.40646383  0.91366687  0.        ],
[ 0.56693547  0.8237622   0.        ],
[ 0.74183514  0.67058231  0.        ],
[ 0.36634487  0.93047915  0.        ],
[ 0.99590906 -0.09036119  0.        ],
[ 0.8928056  -0.45044218  0.        ],
[ 0.96794076  0.25117858  0.        ],
[ 0.93124362  0.36439721  0.        ],
[ 0.99165814  0.12889579  0.        ],
[ 0.3791158   0.92534924  0.        ],
[ 0.16708394  0.98594267  0.        ],
[ 0.37635029  0.92647745  0.        ],
[ 0.66333437  0.74832313  0.        ],
[ 0.16144617  0.98688152  0.        ],
[ 0.73557572  0.67744251  0.        ],
[ 0.99798491 -0.06345165  0.        ],
[ 0.34473891  0.93869861  0.        ],
[ 0.47407165  0.88048627  0.        ],
[ 0.9958787   0.09069517  0.        ],
[ 0.33426729  0.94247832  0.        ],
[ 0.94806753 -0.31806911  0.        ],
[ 0.96924356 -0.24610348  0.        ],
[ 0.52945945  0.84833525  0.        ],
[ 0.47488757  0.88004647  0.        ],
[ 0.84219942  0.53916615  0.        ],
[ 0.99145404  0.13045646  0.        ],
[ 0.32719999  0.94495511  0.        ],
[ 0.17315969  0.98489376  0.        ],
[ 0.72089862  0.69304053  0.        ],
[ 0.85042487 -0.52609651  0.        ],
[ 0.42710106  0.90420389  0.        ],
[ 0.45156731  0.89223706  0.        ],
[ 0.97860653  0.20574074  0.        ],
[ 0.33269518  0.94303442  0.        ],
[ 0.53608792  0.84416215  0.        ],
[ 0.49306295  0.86999364  0.        ],
[ 0.26998333  0.962865    0.        ],
[ 0.95674822  0.29091725  0.        ],
[ 0.16883531  0.98564428  0.        ],
[ 0.9046866   0.42607763  0.        ],
[ 0.93025112 -0.3669235   0.        ],
[ 0.94397851 -0.33000692  0.        ],
[ 0.8106307  -0.58555774  0.        ],
[ 0.50422067  0.86357485  0.        ],
[ 0.2013034   0.97952894  0.        ],
[ 0.84098755 -0.54105447  0.        ],
[ 0.99247081  0.12248141  0.        ],
[ 0.46771561  0.88387901  0.        ],
[ 0.83322081  0.55294039  0.        ],
[ 0.28111737  0.95967339  0.        ],
[ 0.51939754  0.85453274  0.        ],
[ 0.92418867  0.38193627  0.        ],
[ 0.17141501  0.98519891  0.        ],
[ 0.99067955  0.13621315  0.        ],
[ 0.98719919 -0.15949217  0.        ],
[ 0.36525145  0.9309089   0.        ],
[ 0.93473643 -0.35534181  0.        ],
[ 0.18274528  0.98316029  0.        ],
[ 0.92472717 -0.38063062  0.        ],
[ 0.96507911  0.26195861  0.        ],
[ 0.76600379  0.64283605  0.        ],
[ 0.83645432 -0.54803665  0.        ],
[ 0.37294889  0.92785189  0.        ],
[ 0.96807082 -0.25067685  0.        ],
[ 0.93304606 -0.35975693  0.        ],
[ 0.99574856 -0.09211296  0.        ],
[ 0.33218235  0.94321518  0.        ],
[ 0.42324668  0.90601449  0.        ],
[ 0.33015994  0.943925    0.        ],
[ 0.2179201   0.97596661  0.        ],
[ 0.47353033  0.88077751  0.        ],
[ 0.15444047  0.9880021   0.        ],
[ 0.33789635  0.94118333  0.        ],
[ 0.41266747  0.91088175  0.        ],
[ 0.70790374  0.70630893  0.        ],
[ 0.75704176  0.65336649  0.        ],
[ 0.45555034  0.89021002  0.        ],
[ 0.44094847  0.89753242  0.        ],
[ 0.27583813  0.9612041   0.        ],
[ 0.3251912   0.94564829  0.        ],
[ 0.97193383  0.23525441  0.        ],
[ 0.88529615 -0.46502767  0.        ],
[ 0.97987062 -0.1996336   0.        ],
[ 0.55040628  0.83489695  0.        ],
[ 0.98747926  0.15774889  0.        ],
[ 0.9658801   0.25898965  0.        ],
[ 0.28450665  0.95867407  0.        ],
[ 0.93133354 -0.36416732  0.        ],
[ 0.18637004  0.98247962  0.        ],
[ 0.66948382  0.74282664  0.        ],
[ 0.63056249  0.77613849  0.        ],
[ 0.62943233  0.7770553   0.        ],
[ 0.75430977  0.65651868  0.        ],
[ 0.7287549   0.68477463  0.        ],
[ 0.9275023   0.37381744  0.        ],
[ 0.47808482  0.87831367  0.        ],
[ 0.35324696  0.93553011  0.        ],
[ 0.83271761  0.55369792  0.        ],
[ 0.81169985 -0.58407479  0.        ],
[ 0.70960805  0.70459663  0.        ],
[ 0.49438533  0.86924286  0.        ],
[ 0.45073002  0.89266032  0.        ],
[ 0.17881791  0.98388219  0.        ],
[ 0.32469342  0.94581932  0.        ],
[ 0.33691841  0.94153385  0.        ],
[ 0.15705236  0.98759028  0.        ],
[ 0.96379923 -0.26662902  0.        ],
[ 0.9255506   0.37862393  0.        ],
[ 0.19682171  0.9804393   0.        ],
[ 0.82910774  0.55908887  0.        ],
[ 0.43425347  0.90079072  0.        ],
[ 0.99190023 -0.12701941  0.        ],
[ 0.5678105  0.8231593  0.       ],
[ 0.18149153  0.98339251  0.        ],
[ 0.64282613  0.76601212  0.        ],
[ 0.99958733 -0.02872572  0.        ],
[ 0.24516835  0.96948052  0.        ],
[ 0.99996115  0.00881458  0.        ],
[ 0.39846699  0.91718267  0.        ],
[ 0.44744     0.89431395  0.        ],
[ 0.69623319  0.71781568  0.        ],
[ 0.99980791 -0.01959935  0.        ],
[ 0.55865807  0.82939807  0.        ],
[ 0.50184099  0.8649599   0.        ],
[ 0.17731156  0.98415477  0.        ],
[ 0.82425762  0.56621496  0.        ],
[ 0.34648052  0.93805717  0.        ],
[ 0.55375174  0.83268182  0.        ],
[ 0.21920304  0.97567926  0.        ],
[ 0.88557969  0.46448748  0.        ],
[ 0.34088282  0.94010579  0.        ],
[ 0.91663862  0.39971696  0.        ],
[ 0.98517609  0.17154612  0.        ],
[ 0.33532342  0.94210307  0.        ],
[ 0.48687119  0.87347378  0.        ],
[ 0.94869205  0.31620152  0.        ],
[ 0.35163545  0.93613701  0.        ],
[ 0.96570798  0.25963071  0.        ],
[ 0.42426698  0.90553715  0.        ],
[ 0.68184629  0.73149548  0.        ],
[ 0.50954414  0.86044452  0.        ],
[ 0.4126895   0.91087177  0.        ],
[ 0.918212   -0.39608929  0.        ],
[ 0.93150109 -0.36373852  0.        ],
[ 0.51173919  0.85914085  0.        ],
[ 0.68140961  0.73190228  0.        ],
[ 0.91211     0.40994554  0.        ],
[ 0.98107561 -0.19362499  0.        ],
[ 0.44309119  0.89647655  0.        ],
[ 0.63846366  0.76965197  0.        ],
[ 0.83080857 -0.55655828  0.        ],
[ 0.97761676  0.21039359  0.        ],
[ 0.4420148   0.89700776  0.        ],
[ 0.94602998 -0.32407912  0.        ],
[ 0.78259906  0.62252607  0.        ],
[ 0.91799027  0.3966029   0.        ],
[ 0.35438307  0.93510034  0.        ],
[ 0.676432    0.73650509  0.        ],
[ 0.95464044  0.29776104  0.        ],
[ 0.23207152  0.97269873  0.        ],
[ 0.66821966  0.74396404  0.        ],
[ 0.99931177  0.0370944   0.        ],
[ 0.82213361  0.56929458  0.        ],
[ 0.82454961 -0.56578966  0.        ],
[ 0.72823049  0.6853323   0.        ],
[ 0.89295006  0.45015574  0.        ],
[ 0.39120974  0.92030155  0.        ],
[ 0.50301853  0.86427563  0.        ],
[ 0.99937429 -0.03536996  0.        ],
[ 0.96544637  0.26060182  0.        ],
[ 0.28697341  0.95793855  0.        ],
[ 0.81904005 -0.57373635  0.        ],
[ 0.63935468  0.76891195  0.        ],
[ 0.46042889  0.88769659  0.        ],
[ 0.75441693  0.65639553  0.        ],
[ 0.15277394  0.98826116  0.        ],
[ 0.56378556  0.82592121  0.        ],
[ 0.1834034   0.98303774  0.        ],
[ 0.7912046   0.61155153  0.        ],
[ 0.81994156  0.57244723  0.        ],
[ 0.86173316  0.50736176  0.        ],
[ 0.79635774 -0.60482589  0.        ],
[ 0.75072312  0.66061698  0.        ],
[ 0.83462043  0.55082551  0.        ],
[ 0.22726148  0.97383378  0.        ],
[ 0.73775437  0.67506925  0.        ],
[ 0.49148223  0.8708876   0.        ],
[ 0.74766962  0.66407088  0.        ],
[ 0.67561784  0.73725201  0.        ],
[ 0.99569235 -0.09271864  0.        ],
[ 0.32552984  0.94553177  0.        ],
[ 0.8640433  0.5034175  0.       ],
[ 0.3986824   0.91708906  0.        ],
[ 0.54774548  0.83664502  0.        ],
[ 0.97923181 -0.20274381  0.        ],
[ 0.44791009  0.89407861  0.        ],
[ 0.30786398  0.95143038  0.        ],
[ 0.43756901  0.89918483  0.        ],
[ 0.35121886  0.93629339  0.        ],
[ 0.25802119  0.96613926  0.        ],
[ 0.93617979 -0.35152155  0.        ],
[ 0.68043306  0.73281024  0.        ],
[ 0.93770114 -0.34744292  0.        ],
[ 0.52363968  0.85193983  0.        ],
[ 0.27359319  0.9618455   0.        ],
[ 0.54258995  0.83999771  0.        ],
[ 0.59621296  0.80282632  0.        ],
[ 0.91312423  0.40768143  0.        ],
[ 0.33594555  0.94188141  0.        ],
[ 0.34051051  0.94024071  0.        ],
[ 0.59228181  0.80573089  0.        ],
[ 0.99510247 -0.09884874  0.        ],
[ 0.38128459  0.92445771  0.        ],
[ 0.97545227  0.22021096  0.        ],
[ 0.28888668  0.9573633   0.        ],
[ 0.53362549  0.8457209   0.        ],
[ 0.74096669  0.67154178  0.        ],
[ 0.19756622  0.98028954  0.        ],
[ 0.80227946  0.59694863  0.        ],
[ 0.64921527  0.76060472  0.        ],
[ 0.96635043  0.25722917  0.        ],
[ 0.98991718 -0.14164736  0.        ],
[ 0.41129086  0.91150416  0.        ],
[ 0.43772839  0.89910726  0.        ],
[ 0.39636698  0.91809216  0.        ],
[ 0.86455348  0.50254083  0.        ],
[ 0.15728453  0.98755333  0.        ],
[ 0.97152074 -0.23695453  0.        ],
[ 0.4493217   0.89337003  0.        ],
[ 0.28608071  0.95820552  0.        ],
[ 0.94651139  0.32267041  0.        ],
[ 0.36025218  0.93285495  0.        ],
[ 0.41477132  0.90992569  0.        ],
[ 0.24245422  0.97016285  0.        ],
[ 0.99093168  0.13436672  0.        ],
[ 0.16846165  0.98570821  0.        ],
[ 0.93047084 -0.36636596  0.        ],
[ 0.1682407   0.98574594  0.        ],
[ 0.90198657 -0.43176409  0.        ],
[ 0.99855618 -0.05371736  0.        ],
[ 0.97506043 -0.22193952  0.        ],
[ 0.61492076  0.7885889   0.        ],
[ 0.99828223  0.05858838  0.        ],
[ 0.1688406   0.98564337  0.        ],
[ 0.71897696  0.6950339   0.        ],
[ 0.33506429  0.94219527  0.        ],
[ 0.33337339  0.94279488  0.        ],
[ 0.39396263  0.91912646  0.        ],
[ 0.29373898  0.95588567  0.        ],
[ 0.24429468  0.96970104  0.        ],
[ 0.55170118  0.83404185  0.        ],
[ 0.35135444  0.93624252  0.        ],
[ 0.62478159  0.78079957  0.        ],
[ 0.30627429  0.95194331  0.        ],
[ 0.23420291  0.97218774  0.        ],
[ 0.58711097  0.80950646  0.        ],
[ 0.66423521  0.74752364  0.        ],
[ 0.44304797  0.89649791  0.        ],
[ 0.58749261  0.80922953  0.        ],
[ 0.36924721  0.92933121  0.        ],
[ 0.99555629 -0.09416829  0.        ],
[ 0.79121604  0.61153673  0.        ],
[ 0.78731037 -0.61655688  0.        ],
[ 0.80297978  0.59600627  0.        ],
[ 0.99952472  0.03082754  0.        ],
[ 0.55161427  0.83409933  0.        ],
[ 0.36224252  0.93208388  0.        ],
[ 0.93075779 -0.36563633  0.        ],
[ 0.98733695 -0.15863714  0.        ],
[ 0.99965391  0.02630719  0.        ],
[ 0.85570503  0.51746391  0.        ],
[ 0.86725169 -0.49786997  0.        ],
[ 0.49358901  0.86969528  0.        ],
[ 0.91408408  0.40552472  0.        ],
[ 0.97956331  0.20113609  0.        ],
[ 0.81479552  0.57974845  0.        ],
[ 0.99587997 -0.09068128  0.        ],
[ 0.8595152   0.51111018  0.        ],
[ 0.73561188  0.67740325  0.        ],
[ 0.39014148  0.92075492  0.        ],
[ 0.85538453  0.51799353  0.        ],
[ 0.96515495  0.26167903  0.        ],
[ 0.97930288 -0.20240027  0.        ],
[ 0.55840083  0.82957128  0.        ],
[ 0.34514023  0.93855113  0.        ],
[ 0.19822492  0.98015656  0.        ],
[ 0.89658319 -0.44287535  0.        ],
[ 0.84461813  0.53536923  0.        ],
[ 0.4213221   0.90691107  0.        ],
[ 0.81031389  0.58599607  0.        ],
[ 0.83771427 -0.54610878  0.        ],
[ 0.33620718  0.94178805  0.        ],
[ 0.99464021  0.10339657  0.        ],
