[-0.7485814 -0.6630429  0.       ],
[-0.54588745 -0.83785852  0.        ],
[-0.90944758  0.41581858  0.        ],
[-0.41513595  0.90975939  0.        ],
[-0.97303331  0.23066465  0.        ],
[-0.67249203  0.74010436  0.        ],
[-0.99852564 -0.05428211  0.        ],
[-0.72441653  0.68936252  0.        ],
[-0.62638872  0.77951085  0.        ],
[-0.58094099  0.81394568  0.        ],
[-0.14469634  0.98947611  0.        ],
[-0.81765032 -0.57571517  0.        ],
[-0.05598716  0.99843149  0.        ],
[-0.65198699 -0.75823016  0.        ],
[-0.51351759  0.85807906  0.        ],
[-0.54330344 -0.83953641  0.        ],
[-0.56803528 -0.82300421  0.        ],
[-0.92459269 -0.38095716  0.        ],
[-0.15961761  0.98717892  0.        ],
[-0.64205979  0.76665457  0.        ],
[-0.56273687 -0.82663608  0.        ],
[-0.90300622 -0.42962748  0.        ],
[-0.54393693 -0.8391261   0.        ],
[-0.74512256 -0.66692755  0.        ],
[-0.87056472  0.49205393  0.        ],
[-0.38521952  0.92282497  0.        ],
[-0.56993209  0.8216918   0.        ],
[-0.885173   -0.46526203  0.        ],
[-0.78237005 -0.62281386  0.        ],
[-0.45236756  0.89183159  0.        ],
[-0.30150103  0.95346585  0.        ],
[-0.97111484  0.23861258  0.        ],
[-0.57712371 -0.81665674  0.        ],
[-0.71764337 -0.6964108   0.        ],
[-0.73448289 -0.6786272   0.        ],
[-0.90649595  0.42221451  0.        ],
[-0.94970778 -0.31313756  0.        ],
[-0.82674699 -0.56257392  0.        ],
[-0.65880538  0.75231341  0.        ],
[-0.99993514 -0.01138968  0.        ],
[-0.19709948  0.98038349  0.        ],
[-0.6162027  0.7875876  0.       ],
[-0.86350729 -0.50433636  0.        ],
[-0.1978273   0.98023689  0.        ],
[-0.00468638  0.99998902  0.        ],
[-0.00395251  0.99999219  0.        ],
[-0.99374965  0.11163172  0.        ],
[-0.70087546 -0.71328367  0.        ],
[-0.98652005  0.16364044  0.        ],
[-0.82318143 -0.56777842  0.        ],
[-0.5391661  -0.84219945  0.        ],
[-0.89470035  0.44666686  0.        ],
[ -6.45503291e-04   9.99999792e-01   0.00000000e+00],
[-0.9725512   0.23268899  0.        ],
[-0.88402977 -0.4674306   0.        ],
[-0.12831513  0.99173345  0.        ],
[-0.8338384  -0.55200863  0.        ],
[-0.87561791  0.48300443  0.        ],
[-0.87395405 -0.48600856  0.        ],
[-0.87034299  0.49244602  0.        ],
[-0.63586346 -0.77180157  0.        ],
[-0.20369331  0.97903475  0.        ],
[-0.82323818 -0.56769613  0.        ],
[-0.36688099  0.93026788  0.        ],
[-0.5255694   0.85075073  0.        ],
[-0.10953394  0.99398306  0.        ],
[-0.88135558 -0.47245353  0.        ],
[-0.99651758 -0.08338298  0.        ],
[-0.7426078  -0.66972655  0.        ],
[-0.82651546 -0.56291402  0.        ],
[-0.90638298 -0.42245698  0.        ],
[-0.87207979 -0.4893637   0.        ],
[-0.78669807  0.61733796  0.        ],
[-0.8070068  -0.59054215  0.        ],
[-0.74907689 -0.66248307  0.        ],
[-0.85670855 -0.5158008   0.        ],
[-0.99208884  0.12553775  0.        ],
[-0.54841068  0.83620914  0.        ],
[-0.12134538  0.99261035  0.        ],
[-0.39777261  0.91748403  0.        ],
[-0.98723321 -0.15928149  0.        ],
[-0.42905346  0.9032791   0.        ],
[-0.57761868 -0.81630672  0.        ],
[-0.74360875 -0.668615    0.        ],
[-0.25507664  0.96692084  0.        ],
[-0.92530536 -0.37922289  0.        ],
[-0.29326938  0.95602985  0.        ],
[-0.72831587  0.68524156  0.        ],
[-0.72936078  0.68412927  0.        ],
[-0.99994955 -0.01004485  0.        ],
[-0.56527835 -0.82490023  0.        ],
[-0.71081178 -0.70338227  0.        ],
[-0.77077632  0.63710585  0.        ],
[-0.42846266  0.90355949  0.        ],
[-0.98239605  0.18681009  0.        ],
[-0.90431688  0.42686178  0.        ],
[-0.55931412 -0.8289558   0.        ],
[-0.65034217  0.7596414   0.        ],
[-0.09412942  0.99555997  0.        ],
[-0.77181646  0.63584538  0.        ],
[-0.69012662 -0.72368864  0.        ],
[-0.96173835  0.27396961  0.        ],
[-0.69792445  0.71617139  0.        ],
[-0.8144673  -0.58020947  0.        ],
[-0.85637848 -0.51634862  0.        ],
[-0.99265085  0.12101359  0.        ],
[-0.72709716 -0.68653457  0.        ],
[-0.92395827  0.38249328  0.        ],
[-0.90971938  0.41522362  0.        ],
[-0.89497503  0.44611624  0.        ],
[-0.73585226 -0.67714212  0.        ],
[-0.54996593 -0.83518709  0.        ],
[-0.99868514 -0.05126396  0.        ],
[-0.70456355 -0.7096409   0.        ],
[-0.8299495  -0.55783854  0.        ],
[ -2.70164547e-04   9.99999964e-01   0.00000000e+00],
[-0.90288546 -0.42988121  0.        ],
[-0.70205329  0.71212441  0.        ],
[-0.64201169  0.76669485  0.        ],
[-0.83774086  0.546068    0.        ],
[-0.19611614  0.98058068  0.        ],
[-0.18904382  0.98196865  0.        ],
[-0.79607524  0.60519767  0.        ],
[-0.59410401  0.80438823  0.        ],
[-0.99949187 -0.03187491  0.        ],
[-0.65381845 -0.75665146  0.        ],
[-0.9921194   0.12529605  0.        ],
[-0.46617271  0.88469374  0.        ],
[-0.67813904 -0.73493363  0.        ],
[-0.88858895 -0.45870435  0.        ],
[-0.82376748 -0.56692781  0.        ],
[-0.85489852 -0.51879526  0.        ],
[-0.69175436  0.72213288  0.        ],
[-0.78272493 -0.62236781  0.        ],
[-0.86769464 -0.49709759  0.        ],
[-0.6967629   0.71730151  0.        ],
[-0.85710651 -0.51513923  0.        ],
[-0.54600299 -0.83778323  0.        ],
[-0.95069118  0.31013914  0.        ],
[-0.56741761 -0.82343018  0.        ],
[-0.58106566 -0.81385668  0.        ],
[-0.9999315 -0.0117043  0.       ],
[-0.27939891  0.96017511  0.        ],
[-0.89618752  0.44367547  0.        ],
[-0.09746922  0.99523854  0.        ],
[-0.86773091  0.49703427  0.        ],
[-0.80323675 -0.5956599   0.        ],
[-0.83116076 -0.55603219  0.        ],
[-0.52970566  0.84818154  0.        ],
[-0.57945136 -0.81500683  0.        ],
[-0.21493958  0.97662735  0.        ],
[-0.72020352 -0.69376285  0.        ],
[-0.78770132  0.61605732  0.        ],
[-0.67908784 -0.73405701  0.        ],
[-0.80693175 -0.59064469  0.        ],
[-0.88458634 -0.46637646  0.        ],
[-0.82585446 -0.56388333  0.        ],
[-0.56937879 -0.8220753   0.        ],
[-0.65224781 -0.7580058   0.        ],
[-0.15580674  0.98778756  0.        ],
[-0.96994005  0.24334401  0.        ],
[-0.77258871 -0.63490684  0.        ],
[-0.8872501   0.46128869  0.        ],
[-0.99996267  0.00864004  0.        ],
[-0.86169743  0.50742245  0.        ],
[-0.86168206  0.50744854  0.        ],
[-0.31419535  0.94935835  0.        ],
[-0.9515067   0.30762801  0.        ],
[-0.55814498  0.82974344  0.        ],
[-0.73161537 -0.68171765  0.        ],
[-0.86572696  0.50051656  0.        ],
[-0.91645123 -0.40014641  0.        ],
[-0.99924301  0.0389025   0.        ],
[-0.77855964 -0.62757062  0.        ],
[-0.9053639   0.42463657  0.        ],
[-0.84881729 -0.52868631  0.        ],
[-0.78974869 -0.61343053  0.        ],
[-0.88846431  0.45894571  0.        ],
[-0.84494607 -0.53485151  0.        ],
[-0.77326479  0.63408325  0.        ],
[-0.57499138 -0.81815947  0.        ],
[-0.77620942 -0.63047517  0.        ],
[-0.55546949  0.83153692  0.        ],
[-0.86557172  0.50078499  0.        ],
[-0.68646921  0.72715887  0.        ],
[-0.99999921  0.00125776  0.        ],
[-0.99293399  0.11866795  0.        ],
[-0.14829361  0.98894338  0.        ],
[-0.64596465  0.76336733  0.        ],
[-0.8362471 -0.5483528  0.       ],
[-0.61603493  0.78771884  0.        ],
[-0.56261864 -0.82671656  0.        ],
[-0.68633647  0.72728416  0.        ],
[-0.06776771  0.99770113  0.        ],
[-0.8423127   0.53898916  0.        ],
[-0.77966168  0.62620098  0.        ],
[-0.77590967 -0.63084402  0.        ],
[-0.62906446 -0.77735314  0.        ],
[-0.57734571 -0.81649981  0.        ],
[-0.96467441  0.26344503  0.        ],
[-0.99939332  0.03482796  0.        ],
[-0.56141486 -0.8275345   0.        ],
[-0.58317645 -0.81234551  0.        ],
[-0.70520528  0.70900318  0.        ],
[-0.02476258  0.99969336  0.        ],
[-0.67459468  0.73818834  0.        ],
[-0.99780234 -0.06626078  0.        ],
[-0.67475392 -0.73804278  0.        ],
[-0.02200596  0.99975784  0.        ],
[-0.99750482 -0.07059836  0.        ],
[-0.65232819  0.75793663  0.        ],
[-0.12195206  0.99253599  0.        ],
[-0.73562851  0.67738519  0.        ],
[-0.54857409 -0.83610195  0.        ],
[-0.99188261 -0.12715697  0.        ],
[-0.77208128 -0.6355238   0.        ],
[-0.99987836  0.01559717  0.        ],
[-0.53477065  0.84499725  0.        ],
[-0.91941413  0.3932908   0.        ],
[-0.32255333  0.94655129  0.        ],
[-0.85323906 -0.52152     0.        ],
[-0.9480611   0.31808829  0.        ],
[-0.32836946  0.94454936  0.        ],
[-0.05349914  0.9985679   0.        ],
[-0.58923381  0.80796257  0.        ],
[-0.98801154  0.15438003  0.        ],
[-0.23211436  0.9726885   0.        ],
[-0.90069897  0.43444374  0.        ],
[-0.78529723  0.61911894  0.        ],
[-0.36917987  0.92935796  0.        ],
[-0.97544656  0.22023626  0.        ],
[-0.54768107  0.83668719  0.        ],
[-0.74108767 -0.67140827  0.        ],
[-0.99979226  0.02038228  0.        ],
[-0.46984912  0.88274674  0.        ],
[-0.99985894  0.01679597  0.        ],
[-0.73255652 -0.68070621  0.        ],
[-0.99185403 -0.12737971  0.        ],
[-0.46679912  0.88436338  0.        ],
[-0.79808342 -0.60254697  0.        ],
[-0.9949917   0.09995756  0.        ],
[-0.99495798 -0.10029267  0.        ],
[-0.59362644  0.80474073  0.        ],
[-0.99391331  0.11016505  0.        ],
[-0.77648858 -0.63013133  0.        ],
[-0.7991693  -0.60110601  0.        ],
[-0.91631113  0.40046713  0.        ],
[-0.62786358  0.77832341  0.        ],
[-0.24979509  0.96829872  0.        ],
[-0.96909409 -0.24669138  0.        ],
[-0.59298758  0.8052116   0.        ],
[-0.54229334 -0.84018922  0.        ],
[-0.69970767 -0.71442927  0.        ],
[-0.39338203  0.9193751   0.        ],
[-0.99700414 -0.07734817  0.        ],
[-0.84476517  0.53513718  0.        ],
[-0.99990922 -0.01347411  0.        ],
[-0.46542372  0.885088    0.        ],
[-0.77579827 -0.63098102  0.        ],
[-0.73705002 -0.6758382   0.        ],
[-0.56694007 -0.82375904  0.        ],
[-0.83376239 -0.55212342  0.        ],
[-0.99930479  0.03728174  0.        ],
[-0.09111018  0.99584082  0.        ],
[-0.86899098  0.49482792  0.        ],
[-0.66499193  0.74685054  0.        ],
[-0.99351939  0.11366277  0.        ],
[-0.86700776  0.49829463  0.        ],
[-0.56584187 -0.82451378  0.        ],
[-0.04813426  0.99884087  0.        ],
[-0.82832299  0.56025086  0.        ],
[-0.72904379 -0.68446705  0.        ],
[-0.49693226  0.86778933  0.        ],
[-0.91714675 -0.39854967  0.        ],
[-0.99777929 -0.06660699  0.        ],
[-0.97029334  0.24193147  0.        ],
[-0.68245092 -0.73093142  0.        ],
[-0.86778533 -0.49693925  0.        ],
[-0.96059209  0.27796193  0.        ],
[-0.81846471 -0.57455681  0.        ],
[-0.31647312  0.94860148  0.        ],
[-0.6194227  -0.78505765  0.        ],
[-0.07503924  0.99718058  0.        ],
[-0.88315206  0.46908682  0.        ],
[-0.5087168   0.86093392  0.        ],
[-0.98877522  0.14941075  0.        ],
[-0.65009199 -0.75985552  0.        ],
[-0.8453736 -0.5341755  0.       ],
[ -9.99999738e-01  -7.23905666e-04   0.00000000e+00],
[-0.5765013  -0.81709623  0.        ],
[-0.5949458  -0.80376582  0.        ],
[-0.55353619  0.83282513  0.        ],
[-0.82523478  0.56478984  0.        ],
[-0.84357009 -0.53701909  0.        ],
[-0.39105343  0.92036798  0.        ],
[-0.69001688  0.72379327  0.        ],
[-0.58844479  0.8085374   0.        ],
[-0.97326867 -0.22966953  0.        ],
[-0.46781515  0.88382633  0.        ],
[-0.62136218 -0.78352348  0.        ],
[-0.99944122 -0.03342513  0.        ],
[-0.65308246  0.7572868   0.        ],
[-0.85219058 -0.52323151  0.        ],
[-0.42298534  0.90613652  0.        ],
[-0.6843408  -0.72916231  0.        ],
[-0.80894901 -0.58787881  0.        ],
[-0.5937466  -0.80465209  0.        ],
[-0.36841836  0.9296601   0.        ],
[-0.73576157  0.67724066  0.        ],
[ -9.99999998e-01  -5.62718762e-05   0.00000000e+00],
[-0.85798526 -0.5136743   0.        ],
[-0.58588436 -0.81039467  0.        ],
[-0.73598808 -0.6769945   0.        ],
[-0.18717328  0.98232691  0.        ],
[-0.85557211 -0.51768365  0.        ],
[-0.99961597  0.02771111  0.        ],
[-0.95873671 -0.2842955   0.        ],
[-0.11395578  0.99348582  0.        ],
[-0.6066296   0.79498461  0.        ],
[-0.98661162  0.16308742  0.        ],
[-0.91782155  0.39699319  0.        ],
[-0.90085401  0.43412216  0.        ],
[-0.99124946 -0.13200189  0.        ],
[-0.99287706 -0.1191434   0.        ],
[-0.80883413  0.58803686  0.        ],
[-0.79452022 -0.6072377   0.        ],
[-0.40145141  0.91588032  0.        ],
[-0.5957618  -0.80316118  0.        ],
[-0.89490292 -0.44626088  0.        ],
[-0.81616212 -0.57782297  0.        ],
[-0.74722689 -0.66456901  0.        ],
[-0.69708707 -0.71698648  0.        ],
[-0.31370783  0.94951956  0.        ],
[-0.99872113  0.050558    0.        ],
[-0.29227498  0.95633432  0.        ],
[-0.55358937  0.83278977  0.        ],
[-0.48358497  0.87529742  0.        ],
[-0.85046876 -0.52602556  0.        ],
[-0.0901622   0.99592709  0.        ],
[-0.72914577 -0.68435842  0.        ],
[-0.68020141 -0.73302527  0.        ],
[-0.85092573  0.52528602  0.        ],
[-0.62841787 -0.77787594  0.        ],
[-0.97984142  0.19977685  0.        ],
[-0.99967013 -0.02568347  0.        ],
[-0.90724135 -0.42061042  0.        ],
[-0.9016805  0.4324029  0.       ],
[-0.69984681 -0.71429297  0.        ],
[-0.57804025  0.81600825  0.        ],
[-0.11724807  0.99310266  0.        ],
[-0.54875625 -0.8359824   0.        ],
[-0.99714634 -0.07549291  0.        ],
[-0.77368311 -0.63357277  0.        ],
[-0.69884337  0.71527473  0.        ],
[-0.59360269  0.80475825  0.        ],
[-0.86898669 -0.49483546  0.        ],
[-0.88384415  0.46778149  0.        ],
[-0.99705927  0.07663423  0.        ],
[-0.63655512  0.77123121  0.        ],
[-0.65469481  0.75589332  0.        ],
[-0.54887493 -0.83590449  0.        ],
[-0.82172506  0.56988413  0.        ],
[-0.26809417  0.96339271  0.        ],
[-0.9987169  -0.05064146  0.        ],
[-0.74968338 -0.66179667  0.        ],
[-0.55223016 -0.8336917   0.        ],
[-0.73681385 -0.67609566  0.        ],
[-0.71974801 -0.69423541  0.        ],
[-0.75868363 -0.65145925  0.        ],
[-0.99836678 -0.05712936  0.        ],
[-0.99459185 -0.10386076  0.        ],
[-0.77768451 -0.62865476  0.        ],
[-0.3936813   0.91924699  0.        ],
[-0.9949672  -0.10020117  0.        ],
[-0.12739418  0.99185217  0.        ],
[-0.99659014 -0.08251115  0.        ],
[-0.62351652 -0.78181017  0.        ],
[-0.96581657  0.25922644  0.        ],
[-0.61143277 -0.79129638  0.        ],
[-0.55921336  0.82902377  0.        ],
[-0.999686    0.02505789  0.        ],
[-0.99861773 -0.05256067  0.        ],
[-0.99674026  0.0806775   0.        ],
[-0.60122701  0.79907827  0.        ],
[-0.92799794  0.37258532  0.        ],
[-0.79446986  0.60730359  0.        ],
[-0.18747174  0.98227     0.        ],
[-0.97882425  0.20470242  0.        ],
[-0.86723547  0.49789823  0.        ],
[-0.99188502  0.12713812  0.        ],
[-0.78532044  0.6190895   0.        ],
[-0.58442458  0.81144803  0.        ],
[-0.99019577  0.13968657  0.        ],
[-0.24844539  0.9686459   0.        ],
[-0.9977173   0.06752918  0.        ],
[-0.9861063   0.16611552  0.        ],
[-0.71393531  0.70021166  0.        ],
[-0.53966852 -0.8418776   0.        ],
[-0.47601205  0.87943876  0.        ],
[-0.40630364  0.91373812  0.        ],
[-0.67988272 -0.73332086  0.        ],
[-0.99985524  0.01701484  0.        ],
[-0.34918066  0.93705542  0.        ],
[-0.97558857 -0.21960634  0.        ],
[-0.93324517  0.35924011  0.        ],
[-0.99886126  0.04770944  0.        ],
[-0.5599459  -0.82852917  0.        ],
[-0.99027194 -0.13914557  0.        ],
[-0.21604855  0.97638262  0.        ],
[-0.78473921 -0.61982608  0.        ],
[-0.80007974 -0.59989366  0.        ],
[-0.80517075 -0.59304305  0.        ],
[-0.76965466 -0.63846041  0.        ],
[-0.5827715   0.81263607  0.        ],
[-0.38594143  0.92252329  0.        ],
[-0.57625294 -0.81727141  0.        ],
[-0.78559039 -0.61874691  0.        ],
[-0.99009231 -0.14041804  0.        ],
[-0.96776495  0.25185511  0.        ],
[-0.73264976 -0.68060585  0.        ],
[-0.91239935  0.40930114  0.        ],
[-0.59906681  0.80069904  0.        ],
[-0.08133852  0.99668653  0.        ],
[-0.80429401  0.59423156  0.        ],
[-0.78588378 -0.61837422  0.        ],
[-0.90745687 -0.42014524  0.        ],
[-0.87725375  0.48002694  0.        ],
[-0.29582391  0.95524249  0.        ],
[-0.99922136 -0.03945474  0.        ],
[-0.68800022 -0.72571047  0.        ],
[-0.80990806 -0.58655684  0.        ],
[-0.96166523 -0.27422616  0.        ],
[-0.57387739 -0.81894123  0.        ],
[-0.58567566 -0.81054551  0.        ],
[-0.8596611  -0.51086476  0.        ],
[-0.75002478  0.66140973  0.        ],
[-0.92594215  0.37766538  0.        ],
[-0.83782391 -0.54594056  0.        ],
[-0.50643574  0.8622777   0.        ],
[-0.97296658 -0.23094597  0.        ],
[-0.96379204  0.26665502  0.        ],
[-0.06822758  0.99766978  0.        ],
[-0.7658216   0.64305309  0.        ],
[-0.77288843 -0.63454194  0.        ],
[-0.99105868 -0.13342673  0.        ],
[-0.53139933  0.84712145  0.        ],
[-0.99780454 -0.06622766  0.        ],
[-0.66263111 -0.74894593  0.        ],
[-0.99996755  0.00805651  0.        ],
[-0.58667823 -0.80982014  0.        ],
[-0.46212317  0.88681575  0.        ],
[-0.87882829  0.47713817  0.        ],
[-0.96481291 -0.26293735  0.        ],
[-0.51946145  0.85449389  0.        ],
[-0.60799734  0.79393906  0.        ],
[-0.81838909 -0.57466451  0.        ],
[-0.99986817  0.01623714  0.        ],
[-0.83357429 -0.55240737  0.        ],
[-0.9936813   0.11223848  0.        ],
[-0.66459722  0.7472018   0.        ],
[-0.8977255   0.44055525  0.        ],
[-0.11905739  0.99288737  0.        ],
[-0.04896564  0.99880046  0.        ],
[-0.55143097 -0.83422052  0.        ],
[-0.99640031 -0.08477276  0.        ],
[-0.22648886  0.97401376  0.        ],
[-0.95262797 -0.30413803  0.        ],
[-0.88227455  0.47073519  0.        ],
[-0.31209188  0.95005192  0.        ],
[-0.29893575  0.95427324  0.        ],
[-0.96120198 -0.27584554  0.        ],
[-0.11472775  0.99339697  0.        ],
[-0.19928448  0.97994168  0.        ],
[-0.99865917 -0.05176742  0.        ],
[-0.10080522  0.99490618  0.        ],
[-0.02774494  0.99961504  0.        ],
[-0.56513731  0.82499686  0.        ],
[-0.27213003  0.96226049  0.        ],
[-0.60358125 -0.7973015   0.        ],
[-0.82009049 -0.57223386  0.        ],
[-0.50943284  0.86051042  0.        ],
[-0.99261066  0.12134281  0.        ],
[-0.8212759  -0.57053124  0.        ],
[-0.83040396 -0.55716179  0.        ],
[-0.74099638  0.67150902  0.        ],
[-0.84215233  0.5392397   0.        ],
[-0.62139185 -0.78349995  0.        ],
[-0.82003754 -0.57230974  0.        ],
[-0.78813099 -0.61550755  0.        ],
[-0.98802403  0.15430011  0.        ],
[-0.78029004  0.62541782  0.        ],
[-0.86988161 -0.49326057  0.        ],
[-0.85365989 -0.52083087  0.        ],
[-0.61013124  0.79230036  0.        ],
[-0.79688215  0.60413479  0.        ],
[-0.95216646 -0.30557984  0.        ],
[-0.8389091  -0.54427156  0.        ],
[-0.65680045  0.75406443  0.        ],
[-0.53955667 -0.84194928  0.        ],
[-0.7887514   0.61471232  0.        ],
[-0.80172615 -0.59769154  0.        ],
[-0.76001835  0.64990162  0.        ],
[-0.59816638  0.80137194  0.        ],
[-0.99984285 -0.01772792  0.        ],
[-0.63955056  0.76874904  0.        ],
[-0.92227176  0.38654211  0.        ],
[-0.09887089  0.99510027  0.        ],
[-0.45938307  0.88823825  0.        ],
[-0.78464625 -0.61994375  0.        ],
[-0.86927863 -0.49432243  0.        ],
[-0.78432315 -0.62035248  0.        ],
[-0.79922841  0.60102741  0.        ],
[-0.99981814 -0.01907067  0.        ],
[-0.50393197  0.86374335  0.        ],
[-0.98233901 -0.18710976  0.        ],
[-0.79576458  0.60560609  0.        ],
[-0.79259674 -0.60974618  0.        ],
[-0.99989939  0.01418473  0.        ],
[-0.56452119 -0.82541858  0.        ],
[-0.9063006   0.42263366  0.        ],
[-0.81410094 -0.5807234   0.        ],
[-0.99720909  0.07465949  0.        ],
[-0.8777961   0.47903445  0.        ],
[-0.54921872 -0.83567865  0.        ],
[-0.99957604  0.02911591  0.        ],
[-0.80433149 -0.59418082  0.        ],
[-0.53451869 -0.84515665  0.        ],
[-0.20815089  0.97809673  0.        ],
[-0.63877992  0.76938951  0.        ],
[-0.56968151 -0.82186555  0.        ],
[-0.84358842 -0.53699029  0.        ],
[-0.73403455 -0.67911213  0.        ],
[-0.48419164  0.87496197  0.        ],
[-0.91580822  0.40161587  0.        ],
[-0.59018966 -0.80726462  0.        ],
[-0.89108261 -0.45384115  0.        ],
[-0.29177107  0.95648818  0.        ],
[-0.42749172  0.90401926  0.        ],
[-0.96532764  0.26104127  0.        ],
[-0.15719915  0.98756692  0.        ],
[-0.19566181  0.98067143  0.        ],
[-0.65600271  0.75475853  0.        ],
[-0.81488762 -0.57961899  0.        ],
[-0.8479492  -0.53007749  0.        ],
[-0.37168791  0.92835774  0.        ],
[-0.57766042 -0.81627718  0.        ],
[-0.79050624 -0.61245399  0.        ],
[-0.03822065  0.99926932  0.        ],
[-0.8018162  -0.59757074  0.        ],
[-0.91717051 -0.398495    0.        ],
[-0.14337387  0.9896686   0.        ],
[-0.64195418  0.766743    0.        ],
[-0.98100577  0.19397853  0.        ],
[-0.99942431  0.03392711  0.        ],
[-0.5412565   0.84085754  0.        ],
[-0.45635994  0.88979526  0.        ],
[-0.65988348 -0.75136795  0.        ],
[-0.89033342  0.45530913  0.        ],
[-0.67756941 -0.73545883  0.        ],
[-0.85882036  0.51227687  0.        ],
[-0.8383413   0.54514574  0.        ],
[-0.97821011  0.2076174   0.        ],
[-0.86401036 -0.50347402  0.        ],
[-0.774684    0.63234856  0.        ],
[-0.82184411 -0.56971243  0.        ],
[-0.89399376  0.44807941  0.        ],
[-0.81365908 -0.58134232  0.        ],
[-0.9639259   0.26617074  0.        ],
[-0.89310286 -0.44985251  0.        ],
[-0.99592911 -0.09013994  0.        ],
[-0.99711291  0.07593319  0.        ],
[-0.60222208 -0.79832861  0.        ],
[-0.94274578  0.3335122   0.        ],
[-0.56477782 -0.82524301  0.        ],
[-0.96528702  0.26119145  0.        ],
[-0.81067175 -0.58550091  0.        ],
[-0.05919715  0.99824631  0.        ],
[-0.7560161  -0.65455302  0.        ],
[-0.8359606   0.54878947  0.        ],
[-0.9065183   0.42216652  0.        ],
[-0.73546313  0.67756474  0.        ],
[-0.7802735   0.62543846  0.        ],
[-0.74739397 -0.66438111  0.        ],
[-0.37504709  0.92700576  0.        ],
[-0.66013996  0.75114262  0.        ],
[-0.59337805 -0.8049239   0.        ],
[-0.58500172 -0.81103205  0.        ],
[-0.06400161  0.9979498   0.        ],
[-0.99992096 -0.01257259  0.        ],
[-0.55209989 -0.83377797  0.        ],
[-0.99983091  0.01838889  0.        ],
[-0.67951526 -0.73366138  0.        ],
[-0.9810672 -0.1936676  0.       ],
[-0.65948371 -0.75171885  0.        ],
[-0.91892895 -0.3944231   0.        ],
[-0.76102617 -0.64872118  0.        ],
[-0.98031048  0.19746231  0.        ],
[-0.59475184 -0.80390936  0.        ],
[-0.73808335  0.67470954  0.        ],
[-0.71171835 -0.70246494  0.        ],
[-0.77071131  0.63718449  0.        ],
[-0.45906313  0.88840365  0.        ],
[-0.11594235  0.99325594  0.        ],
[-0.60630584 -0.79523156  0.        ],
[-0.83793883  0.54576416  0.        ],
[-0.99977326 -0.02129364  0.        ],
[-0.99981025  0.01948003  0.        ],
[-0.43187246  0.90193469  0.        ],
[-0.85622693  0.51659988  0.        ],
[-0.42829903  0.90363706  0.        ],
[-0.34945183  0.93695433  0.        ],
[-0.49697775  0.86776329  0.        ],
[-0.56639965 -0.82413071  0.        ],
[-0.71134278 -0.70284525  0.        ],
[-0.97988462  0.19956488  0.        ],
[-0.68644951  0.72717747  0.        ],
[-0.23449341  0.97211771  0.        ],
[-0.13078121  0.99141125  0.        ],
[-0.83680698 -0.54749801  0.        ],
[-0.81161693 -0.58419     0.        ],
[-0.49911462  0.86653597  0.        ],
[-0.76789415 -0.64057676  0.        ],
[-0.99948552 -0.03207335  0.        ],
[-0.98598138  0.1668554   0.        ],
[-0.61763037  0.78646852  0.        ],
[-0.15734038  0.98754443  0.        ],
[-0.67956531  0.73361501  0.        ],
[-0.85355091 -0.52100944  0.        ],
[-0.85511025 -0.51844619  0.        ],
[-0.41883879  0.90806061  0.        ],
[-0.99778845 -0.06646954  0.        ],
[-0.89147634  0.45306724  0.        ],
[-0.55694018 -0.83055261  0.        ],
[-0.87787329  0.47889299  0.        ],
[-0.68443406 -0.72907477  0.        ],
[-0.69158221 -0.72229776  0.        ],
[-0.30309695  0.95295973  0.        ],
[-0.61906624  0.78533877  0.        ],
[-0.99498924 -0.09998208  0.        ],
[-0.99985742 -0.01688608  0.        ],
[-0.12979857  0.99154038  0.        ],
[-0.92700137  0.37505794  0.        ],
[-0.68139134  0.73191929  0.        ],
[-0.19201229  0.98139252  0.        ],
[-0.80096649  0.59870918  0.        ],
[-0.95904745 -0.28324547  0.        ],
[-0.5748257  -0.81827588  0.        ],
[-0.85747506  0.51452554  0.        ],
[-0.99965868 -0.02612529  0.        ],
[-0.98701433 -0.16063224  0.        ],
[-0.0964393   0.99533887  0.        ],
[-0.23297442  0.97248286  0.        ],
[-0.81545517 -0.57882024  0.        ],
[-0.9944346   0.10535569  0.        ],
[-0.70517957  0.70902875  0.        ],
[-0.84791611 -0.53013043  0.        ],
[-0.97474352  0.22332726  0.        ],
[-0.99987308  0.01593173  0.        ],
[-0.54717837  0.83701603  0.        ],
[-0.81337245 -0.58174329  0.        ],
[-0.99706347 -0.07657956  0.        ],
[-0.82757424  0.56135628  0.        ],
[-0.61074752  0.7918254   0.        ],
[-0.99226849 -0.1241098   0.        ],
[-0.96026854  0.27907766  0.        ],
[-0.70286746  0.71132084  0.        ],
[-0.8123601   0.58315613  0.        ],
[-0.05150586  0.99867269  0.        ],
[-0.75620792 -0.6543314   0.        ],
[ -8.50681041e-04   9.99999638e-01   0.00000000e+00],
[-0.68290995  0.73050257  0.        ],
[-0.68961096 -0.72418003  0.        ],
[-0.9944143  -0.10554712  0.        ],
[-0.99559375  0.09377144  0.        ],
[-0.93450241 -0.3559568   0.        ],
[-0.99523565 -0.09749869  0.        ],
[-0.84221446 -0.53914266  0.        ],
[-0.80675245  0.59088957  0.        ],
[-0.62538405  0.78031711  0.        ],
[-0.92060712  0.39049012  0.        ],
[-0.95101632  0.30914069  0.        ],
[-0.59532199 -0.80348723  0.        ],
[-0.65892243 -0.75221089  0.        ],
[-0.98634226  0.16470866  0.        ],
[-0.31603179  0.9487486   0.        ],
[-0.76937614  0.63879601  0.        ],
[-0.72817453 -0.68539175  0.        ],
[-0.82486087 -0.56533578  0.        ],
[-0.99986837  0.01622466  0.        ],
[-0.16645842  0.98604847  0.        ],
[-0.08853755  0.99607284  0.        ],
[-0.99880488 -0.04887546  0.        ],
[-0.77850189  0.62764227  0.        ],
[-0.58089281 -0.81398006  0.        ],
[-0.9651596  -0.26166191  0.        ],
[-0.88646339  0.46279873  0.        ],
[-0.95279266  0.3036217   0.        ],
[-0.87637541  0.48162863  0.        ],
[-0.86088377 -0.50880166  0.        ],
[-0.55822888 -0.829687    0.        ],
[-0.99296013  0.11844908  0.        ],
[-0.99599131  0.08945008  0.        ],
[-0.88758773 -0.4606387   0.        ],
[-0.90077945  0.43427684  0.        ],
[-0.72810457 -0.68546607  0.        ],
[-0.1676257   0.98585071  0.        ],
[-0.57117158 -0.82083069  0.        ],
[-0.98634613  0.1646855   0.        ],
[-0.68662167  0.72701491  0.        ],
[-0.1874283   0.98227829  0.        ],
[-0.57586119 -0.81754748  0.        ],
[-0.97501442  0.22214156  0.        ],
[-0.64122626  0.76735187  0.        ],
[-0.96455336  0.2638879   0.        ],
[-0.90007995  0.43572479  0.        ],
[-0.9709663   0.23921631  0.        ],
[-0.28389281  0.95885602  0.        ],
[-0.98690474 -0.16130416  0.        ],
[-0.98133589  0.19230153  0.        ],
[-0.58726039 -0.80939807  0.        ],
[-0.11532096  0.99332828  0.        ],
[-0.83120745 -0.55596238  0.        ],
[-0.82323659  0.56769844  0.        ],
[-0.85283693 -0.52217734  0.        ],
[-0.99944636  0.03327136  0.        ],
[-0.65197403 -0.7582413   0.        ],
[-0.13500837  0.99084446  0.        ],
[-0.69885376 -0.71526458  0.        ],
[-0.54298717  0.83974099  0.        ],
[-0.05712229  0.99836719  0.        ],
[-0.43174925  0.90199367  0.        ],
[-0.75436342 -0.65645703  0.        ],
[-0.54651878  0.83744685  0.        ],
[-0.87154542  0.49031477  0.        ],
[-0.28741899  0.95780495  0.        ],
[-0.90052221 -0.43481002  0.        ],
[-0.38051716  0.92477386  0.        ],
[-0.69766139 -0.71642766  0.        ],
[-0.82348597 -0.56733664  0.        ],
[-0.91067412  0.41312546  0.        ],
[-0.99737194 -0.07245152  0.        ],
[-0.92632588  0.37672319  0.        ],
[-0.56103704 -0.82779069  0.        ],
[-0.55794384 -0.82987871  0.        ],
[-0.89382306 -0.44841982  0.        ],
[-0.7573171  -0.65304733  0.        ],
[-0.45043409  0.89280968  0.        ],
[-0.51325788  0.85823444  0.        ],
[-0.84195347  0.53955015  0.        ],
[-0.72867446 -0.68486023  0.        ],
[-0.51393692  0.85782798  0.        ],
[-0.51602674  0.85657247  0.        ],
[-0.81832898  0.5747501   0.        ],
[-0.55945669 -0.82885958  0.        ],
[-0.5687742   0.82249372  0.        ],
[-0.82823401 -0.56038238  0.        ],
[-0.86978532 -0.49343033  0.        ],
[-0.28957944  0.95715398  0.        ],
[-0.8779086  -0.47882824  0.        ],
[-0.77330931 -0.63402895  0.        ],
[-0.94102867 -0.33832681  0.        ],
[-0.75501991 -0.65570186  0.        ],
[-0.1375839   0.99049012  0.        ],
[-0.95142751  0.30787285  0.        ],
[-0.82301163 -0.56802453  0.        ],
[-0.76451241 -0.64460901  0.        ],
[-0.7899749   0.61313919  0.        ],
[-0.55132607 -0.83428985  0.        ],
[-0.51856178  0.85504016  0.        ],
[-0.81314866  0.58205606  0.        ],
[-0.99482263 -0.10162648  0.        ],
[-0.5571305   0.83042495  0.        ],
[-0.74015362 -0.67243782  0.        ],
[-0.86437286 -0.50285143  0.        ],
[-0.66924453 -0.74304223  0.        ],
[-0.83175769  0.55513885  0.        ],
[-0.14515902  0.98940834  0.        ],
[-0.79221018 -0.61024834  0.        ],
[-0.72052105  0.69343306  0.        ],
[-0.93449547  0.35597502  0.        ],
[-0.80281067 -0.59623404  0.        ],
[-0.91243639  0.40921857  0.        ],
[-0.5642787  -0.82558437  0.        ],
[-0.86650151 -0.49917446  0.        ],
[-0.81745713  0.57598944  0.        ],
[-0.57562694 -0.81771244  0.        ],
[-0.82238611  0.56892977  0.        ],
[-0.78076309 -0.62482717  0.        ],
[-0.79016895  0.61288908  0.        ],
[-0.61416124 -0.78918057  0.        ],
[-0.49926329  0.86645032  0.        ],
[-0.08099383  0.9967146   0.        ],
[-0.95819928  0.28610162  0.        ],
[-0.5229229   0.85237999  0.        ],
[-0.9990142  -0.04439186  0.        ],
[-0.97103083  0.23895425  0.        ],
[-0.61310255  0.79000333  0.        ],
[-0.12258998  0.9924574   0.        ],
[-0.09088054  0.9958618   0.        ],
[-0.42209019  0.90655384  0.        ],
[-0.09973514  0.99501402  0.        ],
[-0.62315409 -0.78209908  0.        ],
[-0.19565201  0.98067339  0.        ],
[-0.95798364  0.28682284  0.        ],
[-0.93717254  0.3488662   0.        ],
[-0.80218983 -0.59706907  0.        ],
[-0.66484266  0.74698342  0.        ],
[-0.70411538 -0.71008558  0.        ],
[-0.85786238 -0.51387949  0.        ],
[-0.57822701 -0.81587593  0.        ],
[-0.32642497  0.94522312  0.        ],
[-0.64298103 -0.76588211  0.        ],
[-0.56611726 -0.82432473  0.        ],
[-0.99993942  0.011007    0.        ],
[-0.91974311  0.39252084  0.        ],
[-0.72085043  0.69309065  0.        ],
[-0.71792048 -0.69612513  0.        ],
[-0.54885956  0.83591458  0.        ],
[-0.86068411  0.50913934  0.        ],
[-0.63501704  0.77249813  0.        ],
[-0.4599599   0.88793969  0.        ],
[-0.5347059  -0.84503822  0.        ],
[-0.81226442 -0.58328939  0.        ],
[-0.75696206 -0.65345883  0.        ],
[-0.55254348 -0.83348408  0.        ],
[-0.85269902 -0.5224025   0.        ],
[-0.17596234  0.9843969   0.        ],
[-0.81094385  0.58512397  0.        ],
[-0.99755919 -0.06982598  0.        ],
[-0.035689    0.99936294  0.        ],
[-0.58396595  0.81177815  0.        ],
[-0.79395387  0.607978    0.        ],
[-0.57366058 -0.81909312  0.        ],
[-0.66501344 -0.74683139  0.        ],
[-0.54140677  0.84076079  0.        ],
[-0.03724071  0.99930632  0.        ],
[-0.56456609 -0.82538787  0.        ],
[-0.6654746  0.7464205  0.       ],
[-0.97734073 -0.21167213  0.        ],
[-0.65570635  0.75501601  0.        ],
[-0.867247   -0.49787814  0.        ],
[-0.27796039  0.96059254  0.        ],
[-0.915723    0.40181013  0.        ],
[-0.85753518  0.51442533  0.        ],
[-0.93271996 -0.36060156  0.        ],
[-0.56867816  0.82256012  0.        ],
[-0.86285552 -0.50545064  0.        ],
[-0.99569592 -0.09268026  0.        ],
[-0.70256456  0.71162001  0.        ],
[-0.86613094 -0.49981716  0.        ],
[-0.73538154  0.67765329  0.        ],
[-0.08451125  0.99642252  0.        ],
[-0.67426025 -0.73849382  0.        ],
[-0.64179952 -0.76687247  0.        ],
[-0.63872034 -0.76943897  0.        ],
[-0.84005834 -0.54249607  0.        ],
[-0.96988354 -0.24356912  0.        ],
[-0.6597637  -0.75147313  0.        ],
[-0.77777664  0.62854077  0.        ],
[-0.56396501  0.82579868  0.        ],
[-0.549755   -0.83532595  0.        ],
[-0.84719177  0.53128721  0.        ],
[-0.22261662  0.97490607  0.        ],
[-0.81963326 -0.57288858  0.        ],
[-0.87486298 -0.48437048  0.        ],
[-0.56543051 -0.82479594  0.        ],
[-0.53502571  0.84483578  0.        ],
[-0.93523278 -0.35403341  0.        ],
[-0.77911805  0.62687723  0.        ],
[-0.88520778 -0.46519585  0.        ],
[-0.82065508  0.57142387  0.        ],
[-0.9999916   0.00409942  0.        ],
[-0.72921751  0.68428198  0.        ],
[-0.98919919 -0.14657751  0.        ],
[-0.51771393  0.85555379  0.        ],
[-0.6382451   0.76983322  0.        ],
[-0.58748576 -0.80923451  0.        ],
[-0.57928251 -0.81512685  0.        ],
[-0.57558148 -0.81774444  0.        ],
[-0.54701198  0.83712478  0.        ],
[-0.12507895  0.99214679  0.        ],
[-0.99559053  0.0938056   0.        ],
[-0.99877757 -0.04943034  0.        ],
[-0.82654203 -0.562875    0.        ],
[-0.54477255 -0.83858385  0.        ],
[-0.96817954  0.25025661  0.        ],
[-0.92776468  0.37316579  0.        ],
[-0.56764256  0.82327512  0.        ],
[-0.93041957 -0.36649615  0.        ],
[-0.62260895 -0.78253313  0.        ],
[-0.45835866  0.88876731  0.        ],
[-0.8613652   0.50798622  0.        ],
[-0.99345232 -0.11424749  0.        ],
[-0.53564869 -0.84444093  0.        ],
[-0.19267602  0.98126243  0.        ],
[-0.86934179  0.49421134  0.        ],
[-0.98158085 -0.19104722  0.        ],
[-0.99477018 -0.10213854  0.        ],
[-0.75420934 -0.65663405  0.        ],
[-0.68503361  0.72851146  0.        ],
[-0.85970737 -0.51078688  0.        ],
[-0.68667745  0.72696223  0.        ],
[-0.54327387  0.83955554  0.        ],
[-0.29621331  0.95512181  0.        ],
[-0.99724646 -0.07415862  0.        ],
[-0.78370641 -0.62113143  0.        ],
[-0.21879095  0.97577176  0.        ],
[-0.65960659  0.75161104  0.        ],
[-0.84178949 -0.53980595  0.        ],
[-0.22135491  0.97519332  0.        ],
[-0.78502537  0.61946362  0.        ],
[-0.64198876 -0.76671405  0.        ],
[-0.37942242  0.92522356  0.        ],
[-0.73067746 -0.68272282  0.        ],
[-0.88357514  0.46828941  0.        ],
[-0.67043631 -0.74196708  0.        ],
[-0.25559397  0.96678422  0.        ],
[-0.56620706 -0.82426304  0.        ],
[-0.73994233  0.67267031  0.        ],
[-0.00129843  0.99999916  0.        ],
[-0.61145732 -0.79127741  0.        ],
[-0.86820395  0.49620752  0.        ],
[-0.63112169 -0.77568383  0.        ],
[-0.44011649  0.89794069  0.        ],
[-0.6609064  -0.75046834  0.        ],
[-0.57659491 -0.81703018  0.        ],
[-0.46311106  0.88630026  0.        ],
[-0.68729536 -0.72637807  0.        ],
[-0.82811345 -0.56056053  0.        ],
[-0.96429577 -0.26482761  0.        ],
[-0.5408368  -0.84112755  0.        ],
[-0.49768276  0.86735913  0.        ],
[-0.36083781  0.93262858  0.        ],
[-0.99499723 -0.09990251  0.        ],
[-0.68026148 -0.73296952  0.        ],
[-0.11830492  0.99297731  0.        ],
[-0.73234272  0.68093623  0.        ],
[-0.59180754 -0.8060793   0.        ],
[-0.79994798 -0.60006935  0.        ],
[-0.53532459 -0.84464643  0.        ],
[-0.78469786  0.61987843  0.        ],
[-0.54956566 -0.83545053  0.        ],
[-0.56649672 -0.824064    0.        ],
[-0.99050746  0.13745898  0.        ],
[-0.99976521  0.02166831  0.        ],
[-0.24232453  0.97019525  0.        ],
[-0.56199792 -0.82713864  0.        ],
[-0.06519189  0.99787275  0.        ],
[-0.83136577 -0.55572561  0.        ],
[-0.6935046  0.7204522  0.       ],
[-0.99745337  0.07132167  0.        ],
[-0.78927688 -0.61403746  0.        ],
[-0.95819111  0.28612898  0.        ],
[-0.26789995  0.96344674  0.        ],
[-0.25710171  0.96638435  0.        ],
[-0.82861169  0.55982378  0.        ],
[-0.69137785  0.72249337  0.        ],
[-0.78870928 -0.61476635  0.        ],
[-0.76006349  0.64984883  0.        ],
[-0.53189982  0.84680729  0.        ],
[-0.8527243  -0.52236125  0.        ],
[-0.26652572  0.96382781  0.        ],
[-0.84839191  0.52936865  0.        ],
[-0.83133757 -0.5557678   0.        ],
[-0.99467     0.10310957  0.        ],
[-0.70110546  0.7130576   0.        ],
[-0.56016312  0.82838233  0.        ],
[-0.95545228  0.29514563  0.        ],
[-0.96322048 -0.2687123   0.        ],
[-0.72130304  0.69261961  0.        ],
[-0.16951785  0.98552712  0.        ],
[-0.11224063  0.99368106  0.        ],
[-0.51457524  0.85744523  0.        ],
[-0.54105788 -0.84098535  0.        ],
[-0.83518919 -0.54996274  0.        ],
[-0.67430314 -0.73845465  0.        ],
[-0.86377278 -0.50388151  0.        ],
[-0.95541536  0.29526511  0.        ],
[-0.77811791  0.62811824  0.        ],
[-0.97491159 -0.22259244  0.        ],
[-0.55327683 -0.83299745  0.        ],
[-0.7222819  -0.69159877  0.        ],
[-0.40536133  0.91415655  0.        ],
[-0.58165904 -0.8134327   0.        ],
[-0.78871718 -0.61475623  0.        ],
[-0.57706622 -0.81669736  0.        ],
[-0.87956571  0.47577743  0.        ],
[-0.79556207  0.6058721   0.        ],
[-0.29803156  0.95455602  0.        ],
[-0.9023927   0.43091464  0.        ],
[-0.47399097  0.88052971  0.        ],
[-0.71484047 -0.69928757  0.        ],
[-0.607882    0.79402738  0.        ],
[-0.62767231 -0.77847767  0.        ],
[-0.56454267 -0.82540389  0.        ],
[-0.98561159 -0.16902599  0.        ],
[-0.8731923   0.48737584  0.        ],
[-0.65145556 -0.75868679  0.        ],
[-0.90651133  0.42218149  0.        ],
[-0.15493286  0.987925    0.        ],
