[-0.99568336  0.09281507  0.        ],
[-0.79388109  0.60807303  0.        ],
[-0.78535256  0.61904875  0.        ],
[-0.82316622  0.56780046  0.        ],
[-0.04800015 -0.99884733  0.        ],
[  1.17339400e-17   1.00000000e+00   0.00000000e+00],
[-0.5525201  -0.83349958  0.        ],
[-0.8920825   0.45187256  0.        ],
[-0.02379345 -0.9997169   0.        ],
[ 0.  1.  0.],
[ 0.  1.  0.],
[-0.69476314  0.71923861  0.        ],
[-0.0903191  -0.99591288  0.        ],
[ 0.  1.  0.],
[-0.85381121  0.52058277  0.        ],
[-0.06910769 -0.99760921  0.        ],
[-0.57478784  0.81830247  0.        ],
[-0.45900916  0.88843153  0.        ],
[-0.17685792  0.98423639  0.        ],
[-0.05287875 -0.99860094  0.        ],
[ -3.48483100e-04  -9.99999939e-01   0.00000000e+00],
[-0.01398031 -0.99990227  0.        ],
[ 0.  1.  0.],
[ 0.  1.  0.],
[-0.00848271 -0.99996402  0.        ],
[ 0.  1.  0.],
[-0.92072006 -0.39022376  0.        ],
[-0.99194945  0.12663443  0.        ],
[-0.99605577 -0.08872941  0.        ],
[-0.55601924 -0.83116942  0.        ],
[-0.04192946 -0.99912057  0.        ],
[-0.7847497 -0.6198128  0.       ],
[-0.07518318 -0.99716974  0.        ],
[-0.01033797 -0.99994656  0.        ],
[-0.08599646 -0.99629544  0.        ],
[-0.72969004  0.68377807  0.        ],
[-0.03274074  0.99946388  0.        ],
[ 0.  1.  0.],
[-0.29544291  0.9553604   0.        ],
[-0.97531541  0.22081632  0.        ],
[-0.32349792  0.94622888  0.        ],
[ 0.  1.  0.],
[-0.89464747  0.44677276  0.        ],
[-0.31809439  0.94805905  0.        ],
[  4.49920487e-17   1.00000000e+00   0.00000000e+00],
[ 0.  1.  0.],
[ 0.  1.  0.],
[-0.08151584 -0.99667205  0.        ],
[-0.95630331  0.29237642  0.        ],
[ 0.  1.  0.],
[-0.98645747  0.16401724  0.        ],
[-0.68069577 -0.73256622  0.        ],
[  4.52264727e-17   1.00000000e+00   0.00000000e+00],
[-0.94416118  0.32948394  0.        ],
[-0.02369438 -0.99971925  0.        ],
[-0.50067156 -0.86563733  0.        ],
[-0.95734152 -0.28895883  0.        ],
[ 0.  1.  0.],
[-0.1435789  -0.98963887  0.        ],
[-0.02974222 -0.9995576   0.        ],
[-0.02564963 -0.99967099  0.        ],
[-0.83393953 -0.55185584  0.        ],
[-0.96196403  0.27317614  0.        ],
[  9.00458656e-17   1.00000000e+00   0.00000000e+00],
[-0.59372266  0.80466975  0.        ],
[-0.96513684 -0.26174585  0.        ],
[-0.08086394  0.99672515  0.        ],
[-0.18860351 -0.98205332  0.        ],
[-0.96082134 -0.27716844  0.        ],
[-0.47477849 -0.88010533  0.        ],
[-0.09720634  0.99526425  0.        ],
[ 0.  1.  0.],
[  8.95515666e-17   1.00000000e+00   0.00000000e+00],
[-0.0931797  -0.99564931  0.        ],
[-0.71762058  0.69643428  0.        ],
[ 0.  1.  0.],
[-0.07656175 -0.99706484  0.        ],
[ 0.  1.  0.],
[-0.74131202 -0.67116055  0.        ],
[-0.03017095  0.99954475  0.        ],
[ 0.  1.  0.],
[-0.01151767 -0.99993367  0.        ],
[ 0.  1.  0.],
[ 0.  1.  0.],
[  7.53038903e-19   1.00000000e+00   0.00000000e+00],
[-0.90180103  0.43215149  0.        ],
[-0.86697377  0.49835377  0.        ],
[ 0.  1.  0.],
[-0.86956916 -0.49381118  0.        ],
[-0.01285523 -0.99991737  0.        ],
[ 0.  1.  0.],
[-0.75287962  0.65815824  0.        ],
[  2.39431074e-17   1.00000000e+00   0.00000000e+00],
[-0.91886594  0.39456987  0.        ],
[ 0.  1.  0.],
[-0.03172833  0.99949653  0.        ],
[ 0.  1.  0.],
[-0.58370778 -0.81196381  0.        ],
[-0.11181801  0.9937287   0.        ],
[-0.14775161 -0.9890245   0.        ],
[ 0.  1.  0.],
[-0.94038086  0.34012327  0.        ],
[-0.81810897  0.57506323  0.        ],
[ 0.  1.  0.],
[-0.4938747   0.86953308  0.        ],
[-0.9540449 -0.2996637  0.       ],
[ 0.  1.  0.],
[  1.83048724e-16   1.00000000e+00   0.00000000e+00],
[-0.89979499 -0.43631294  0.        ],
[ 0.  1.  0.],
[-0.75168341 -0.65952411  0.        ],
[-0.89828949 -0.43940414  0.        ],
[ 0.  1.  0.],
[ 0.  1.  0.],
[-0.74787916 -0.66383489  0.        ],
[-0.58019873  0.81447495  0.        ],
[-0.8707055  -0.49180478  0.        ],
[-0.60488941  0.79630949  0.        ],
[-0.32752096  0.94484391  0.        ],
[ 0.  1.  0.],
[-0.66716093  0.74491361  0.        ],
[-0.03324364 -0.99944728  0.        ],
[ 0.  1.  0.],
[-0.0724872  -0.99736934  0.        ],
[-0.04542606 -0.9989677   0.        ],
[-0.12334304  0.99236409  0.        ],
[ 0.  1.  0.],
[-0.02378125 -0.99971719  0.        ],
[ 0.  1.  0.],
[-0.99782487  0.06592058  0.        ],
[-0.05699147 -0.99837467  0.        ],
[-0.19707448  0.98038852  0.        ],
[-0.02880285 -0.99958511  0.        ],
[ 0.  1.  0.],
[ 0.  1.  0.],
[ 0.  1.  0.],
[-0.22177049 -0.97509889  0.        ],
[-0.07339346 -0.99730306  0.        ],
[ -2.35928207e-17   1.00000000e+00   0.00000000e+00],
[-0.64518507  0.76402632  0.        ],
[-0.76834511  0.64003577  0.        ],
[ 0.  1.  0.],
[-0.06104408 -0.99813507  0.        ],
[-0.38009589  0.92494709  0.        ],
[-0.97362816 -0.22814075  0.        ],
[ 0.  1.  0.],
[ 0.  1.  0.],
[  1.91349550e-16   1.00000000e+00   0.00000000e+00],
[-0.08993364 -0.99594776  0.        ],
[-0.96206107 -0.27283421  0.        ],
[ 0.  1.  0.],
[ 0.  1.  0.],
[-0.15324759  0.98818782  0.        ],
[-0.92059909  0.39050904  0.        ],
[-0.79610722 -0.60515559  0.        ],
[-0.03065734 -0.99952995  0.        ],
[-0.53271907 -0.84629214  0.        ],
[-0.68734191  0.72633401  0.        ],
[ 0.  1.  0.],
[ -9.29128776e-17   1.00000000e+00   0.00000000e+00],
[ 0.  1.  0.],
[-0.963912   -0.26622106  0.        ],
[-0.99807054  0.06209021  0.        ],
[-0.04913543 -0.99879213  0.        ],
[-0.53935172 -0.84208059  0.        ],
[ 0.  1.  0.],
[-0.59569859 -0.80320806  0.        ],
[ 0.  1.  0.],
[-0.971182   -0.23833909  0.        ],
[-0.04731316 -0.99888011  0.        ],
[ 0.  1.  0.],
[ 0.  1.  0.],
[-0.02795853 -0.99960908  0.        ],
[-0.00106235 -0.99999944  0.        ],
[ 0.  1.  0.],
[-0.0476252  -0.99886528  0.        ],
[-0.49107387 -0.87111793  0.        ],
[ 0.  1.  0.],
[-0.06477138 -0.99790013  0.        ],
[  9.12438927e-17   1.00000000e+00   0.00000000e+00],
[ 0.  1.  0.],
[  4.61972864e-17   1.00000000e+00   0.00000000e+00],
[-0.2319582   0.97272575  0.        ],
[-0.99231298 -0.12375355  0.        ],
[ 0.  1.  0.],
[-0.28968356  0.95712248  0.        ],
[ 0.  1.  0.],
[-0.42812927  0.90371751  0.        ],
[-0.78549787 -0.61886436  0.        ],
[-0.82172016 -0.5698912   0.        ],
[-0.20622132 -0.97850537  0.        ],
[-0.86306055 -0.50510047  0.        ],
[-0.18097635 -0.98348745  0.        ],
[ 0.  1.  0.],
[-0.51985152 -0.85425664  0.        ],
[-0.04737677 -0.99887709  0.        ],
[-0.76824888  0.64015127  0.        ],
[-0.14018238  0.9901257   0.        ],
[-0.06168511 -0.99809566  0.        ],
[ -9.12931493e-17   1.00000000e+00   0.00000000e+00],
[-0.59861676  0.80103557  0.        ],
[-0.87066101 -0.49188352  0.        ],
[-0.05916644 -0.99824813  0.        ],
[ 0.  1.  0.],
[ 0.  1.  0.],
[-0.05390471  0.99854608  0.        ],
[ 0.  1.  0.],
[-0.0777368  -0.99697392  0.        ],
[-0.19979977  0.97983675  0.        ],
[-0.89189532  0.4522419   0.        ],
[ 0.  1.  0.],
[ 0.  1.  0.],
[ 0.  1.  0.],
[ 0.  1.  0.],
[ 0.  1.  0.],
[-0.05292971  0.99859824  0.        ],
[-0.98595271  0.1670247   0.        ],
[-0.51692506 -0.85603065  0.        ],
[-0.37701247  0.92620818  0.        ],
[-0.23903103 -0.97101193  0.        ],
[-0.44194281  0.89704323  0.        ],
[-0.0431124  -0.99907023  0.        ],
[ 0.  1.  0.],
[ 0.  1.  0.],
[ 0.  1.  0.],
[-0.04439892 -0.99901388  0.        ],
[ 0.  1.  0.],
[-0.06995437 -0.99755019  0.        ],
[-0.95170232 -0.3070223   0.        ],
[ 0.  1.  0.],
[ 0.  1.  0.],
[ 0.  1.  0.],
[-0.78200819 -0.62326816  0.        ],
[  1.92917302e-16   1.00000000e+00   0.00000000e+00],
[-0.06607413 -0.99781472  0.        ],
[-0.00894292 -0.99996001  0.        ],
[-0.1792582  -0.98380206  0.        ],
[-0.79939908 -0.60080039  0.        ],
[-0.68397557 -0.72950492  0.        ],
[-0.51056945  0.85983652  0.        ],
[ 0.  1.  0.],
[ 0.  1.  0.],
[  8.97437071e-17   1.00000000e+00   0.00000000e+00],
[ 0.  1.  0.],
[ 0.  1.  0.],
[-0.46340805 -0.88614501  0.        ],
[-0.23314539 -0.97244189  0.        ],
[ 0.  1.  0.],
[-0.04480794 -0.99899562  0.        ],
[-0.04523339 -0.99897645  0.        ],
[-0.4644347   0.88560737  0.        ],
[-0.46372381 -0.88597981  0.        ],
[-0.91995567  0.39202239  0.        ],
[ 0.  1.  0.],
[ 0.  1.  0.],
[-0.0748451  -0.99719517  0.        ],
[-0.05940709 -0.99823384  0.        ],
[-0.01045873 -0.99994531  0.        ],
[-0.83739595  0.54659676  0.        ],
[ 0.  1.  0.],
[-0.03682221  0.99932183  0.        ],
[-0.43074071  0.90247573  0.        ],
[ 0.  1.  0.],
[-0.99864367  0.05206554  0.        ],
[-0.00412952 -0.99999147  0.        ],
[-0.2198049   0.97554385  0.        ],
[-0.99040948  0.13816316  0.        ],
[-0.25828333  0.96606921  0.        ],
[ 0.  1.  0.],
[-0.06621157 -0.99780561  0.        ],
[ 0.  1.  0.],
[ 0.  1.  0.],
[  9.35844542e-17   1.00000000e+00   0.00000000e+00],
[ 0.  1.  0.],
[ 0.  1.  0.],
[-0.33722292  0.94142483  0.        ],
[-0.69704052 -0.71703174  0.        ],
[ 0.  1.  0.],
[-0.98549538 -0.16970225  0.        ],
[ 0.  1.  0.],
[ 0.  1.  0.],
[-0.08226287 -0.99661067  0.        ],
[-0.83181491  0.55505311  0.        ],
[-0.96442714  0.2643488   0.        ],
[ 0.  1.  0.],
[ 0.  1.  0.],
[-0.95612266  0.29296666  0.        ],
[-0.9997775   0.02109389  0.        ],
[-0.00190773 -0.99999818  0.        ],
[-0.29974958 -0.95401792  0.        ],
[-0.48287195 -0.87569097  0.        ],
[-0.03609448 -0.99934838  0.        ],
[-0.06990716 -0.9975535   0.        ],
[-0.43164581  0.90204318  0.        ],
[-0.7267485   0.68690364  0.        ],
[-0.64720538 -0.76231568  0.        ],
[-0.9936585  -0.11244016  0.        ],
[-0.11054395  0.99387124  0.        ],
[ 0.  1.  0.],
[-0.51845378 -0.85510565  0.        ],
[-0.99930691  0.03722488  0.        ],
[-0.03546713  0.99937084  0.        ],
[-0.09202319  0.99575686  0.        ],
[-0.64613018 -0.76322722  0.        ],
[-0.05880713  0.99826936  0.        ],
[ 0.  1.  0.],
[-0.08386146 -0.99647742  0.        ],
[ 0.  1.  0.],
[-0.02265747 -0.99974329  0.        ],
[-0.02805328 -0.99960643  0.        ],
[  4.59449358e-17   1.00000000e+00   0.00000000e+00],
[-0.76012488  0.64977701  0.        ],
[-0.34861812 -0.93726485  0.        ],
[-0.16377365 -0.98649794  0.        ],
[ 0.  1.  0.],
[ 0.  1.  0.],
[-0.53269217 -0.84630908  0.        ],
[ 0.  1.  0.],
[-0.79980493  0.60026001  0.        ],
[  4.73763377e-17   1.00000000e+00   0.00000000e+00],
[-0.7636544   0.64562525  0.        ],
[ 0.  1.  0.],
[ 0.  1.  0.],
[ 0.  1.  0.],
[-0.27363285  0.96183422  0.        ],
[-0.73542636 -0.67760466  0.        ],
[-0.27111639  0.96254657  0.        ],
[ 0.  1.  0.],
[  9.06396592e-17   1.00000000e+00   0.00000000e+00],
[-0.52597099  0.85050251  0.        ],
[-0.97413332  0.22597405  0.        ],
[-0.95057164 -0.31050533  0.        ],
[ 0.  1.  0.],
[-0.86937499 -0.49415293  0.        ],
[ -2.38452872e-17   1.00000000e+00   0.00000000e+00],
[-0.04998587 -0.99874993  0.        ],
[-0.2626422 -0.9648933  0.       ],
[-0.60436638  0.79670652  0.        ],
[ 0.  1.  0.],
[ 0.  1.  0.],
[-0.03726905 -0.99930527  0.        ],
[-0.91046023 -0.41359663  0.        ],
[-0.35189891 -0.93603801  0.        ],
[ 0.  1.  0.],
[ 0.  1.  0.],
[-0.01009625 -0.99994903  0.        ],
[-0.30044535  0.95379903  0.        ],
[-0.29261542 -0.95623021  0.        ],
[-0.04911777  0.99879299  0.        ],
[ 0.  1.  0.],
[-0.72142648 -0.69249104  0.        ],
[ 0.  1.  0.],
[ 0.  1.  0.],
[-0.83714454 -0.54698173  0.        ],
[-0.01861284  0.99982677  0.        ],
[-0.0283008  -0.99959945  0.        ],
[-0.98930408  0.14586785  0.        ],
[ 0.  1.  0.],
[ 0.  1.  0.],
[-0.7738387   0.63338272  0.        ],
[-0.75254312 -0.65854298  0.        ],
[-0.81315422 -0.58204829  0.        ],
[ 0.  1.  0.],
[-0.96385659  0.2664216   0.        ],
[-0.51327288 -0.85822547  0.        ],
[ 0.  1.  0.],
[ -4.50757908e-04  -9.99999898e-01   0.00000000e+00],
[-0.0889538  -0.99603575  0.        ],
[-0.23413842 -0.97220327  0.        ],
[ 0.  1.  0.],
[-0.00531305 -0.99998589  0.        ],
[-0.13531697 -0.99080236  0.        ],
[-0.90828479  0.41835242  0.        ],
[-0.27825275  0.96050789  0.        ],
[-0.58105129  0.81386694  0.        ],
[ 0.  1.  0.],
[-0.99714487 -0.07551227  0.        ],
[-0.83343671 -0.55261492  0.        ],
[-0.08917203 -0.99601624  0.        ],
[-0.8207426   0.57129816  0.        ],
[ 0.  1.  0.],
[-0.72167852  0.69222837  0.        ],
[-0.0548711  -0.99849345  0.        ],
[-0.1239034   0.99229428  0.        ],
[ 0.  1.  0.],
[  1.13908216e-17   1.00000000e+00   0.00000000e+00],
[-0.32692321  0.94505091  0.        ],
[-0.06192743 -0.99808065  0.        ],
[-0.02427388 -0.99970535  0.        ],
[ 0.  1.  0.],
[-0.09076988 -0.99587189  0.        ],
[-0.3514227  0.9362169  0.       ],
[-0.12725567  0.99186995  0.        ],
[ 0.  1.  0.],
[ 0.  1.  0.],
[ 0.  1.  0.],
[ 0.  1.  0.],
[-0.61690534 -0.78703736  0.        ],
[-0.99774974 -0.06704813  0.        ],
[-0.10073078 -0.99491372  0.        ],
[ 0.  1.  0.],
[ 0.  1.  0.],
[-0.71407797 -0.70006618  0.        ],
[-0.3156519  -0.94887506  0.        ],
[  2.40842699e-17   1.00000000e+00   0.00000000e+00],
[-0.59919779  0.80060103  0.        ],
[-0.30741817  0.95157452  0.        ],
[-0.0719358  -0.99740926  0.        ],
[-0.74693719  0.66489461  0.        ],
[-0.7820408  -0.62322723  0.        ],
[-0.67187163  0.74066761  0.        ],
[ 0.  1.  0.],
[ 0.  1.  0.],
[-0.73163974  0.68169149  0.        ],
[ 0.  1.  0.],
[ 0.  1.  0.],
[ 0.  1.  0.],
[ 0.  1.  0.],
[-0.89442377 -0.44722045  0.        ],
[ 0.  1.  0.],
[ 0.  1.  0.],
[-0.08931389 -0.99600353  0.        ],
[-0.16604936  0.98611744  0.        ],
[-0.10263911  0.99471866  0.        ],
[-0.88318399  0.46902669  0.        ],
[-0.34165834  0.93982423  0.        ],
[-0.00293547  0.99999569  0.        ],
[-0.65853868 -0.75254688  0.        ],
[-0.8296937  -0.55821893  0.        ],
[-0.18593346 -0.98256234  0.        ],
[-0.99999946  0.00104062  0.        ],
[-0.48912504  0.87221367  0.        ],
[ 0.  1.  0.],
[-0.2668069  -0.96375001  0.        ],
[-0.99173047 -0.12833811  0.        ],
[  2.39238933e-17   1.00000000e+00   0.00000000e+00],
[-0.16493545  0.98630436  0.        ],
[-0.03979213 -0.99920798  0.        ],
[-0.04647302  0.99891955  0.        ],
[-0.08154112  0.99666998  0.        ],
[ -9.16645349e-17   1.00000000e+00   0.00000000e+00],
[-0.69863467 -0.71547858  0.        ],
[ 0.  1.  0.],
[ 0.  1.  0.],
[-0.91604355  0.4010788   0.        ],
[ 0.  1.  0.],
[-0.43645286 -0.89972712  0.        ],
[-0.0532951   0.99857881  0.        ],
[  4.64871105e-17   1.00000000e+00   0.00000000e+00],
[-0.13438665  0.99092897  0.        ],
[-0.95678127  0.29080853  0.        ],
[-0.77373272  0.63351217  0.        ],
[-0.07018169 -0.99753423  0.        ],
[ 0.  1.  0.],
[-0.06527116 -0.99786756  0.        ],
[ 0.  1.  0.],
[ 0.  1.  0.],
[-0.99977811 -0.02106513  0.        ],
[-0.21614372  0.97636156  0.        ],
[ 0.  1.  0.],
[-0.27123518  0.9625131   0.        ],
[-0.49584035  0.8684137   0.        ],
[-0.02629411 -0.99965425  0.        ],
[-0.80717304 -0.5903149   0.        ],
[ 0.  1.  0.],
[-0.39270129 -0.91966608  0.        ],
[-0.98537576  0.17039545  0.        ],
[-0.05577271 -0.99844349  0.        ],
[ 0.  1.  0.],
[-0.08947644  0.99598894  0.        ],
[-0.0068919  -0.99997625  0.        ],
[ -1.95035347e-16   1.00000000e+00   0.00000000e+00],
[-0.82926074 -0.5588619   0.        ],
[-0.96362862  0.267245    0.        ],
[-0.9999627   0.00863757  0.        ],
[ -1.23119021e-17   1.00000000e+00   0.00000000e+00],
[-0.23341739 -0.97237664  0.        ],
[-0.25345801 -0.96734639  0.        ],
[-0.42228752 -0.90646194  0.        ],
[-0.19957093  0.97988338  0.        ],
[ 0.  1.  0.],
[ 0.  1.  0.],
[ 0.  1.  0.],
[ 0.  1.  0.],
[ 0.  1.  0.],
[-0.53330144 -0.84592528  0.        ],
[-0.83505025 -0.55017368  0.        ],
[-0.00961358 -0.99995379  0.        ],
[-0.13170677 -0.99128872  0.        ],
[-0.17922517 -0.98380808  0.        ],
[ 0.  1.  0.],
[-0.12705383 -0.99189582  0.        ],
[-0.70199195  0.71218488  0.        ],
[ 0.  1.  0.],
[-0.07225099 -0.99738648  0.        ],
[ -8.88741562e-17   1.00000000e+00   0.00000000e+00],
[-0.67785022  0.73520002  0.        ],
[ 0.  1.  0.],
[-0.07688104 -0.99704027  0.        ],
[-0.224335   -0.97451209  0.        ],
[-0.94243828 -0.33438014  0.        ],
[-0.59231703  0.80570499  0.        ],
[-0.0838572  -0.99647778  0.        ],
[  9.72049381e-17   1.00000000e+00   0.00000000e+00],
[-0.03979656 -0.9992078   0.        ],
[-0.9748772  -0.22274298  0.        ],
[ -9.09549244e-17   1.00000000e+00   0.00000000e+00],
[ 0.  1.  0.],
[-0.20924271  0.97786374  0.        ],
[-0.41876618 -0.90809409  0.        ],
[-0.06608894 -0.99781374  0.        ],
[-0.63037276 -0.77629259  0.        ],
[-0.08489556  0.99638986  0.        ],
[-0.18265694  0.98317671  0.        ],
[-0.81679842  0.57692317  0.        ],
[ 0.  1.  0.],
[-0.53918965 -0.84218437  0.        ],
[-0.70861773  0.7055926   0.        ],
[-0.44197521  0.89702727  0.        ],
[-0.95253504  0.30442898  0.        ],
[ 0.  1.  0.],
[ 0.  1.  0.],
[-0.35574171 -0.93458431  0.        ],
[-0.79658294  0.60452925  0.        ],
[-0.0389336 -0.9992418  0.       ],
[-0.09126867 -0.99582631  0.        ],
[ 0.  1.  0.],
[-0.01072473 -0.99994249  0.        ],
[-0.02442459 -0.99970168  0.        ],
[ 0.  1.  0.],
[-0.03043955  0.99953661  0.        ],
[-0.55799195 -0.82984636  0.        ],
[  6.12405973e-18   1.00000000e+00   0.00000000e+00],
[-0.20243674 -0.97929534  0.        ],
[ 0.  1.  0.],
[-0.14985635 -0.98870778  0.        ],
[ -9.35642832e-17   1.00000000e+00   0.00000000e+00],
[-0.04300162 -0.999075    0.        ],
[-0.1609197 -0.9869675  0.       ],
[-0.0651112  -0.99787801  0.        ],
[ 0.  1.  0.],
[-0.61175065  0.79105066  0.        ],
[-0.17732714 -0.98415196  0.        ],
[ 0.  1.  0.],
[-0.08908564 -0.99602397  0.        ],
[-0.77111305  0.63669826  0.        ],
[ 0.  1.  0.],
[ 0.  1.  0.],
[  4.56852374e-17   1.00000000e+00   0.00000000e+00],
[ 0.  1.  0.],
[-0.03048475  0.99953523  0.        ],
[-0.01145149 -0.99993443  0.        ],
[ 0.  1.  0.],
[-0.76733586  0.64124541  0.        ],
[ 0.  1.  0.],
[ -4.73644619e-17   1.00000000e+00   0.00000000e+00],
[ 0.  1.  0.],
[ 0.  1.  0.],
[-0.09081652 -0.99586764  0.        ],
[ 0.  1.  0.],
[-0.02537742 -0.99967794  0.        ],
[-0.9589746  0.283492   0.       ],
[-0.07098142 -0.99747764  0.        ],
[-0.01387844 -0.99990369  0.        ],
[ 0.  1.  0.],
[ -3.06363427e-18   1.00000000e+00   0.00000000e+00],
[-0.35449044  0.93505964  0.        ],
[ 0.  1.  0.],
[-0.55952433  0.82881393  0.        ],
[ 0.  1.  0.],
[-0.49413743 -0.8693838   0.        ],
[-0.42213154 -0.90653459  0.        ],
[-0.0771988   0.99701572  0.        ],
[ -6.59882306e-05  -9.99999998e-01   0.00000000e+00],
[-0.87949889 -0.47590093  0.        ],
[-0.91925611 -0.39366     0.        ],
[ 0.  1.  0.],
[-0.25382008 -0.96725145  0.        ],
[ 0.  1.  0.],
[-0.15980588 -0.98714846  0.        ],
[ 0.  1.  0.],
[-0.66217593  0.74934841  0.        ],
[-0.49569546 -0.86849641  0.        ],
[-0.25768388  0.96622928  0.        ],
[-0.6538009   0.75666663  0.        ],
[-0.31195195 -0.95009788  0.        ],
[ 0.  1.  0.],
[ 0.  1.  0.],
[-0.90373816 -0.42808567  0.        ],
[-0.54611864 -0.83770784  0.        ],
[-0.00803679 -0.9999677   0.        ],
[ 0.  1.  0.],
[-0.64752654  0.7620429   0.        ],
[-0.08250756 -0.99659044  0.        ],
[ 0.  1.  0.],
[ 0.  1.  0.],
[-0.07129616 -0.99745519  0.        ],
[  5.66979574e-18   1.00000000e+00   0.00000000e+00],
[-0.03266432 -0.99946638  0.        ],
[ 0.  1.  0.],
[-0.03872688 -0.99924983  0.        ],
[-0.07477565 -0.99720038  0.        ],
[ 0.  1.  0.],
[ 0.  1.  0.],
[ -1.78926820e-16   1.00000000e+00   0.00000000e+00],
[-0.65956853  0.75164443  0.        ],
[ 0.  1.  0.],
[ 0.  1.  0.],
[-0.36019074  0.93287868  0.        ],
[ 0.  1.  0.],
[ 0.  1.  0.],
[-0.89862785  0.43871173  0.        ],
[ 0.  1.  0.],
[ 0.  1.  0.],
[-0.0436822  -0.99904548  0.        ],
[-0.14607319  0.98927379  0.        ],
[-0.69396594  0.72000783  0.        ],
[-0.85680229  0.51564506  0.        ],
[-0.08204424 -0.99662869  0.        ],
[-0.30385876 -0.95271709  0.        ],
[ 0.  1.  0.],
[ 0.  1.  0.],
[ -2.43164969e-17   1.00000000e+00   0.00000000e+00],
[ 0.  1.  0.],
[-0.99876034  0.04977727  0.        ],
[-0.40836189  0.91282012  0.        ],
[ -2.23201946e-17   1.00000000e+00   0.00000000e+00],
[-0.31627651  0.94866705  0.        ],
[-0.75926988  0.65077589  0.        ],
[-0.95518666 -0.29600414  0.        ],
[ 0.  1.  0.],
[ -1.18798389e-17   1.00000000e+00   0.00000000e+00],
[-0.02945246 -0.99956618  0.        ],
[-0.07505742 -0.99717921  0.        ],
[-0.30355586  0.95281364  0.        ],
[ 0.  1.  0.],
[-0.75272395  0.65833628  0.        ],
[-0.50899791  0.86076775  0.        ],
[-0.29617589  0.95513342  0.        ],
[ 0.  1.  0.],
[-0.51154891  0.85925416  0.        ],
[-0.87103735 -0.49121679  0.        ],
[ 0.  1.  0.],
[-0.06742494 -0.99772435  0.        ],
[-0.01645499 -0.99986461  0.        ],
[-0.51433894 -0.85758699  0.        ],
[-0.01956683  0.99980855  0.        ],
[ 0.  1.  0.],
[ 0.  1.  0.],
[-0.33830242  0.94103744  0.        ],
[-0.0535372  -0.99856586  0.        ],
[ -1.78593527e-16   1.00000000e+00   0.00000000e+00],
[-0.98138697  0.19204065  0.        ],
[ 0.  1.  0.],
[-0.01078099 -0.99994188  0.        ],
[-0.39793817  0.91741224  0.        ],
[-0.98627369 -0.16511877  0.        ],
[-0.8415267  -0.54021552  0.        ],
[ 0.  1.  0.],
[-0.24460315 -0.96962328  0.        ],
[-0.64994134  0.75998437  0.        ],
[ 0.  1.  0.],
[-0.32653622  0.94518469  0.        ],
[-0.09244458  0.99571783  0.        ],
[-0.04586581 -0.99894761  0.        ],
[-0.93884701 -0.34433457  0.        ],
[-0.89208983  0.45185809  0.        ],
[-0.54204001 -0.84035268  0.        ],
[-0.46257445  0.88658044  0.        ],
[-0.59237743  0.80566058  0.        ],
[ 0.  1.  0.],
[-0.21271791  0.97711365  0.        ],
[ 0.  1.  0.],
[-0.85857759 -0.51268365  0.        ],
[-0.05848469 -0.99828831  0.        ],
[-0.22938884  0.97333486  0.        ],
[-0.833996    0.55177049  0.        ],
[-0.01292439  0.99991648  0.        ],
[-0.96192816  0.27330242  0.        ],
[-0.13296118 -0.99112125  0.        ],
[-0.66699558  0.74506167  0.        ],
[-0.06606517 -0.99781531  0.        ],
[-0.23571487  0.97182226  0.        ],
[ 0.  1.  0.],
[-0.15628895  0.98771138  0.        ],
[ 0.  1.  0.],
[-0.1823025   0.98324249  0.        ],
[-0.7042143   0.70998748  0.        ],
[-0.97490717  0.22261178  0.        ],
[ -9.25531073e-17   1.00000000e+00   0.00000000e+00],
[-0.99860416 -0.05281791  0.        ],
[-0.61908453  0.78532435  0.        ],
[-0.62019931 -0.78444428  0.        ],
[-0.69512464 -0.71888924  0.        ],
[-0.12518871  0.99213295  0.        ],
[ -9.28902602e-17   1.00000000e+00   0.00000000e+00],
[ 0.  1.  0.],
[ 0.  1.  0.],
[  8.93941345e-17   1.00000000e+00   0.00000000e+00],
[-0.01738436 -0.99984888  0.        ],
[-0.8831963   0.46900351  0.        ],
[-0.38217113  0.92409157  0.        ],
[-0.07796563 -0.99695605  0.        ],
[-0.46603977 -0.88476377  0.        ],
[-0.26540959 -0.96413575  0.        ],
[-0.5368212  -0.84369604  0.        ],
[-0.01504228 -0.99988686  0.        ],
[-0.04929367 -0.99878433  0.        ],
[  9.04922076e-17   1.00000000e+00   0.00000000e+00],
[-0.96644053  0.25689046  0.        ],
[-0.30085699  0.95366927  0.        ],
[ 0.  1.  0.],
[-0.80478149 -0.59357118  0.        ],
[-0.15806232 -0.98742914  0.        ],
[ 0.  1.  0.],
[-0.15485752  0.98793681  0.        ],
[-0.2802632  -0.95992319  0.        ],
[-0.17906963 -0.9838364   0.        ],
[ -9.39256058e-17   1.00000000e+00   0.00000000e+00],
[-0.78091242 -0.62464053  0.        ],
[-0.4385182  -0.89872231  0.        ],
[ 0.  1.  0.],
[-0.43751122 -0.89921295  0.        ],
[-0.90749086  0.42007182  0.        ],
[ -9.26132003e-17   1.00000000e+00   0.00000000e+00],
[-0.07872802 -0.99689613  0.        ],
[-0.32256638 -0.94654685  0.        ],
[-0.78582605  0.61844759  0.        ],
[-0.48915861 -0.87219485  0.        ],
[ 0.  1.  0.],
[-0.31923404  0.94767591  0.        ],
[-0.99461049  0.10368209  0.        ],
[-0.23406586  0.97222074  0.        ],
[ 0.  1.  0.],
[-0.87437372  0.48525313  0.        ],
[-0.01158379  0.99993291  0.        ],
[-0.66134055  0.75008578  0.        ],
[-0.11248462 -0.99365347  0.        ],
[-0.02457138 -0.99969808  0.        ],
[ 0.  1.  0.],
[ 0.  1.  0.],
[ 0.  1.  0.],
[-0.95776594 -0.28754896  0.        ],
[ 0.  1.  0.],
[ 0.  1.  0.],
[-0.02981287  0.9995555   0.        ],
[-0.6387951   0.76937691  0.        ],
[-0.40616564  0.91379947  0.        ],
[-0.03286191 -0.9994599   0.        ],
[ 0.  1.  0.],
[-0.74323595  0.66902939  0.        ],
[-0.99720849  0.07466745  0.        ],
[-0.7126321  -0.70153795  0.        ],
[-0.95659269  0.29142827  0.        ],
[-0.52797869 -0.84925762  0.        ],
[ 0.  1.  0.],
[-0.06302869 -0.99801172  0.        ],
[ 0.  1.  0.],
[ 0.  1.  0.],
[ 0.  1.  0.],
[-0.35550783  0.9346733   0.        ],
[-0.86297425  0.50524791  0.        ],
[ 0.  1.  0.],
[ 0.  1.  0.],
[-0.00522159 -0.99998637  0.        ],
[-0.44418095  0.8959371   0.        ],
[-0.95487891  0.29699539  0.        ],
[ 0.  1.  0.],
[ 0.  1.  0.],
[-0.29072936  0.95680533  0.        ],
[-0.99996842  0.00794788  0.        ],
[-0.80009246 -0.5998767   0.        ],
[-0.54142511 -0.84074898  0.        ],
[-0.02786805  0.99961161  0.        ],
[-0.91686153 -0.39920538  0.        ],
[ 0.  1.  0.],
[ 0.  1.  0.],
[-0.4862973   0.87379342  0.        ],
[ 0.  1.  0.],
[-0.79034592 -0.61266086  0.        ],
[ 0.  1.  0.],
[ 0.  1.  0.],
[ 0.  1.  0.],
[ 0.  1.  0.],
[-0.07288569 -0.9973403   0.        ],
[-0.9762696   0.21655869  0.        ],
[  1.22588316e-17   1.00000000e+00   0.00000000e+00],
[ 0.  1.  0.],
[-0.03041499 -0.99953736  0.        ],
[ -8.97748171e-17   1.00000000e+00   0.00000000e+00],
[ 0.  1.  0.],
[-0.03133766 -0.99950886  0.        ],
[ 0.  1.  0.],
[ 0.  1.  0.],
[-0.30516751 -0.95229869  0.        ],
[-0.50756945 -0.86161085  0.        ],
[-0.2174512   0.97607119  0.        ],
[ 0.  1.  0.],
[-0.45653207 -0.88970696  0.        ],
[ 0.  1.  0.],
[ 0.  1.  0.],
[-0.21695682  0.9761812   0.        ],
[ 0.  1.  0.],
[-0.73096788  0.68241187  0.        ],
[-0.4041032  0.9147134  0.       ],
[  8.91949172e-17   1.00000000e+00   0.00000000e+00],
[-0.09558175  0.99542158  0.        ],
[-0.45369775 -0.89115563  0.        ],
[  9.23396481e-17   1.00000000e+00   0.00000000e+00],
[ 0.  1.  0.],
[ 0.  1.  0.],
[-0.86434471 -0.50289981  0.        ],
[-0.09075232 -0.99587349  0.        ],
[ 0.  1.  0.],
[-0.55875792 -0.82933081  0.        ],
[-0.08027084 -0.99677309  0.        ],
[ 0.  1.  0.],
[  9.11934870e-17   1.00000000e+00   0.00000000e+00],
[  1.91567726e-16   1.00000000e+00   0.00000000e+00],
[-0.23225607  0.97265467  0.        ],
[ -9.09255194e-17   1.00000000e+00   0.00000000e+00],
[ 0.  1.  0.],
[-0.47399865 -0.88052557  0.        ],
[  2.43470246e-17   1.00000000e+00   0.00000000e+00],
[-0.77390141 -0.63330609  0.        ],
[-0.03272901  0.99946426  0.        ],
[-0.74096971  0.67153845  0.        ],
[-0.57459645 -0.81843688  0.        ],
[-0.13012175  0.99149802  0.        ],
[ 0.  1.  0.],
[ 0.  1.  0.],
[-0.03497145 -0.99938831  0.        ],
[-0.67717874  0.73581856  0.        ],
[ 0.  1.  0.],
[-0.44192203 -0.89705346  0.        ],
[ 0.  1.  0.],
[-0.73689822  0.67600371  0.        ],
[ 0.  1.  0.],
[ 0.  1.  0.],
[-0.56152159  0.82746209  0.        ],
[-0.36217491  0.93211015  0.        ],
[-0.93894333  0.34407182  0.        ],
[-0.1768393   0.98423974  0.        ],
[-0.42777943  0.90388315  0.        ],
[ 0.  1.  0.],
[-0.05513232 -0.99847906  0.        ],
[ 0.  1.  0.],
[ 0.  1.  0.],
[  2.42403965e-17   1.00000000e+00   0.00000000e+00],
[ 0.  1.  0.],
[-0.11268555 -0.9936307   0.        ],
[ 0.  1.  0.],
[-0.0444446   0.99901185  0.        ],
[ -8.92454427e-17   1.00000000e+00   0.00000000e+00],
[-0.23306633 -0.97246084  0.        ],
[-0.06590395 -0.99782597  0.        ],
[-0.15239222  0.9883201   0.        ],
[-0.99509542  0.09891973  0.        ],
[-0.07298949 -0.99733271  0.        ],
[ 0.  1.  0.],
[  1.86356737e-16   1.00000000e+00   0.00000000e+00],
[ 0.  1.  0.],
[-0.0281214  -0.99960452  0.        ],
[ 0.  1.  0.],
[ 0.  1.  0.],
[-0.9793523   0.20216101  0.        ],
[-0.21374127 -0.97689031  0.        ],
[ 0.  1.  0.],
[ 0.  1.  0.],
[ 0.  1.  0.],
[ 0.  1.  0.],
[-0.99553773 -0.09436434  0.        ],
[-0.98390516  0.17869143  0.        ],
[ -4.72646916e-17   1.00000000e+00   0.00000000e+00],
[  9.47018208e-17   1.00000000e+00   0.00000000e+00],
[-0.52220392 -0.85282065  0.        ],
[ 0.  1.  0.],
[ 0.  1.  0.],
[-0.85183969 -0.52380257  0.        ],
[-0.33337634  0.94279384  0.        ],
[-0.0785313  -0.99691165  0.        ],
[-0.04752674 -0.99886997  0.        ],
[ 0.  1.  0.],
[ 0.  1.  0.],
[-0.87245976 -0.48868596  0.        ],
[-0.99750168 -0.07064278  0.        ],
[-0.73723055 -0.67564127  0.        ],
[-0.944813    0.32761014  0.        ],
[-0.04745516  0.99887337  0.        ],
[-0.25677551  0.96647107  0.        ],
[-0.14070987  0.99005087  0.        ],
[ 0.  1.  0.],
[-0.99369569  0.11211097  0.        ],
[-0.10091252 -0.9948953   0.        ],
[-0.11178423 -0.9937325   0.        ],
[-0.02580757 -0.99966693  0.        ],
[-0.36272623  0.93189575  0.        ],
[-0.76858233 -0.63975089  0.        ],
[-0.02773265 -0.99961538  0.        ],
[-0.99905256  0.04351983  0.        ],
[-0.99675396 -0.08050805  0.        ],
[ 0.  1.  0.],
[-0.58578589  0.81046585  0.        ],
[-0.38956123  0.92100057  0.        ],
[-0.01666217  0.99986118  0.        ],
[ 0.  1.  0.],
[-0.82173392 -0.56987136  0.        ],
[-0.74034412 -0.67222807  0.        ],
[-0.00899088 -0.99995958  0.        ],
[ 0.  1.  0.],
[-0.74004019  0.67256265  0.        ],
[-0.5334244  -0.84584774  0.        ],
[-0.92300729 -0.38478246  0.        ],
[ 0.  1.  0.],
[ 0.  1.  0.],
[-0.91637704 -0.40031628  0.        ],
[ 0.  1.  0.],
[ 0.  1.  0.],
[ 0.  1.  0.],
[-0.04131871 -0.99914602  0.        ],
[-0.12637526  0.99198251  0.        ],
[-0.74162992 -0.67080926  0.        ],
[-0.09468149 -0.99550762  0.        ],
[ 0.  1.  0.],
[-0.06141341 -0.99811242  0.        ],
[-0.41064045 -0.91179736  0.        ],
[ 0.  1.  0.],
[ 0.  1.  0.],
[-0.40198706  0.91564535  0.        ],
[-0.05047612  0.99872527  0.        ],
[ 0.  1.  0.],
[ 0.  1.  0.],
[-0.09285592 -0.99567956  0.        ],
[ 0.  1.  0.],
[-0.07329495 -0.99731031  0.        ],
[ 0.  1.  0.],
[ 0.  1.  0.],
[-0.05074673 -0.99871155  0.        ],
[-0.22083385  0.97531144  0.        ],
[-0.99545577  0.09522507  0.        ],
[ 0.  1.  0.],
[ 0.  1.  0.],
[ 0.  1.  0.],
[-0.03137483 -0.99950769  0.        ],
[ -9.09548503e-17   1.00000000e+00   0.00000000e+00],
[-0.42406177 -0.90563327  0.        ],
[-0.19669659 -0.98046441  0.        ],
[-0.95638794  0.29209949  0.        ],
[ 0.  1.  0.],
[ 0.  1.  0.],
[-0.10425763  0.99455032  0.        ],
[-0.57801891  0.81602337  0.        ],
[ 0.  1.  0.],
[-0.02519128 -0.99968265  0.        ],
[-0.37878931 -0.92548293  0.        ],
[-0.06039197 -0.99817474  0.        ],
[-0.57857114 -0.81563192  0.        ],
[-0.59176697  0.80610908  0.        ],
[-0.09434079 -0.99553996  0.        ],
[ 0.  1.  0.],
[-0.21104451  0.97747645  0.        ],
[-0.93734597 -0.34839996  0.        ],
[-0.74012579  0.67246844  0.        ],
[  9.47815690e-17   1.00000000e+00   0.00000000e+00],
[ 0.  1.  0.],
[ 0.  1.  0.],
[-0.07212789 -0.99739539  0.        ],
[ 0.  1.  0.],
[-0.00916519 -0.999958    0.        ],
[-0.11030505 -0.99389778  0.        ],
[ 0.  1.  0.],
[ 0.  1.  0.],
[-0.30261462  0.953113    0.        ],
[  4.85859729e-17   1.00000000e+00   0.00000000e+00],
[ -1.87038007e-16   1.00000000e+00   0.00000000e+00],
[-0.11022009  0.99390721  0.        ],
[ 0.  1.  0.],
[-0.77254133 -0.63496448  0.        ],
[-0.03212003 -0.99948402  0.        ],
[-0.36519352 -0.93093162  0.        ],
[ 0.  1.  0.],
[-0.02458912 -0.99969764  0.        ],
[ 0.  1.  0.],
[-0.52594185 -0.85052053  0.        ],
[  9.58263092e-17   1.00000000e+00   0.00000000e+00],
[-0.84286398  0.53812668  0.        ],
[-0.85870062 -0.51247756  0.        ],
[-0.97825956 -0.20738425  0.        ],
[-0.23745553  0.97139841  0.        ],
[-0.05339887 -0.99857326  0.        ],
[ 0.  1.  0.],
[-0.11412215  0.99346673  0.        ],
[-0.9107395  -0.41298132  0.        ],
[-0.06664658 -0.99777665  0.        ],
[ 0.  1.  0.],
[-0.06190805  0.99808186  0.        ],
[-0.52742236 -0.84960323  0.        ],
[-0.79908155 -0.60122266  0.        ],
[-0.73048633 -0.68292732  0.        ],
[  8.95400140e-17   1.00000000e+00   0.00000000e+00],
