[ 0.98411961  0.17750658  0.        ],
[ 0.83084862  0.55649849  0.        ],
[ 0.26564539  0.96407081  0.        ],
[ 0.20514937  0.97873068  0.        ],
[ 0.69695731  0.71711262  0.        ],
[ 0.64887655  0.7608937   0.        ],
[ 0.98043858  0.1968253   0.        ],
[ 0.99040114 -0.13822296  0.        ],
[ 0.38745266  0.9218896   0.        ],
[ 0.85146405  0.52441298  0.        ],
[ 0.44420285  0.89592624  0.        ],
[ 0.46284657  0.88643841  0.        ],
[ 0.60422102  0.79681676  0.        ],
[ 0.69072074  0.72312161  0.        ],
[ 0.40175849  0.91574566  0.        ],
[ 0.99694842 -0.07806311  0.        ],
[ 0.26939141  0.96303077  0.        ],
[ 0.28602223  0.95822298  0.        ],
[ 0.58248016  0.81284492  0.        ],
[ 0.9873544 -0.1585285  0.       ],
[ 0.25249028  0.96759943  0.        ],
[ 0.26433051  0.96443216  0.        ],
[ 0.76419766  0.64498212  0.        ],
[ 0.75528386  0.65539782  0.        ],
[ 0.90530254  0.42476737  0.        ],
[ 0.98413478 -0.17742247  0.        ],
[ 0.24376893  0.96983334  0.        ],
[ 0.83221826  0.55444817  0.        ],
[ 0.34416966  0.93890748  0.        ],
[ 0.99363809 -0.11262035  0.        ],
[ 0.35967842  0.93307633  0.        ],
[ 0.96651871  0.25659615  0.        ],
[ 0.48910245  0.87222634  0.        ],
[ 0.55213033  0.83375782  0.        ],
[ 0.95591643 -0.29363886  0.        ],
[ 0.83857897 -0.54478006  0.        ],
[ 0.61738272  0.78666294  0.        ],
[ 0.50990679  0.86022966  0.        ],
[ 0.27854629  0.9604228   0.        ],
[ 0.55445323  0.83221489  0.        ],
[ 0.76723316  0.64136829  0.        ],
[ 0.91449393 -0.40459962  0.        ],
[ 0.90685814 -0.42143602  0.        ],
[ 0.62947394  0.77702159  0.        ],
[ 0.3162085   0.94868972  0.        ],
[ 0.65205085  0.75817524  0.        ],
[ 0.7273933  0.6862208  0.       ],
[ 0.50208545  0.86481802  0.        ],
[ 0.97249884 -0.23290772  0.        ],
[ 0.97173304 -0.2360824   0.        ],
[ 0.97741369  0.21133501  0.        ],
[ 0.40780412  0.91306944  0.        ],
[ 0.50160279  0.86509805  0.        ],
[ 0.72022579  0.69373973  0.        ],
[ 0.5171091   0.85591949  0.        ],
[ 0.58291755  0.81253131  0.        ],
[ 0.95232342  0.30509031  0.        ],
[ 0.27301579  0.96200955  0.        ],
[ 0.22149546  0.9751614   0.        ],
[ 0.22687246  0.97392448  0.        ],
[ 0.20897782  0.97792038  0.        ],
[ 0.3691375   0.92937479  0.        ],
[ 0.99956814  0.02938581  0.        ],
[ 0.86286998 -0.50542596  0.        ],
[ 0.80713613  0.59036537  0.        ],
[ 0.99055965 -0.13708239  0.        ],
[ 0.69168689  0.72219751  0.        ],
[ 0.53346812  0.84582017  0.        ],
[ 0.49008191  0.87167639  0.        ],
[ 0.99177184  0.128018    0.        ],
[ 0.84041773 -0.54193914  0.        ],
[ 0.31252446  0.94990971  0.        ],
[ 0.80368186  0.59505921  0.        ],
[ 0.87481718 -0.48445319  0.        ],
[ 0.51631873  0.8563965   0.        ],
[ 0.98874835  0.14958847  0.        ],
[ 0.79783886  0.60287076  0.        ],
[ 0.21650626  0.97628123  0.        ],
[ 0.98353498 -0.18071783  0.        ],
[ 0.3152195   0.94901879  0.        ],
[ 0.88566531 -0.4643242   0.        ],
[ 0.99261372  0.12131776  0.        ],
[ 0.99519627  0.09789989  0.        ],
[ 0.27952943  0.96013712  0.        ],
[ 0.52231621  0.85275188  0.        ],
[ 0.45215752  0.8919381   0.        ],
[ 0.50320486  0.86416715  0.        ],
[ 0.28851268  0.95747608  0.        ],
[ 0.90351813  0.42854987  0.        ],
[ 0.98780837 -0.15567472  0.        ],
[ 0.94232764 -0.33469184  0.        ],
[ 0.98555072 -0.1693806   0.        ],
[ 0.44295621  0.89654325  0.        ],
[ 0.35179144  0.93607841  0.        ],
[ 0.42667182  0.90440652  0.        ],
[ 0.35393683  0.93526933  0.        ],
[ 0.33041644  0.94383525  0.        ],
[ 0.1934011   0.98111978  0.        ],
[ 0.49713002  0.86767606  0.        ],
[ 0.99934915  0.03607312  0.        ],
[ 0.99974579  0.0225468   0.        ],
[ 0.17618943  0.98435628  0.        ],
[ 0.85878639  0.51233381  0.        ],
[ 0.51511215  0.85712279  0.        ],
[ 0.99571925 -0.09242935  0.        ],
[ 0.900374    0.43511684  0.        ],
[ 0.87250358  0.48860771  0.        ],
[ 0.26986236  0.96289891  0.        ],
[ 0.9761135  -0.21726123  0.        ],
[ 0.47327231  0.88091618  0.        ],
[ 0.77149283  0.63623802  0.        ],
[ 0.55780108  0.82997467  0.        ],
[ 0.40685067  0.91349468  0.        ],
[ 0.5132322   0.85824979  0.        ],
[ 0.76557854  0.64334245  0.        ],
[ 0.44303491  0.89650436  0.        ],
[ 0.89464606  0.44677559  0.        ],
[ 0.99778413 -0.0665344   0.        ],
[ 0.91012973 -0.4143234   0.        ],
[ 0.72075364  0.69319131  0.        ],
[ 0.76697997  0.64167104  0.        ],
[ 0.9863409  0.1647168  0.       ],
[ 0.75769002  0.65261461  0.        ],
[ 0.18305452  0.98310276  0.        ],
[ 0.80463737  0.59376654  0.        ],
[ 0.30612441  0.95199151  0.        ],
[ 0.36980082  0.92911105  0.        ],
[ 0.35228653  0.93589219  0.        ],
[ 0.82118674  0.57065957  0.        ],
[ 0.21874057  0.97578305  0.        ],
[ 0.83280626 -0.55356458  0.        ],
[ 0.97294773  0.23102537  0.        ],
[ 0.81784478 -0.57543889  0.        ],
[ 0.95736988 -0.28886486  0.        ],
[ 0.96402276 -0.26581972  0.        ],
[ 0.7125474   0.70162398  0.        ],
[ 0.49243916  0.87034687  0.        ],
[ 0.19581917  0.98064002  0.        ],
[ 0.22604953  0.97411581  0.        ],
[ 0.73172201  0.68160318  0.        ],
[ 0.52813161  0.84916253  0.        ],
[ 0.37344491  0.92765236  0.        ],
[ 0.61442884  0.78897224  0.        ],
[ 0.99340795 -0.11463266  0.        ],
[ 0.95094482  0.30936056  0.        ],
[ 0.63003176  0.77656937  0.        ],
[ 0.88398502 -0.46751523  0.        ],
[ 0.48173224  0.87631846  0.        ],
[ 0.98597486 -0.16689391  0.        ],
[ 0.51969924  0.85434929  0.        ],
[ 0.16182211  0.98681995  0.        ],
[ 0.2075292   0.97822882  0.        ],
[ 0.38701617  0.92207293  0.        ],
[ 0.17889043  0.983869    0.        ],
[ 0.43639413  0.89975561  0.        ],
[ 0.94183694 -0.3360702   0.        ],
[ 0.55133015  0.83428716  0.        ],
[ 0.55034093  0.83494003  0.        ],
[ 0.80600624  0.59190704  0.        ],
[ 0.61385758  0.78941679  0.        ],
[ 0.9778802  -0.20916577  0.        ],
[ 0.59762876  0.80177295  0.        ],
[ 0.35451728  0.93504946  0.        ],
[ 0.84345093 -0.53720623  0.        ],
[ 0.92149973  0.38837901  0.        ],
[ 0.95342585 -0.30162751  0.        ],
[ 0.23486289  0.97202851  0.        ],
[ 0.64888466  0.76088679  0.        ],
[ 0.46869502  0.88336005  0.        ],
[ 0.92754843 -0.37370297  0.        ],
[ 0.97245501  0.23309065  0.        ],
[ 0.16217427  0.98676213  0.        ],
[ 0.55448618  0.83219293  0.        ],
[ 0.99681545  0.0797431   0.        ],
[ 0.95940958  0.28201642  0.        ],
[ 0.63671182  0.77110185  0.        ],
[ 0.79148405 -0.61118982  0.        ],
[ 0.56292367  0.82650889  0.        ],
[ 0.34325141  0.93924356  0.        ],
[ 0.77390291 -0.63330426  0.        ],
[ 0.99544483 -0.09533935  0.        ],
[ 0.88939418  0.4571411   0.        ],
[ 0.32906407  0.9443076   0.        ],
[ 0.99547737  0.094999    0.        ],
[ 0.33067904  0.94374328  0.        ],
[ 0.81911563 -0.57362844  0.        ],
[ 0.83666374 -0.54771689  0.        ],
[ 0.87157713 -0.4902584   0.        ],
[ 0.15499972  0.98791451  0.        ],
[ 0.69382337  0.72014522  0.        ],
[ 0.87115407 -0.49100976  0.        ],
[ 0.27044903  0.96273429  0.        ],
[ 0.55994794  0.82852779  0.        ],
[ 0.99158389 -0.12946576  0.        ],
[ 0.3978279   0.91746006  0.        ],
[ 0.41229063  0.91105238  0.        ],
[ 0.89043141  0.45511747  0.        ],
[ 0.21904442  0.97571489  0.        ],
[ 0.82626865  0.56327623  0.        ],
[ 0.92304232 -0.38469841  0.        ],
[ 0.35120298  0.93629935  0.        ],
[ 0.28548481  0.95838323  0.        ],
[ 0.84105457  0.54095029  0.        ],
[ 0.75069735  0.66064627  0.        ],
[ 0.60972387  0.7926139   0.        ],
[ 0.25270089  0.96754445  0.        ],
[ 0.94685205  0.32166939  0.        ],
[ 0.77640019  0.63024022  0.        ],
[ 0.49122602  0.87103214  0.        ],
[ 0.83795454 -0.54574003  0.        ],
[ 0.99696785  0.07781458  0.        ],
[ 0.99470209  0.10279961  0.        ],
[ 0.21388985  0.97685779  0.        ],
[ 0.74313331  0.6691434   0.        ],
[ 0.64563353  0.76364739  0.        ],
[ 0.53279877  0.84624197  0.        ],
[ 0.82650124 -0.5629349   0.        ],
[ 0.96447226  0.26418416  0.        ],
[ 0.52811153  0.84917502  0.        ],
[ 0.84544221 -0.53406691  0.        ],
[ 0.95154422 -0.30751193  0.        ],
[ 0.90342238 -0.42875168  0.        ],
[ 0.9152112   0.40297452  0.        ],
[ 0.99398985  0.10947226  0.        ],
[ 0.97864252  0.20556951  0.        ],
[ 0.64957068  0.76030121  0.        ],
[ 0.98168417 -0.19051559  0.        ],
[ 0.77490291  0.63208029  0.        ],
[ 0.81445843 -0.58022192  0.        ],
[ 0.19464248  0.98087426  0.        ],
[ 0.68011256  0.7331077   0.        ],
[ 0.9621918   0.27237281  0.        ],
[ 0.93351713  0.3585328   0.        ],
[ 0.89795338 -0.44009058  0.        ],
[ 0.73924636  0.67343508  0.        ],
[ 0.39163193  0.92012197  0.        ],
[ 0.369151    0.92936943  0.        ],
[ 0.96074292 -0.27744016  0.        ],
[ 0.47757618  0.87859035  0.        ],
[ 0.72300757  0.6908401   0.        ],
[ 0.1647717   0.98633173  0.        ],
[ 0.42298802  0.90613528  0.        ],
[ 0.99932428  0.03675579  0.        ],
[ 0.64396935  0.76505129  0.        ],
[ 0.55969662  0.82869759  0.        ],
[ 0.36539639  0.93085202  0.        ],
[ 0.67833742  0.73475053  0.        ],
[ 0.27176159  0.96236461  0.        ],
[ 0.43654982  0.89968009  0.        ],
[ 0.26307245  0.96477608  0.        ],
[ 0.87611115  0.48210917  0.        ],
[ 0.87947314  0.47594852  0.        ],
[ 0.99999405 -0.00344865  0.        ],
[ 0.34278654  0.93941332  0.        ],
[ 0.49527442  0.86873658  0.        ],
[ 0.41376168  0.91038523  0.        ],
[ 0.37708833  0.9261773   0.        ],
[ 0.24577881  0.96932594  0.        ],
[ 0.97577972  0.21875542  0.        ],
[ 0.81919682  0.57351249  0.        ],
[ 0.46894073  0.88322964  0.        ],
[ 0.38206716  0.92413456  0.        ],
[ 0.42020183  0.90743067  0.        ],
[ 0.97392241 -0.22688133  0.        ],
[ 0.23373643  0.9723      0.        ],
[ 0.85978247  0.51066045  0.        ],
[ 0.82407271  0.56648404  0.        ],
[ 0.70620336  0.70800905  0.        ],
[ 0.97682531 -0.21403811  0.        ],
[ 0.38456523  0.92309782  0.        ],
[ 0.83958866  0.54322268  0.        ],
[ 0.5902967   0.80718635  0.        ],
[ 0.3442651   0.93887248  0.        ],
[ 0.9575108   0.28839741  0.        ],
[ 0.56361839  0.82603529  0.        ],
[ 0.90247437 -0.43074355  0.        ],
[ 0.22278559  0.97486747  0.        ],
[ 0.19605171  0.98059356  0.        ],
[ 0.97051774  0.24102968  0.        ],
[ 0.36789858  0.92986592  0.        ],
[ 0.70540698  0.7088025   0.        ],
[ 0.6792197   0.73393501  0.        ],
[ 0.96494109 -0.26246655  0.        ],
[ 0.32479405  0.94578477  0.        ],
[ 0.54037899  0.84142174  0.        ],
[ 0.82309387  0.56790535  0.        ],
[ 0.51813279  0.85530019  0.        ],
[ 0.47761355  0.87857003  0.        ],
[ 0.21932811  0.97565116  0.        ],
[ 0.97732248 -0.21175637  0.        ],
[ 0.75856464  0.6515978   0.        ],
[ 0.99315468 -0.11680659  0.        ],
[ 0.96263586  0.2707992   0.        ],
[ 0.87985831 -0.4752361   0.        ],
[ 0.88837479  0.45911898  0.        ],
[ 0.43293191  0.90142663  0.        ],
[ 0.99990204  0.013997    0.        ],
[ 0.41161902  0.91135601  0.        ],
[ 0.74943708  0.66207557  0.        ],
[ 0.4689296   0.88323555  0.        ],
[ 0.88048712 -0.47407006  0.        ],
[ 0.3673654  0.9300767  0.       ],
[ 0.3392279   0.94070422  0.        ],
[ 0.2965452   0.95501882  0.        ],
[ 0.45689434  0.88952097  0.        ],
[ 0.46099505  0.88740271  0.        ],
[ 0.98709774 -0.16011887  0.        ],
[ 0.24942384  0.96839442  0.        ],
[ 0.9170351   0.39880649  0.        ],
[ 0.74367492  0.66854141  0.        ],
[ 0.75844495  0.6517371   0.        ],
[ 0.21435519  0.97675578  0.        ],
[ 0.67672479  0.73623608  0.        ],
[ 0.24234425  0.97019032  0.        ],
[ 0.82602185  0.5636381   0.        ],
[ 0.78628791 -0.61786028  0.        ],
[ 0.59542065  0.80341412  0.        ],
[ 0.24607472  0.96925086  0.        ],
[ 0.99774053  0.06718511  0.        ],
[ 0.32393001  0.94608105  0.        ],
[ 0.30805374  0.95136896  0.        ],
[ 0.40799574  0.91298383  0.        ],
[ 0.18782189  0.9822031   0.        ],
[ 0.48640561  0.87373313  0.        ],
[ 0.99200518  0.12619712  0.        ],
[ 0.89483167  0.44640372  0.        ],
[ 0.93951476  0.34250841  0.        ],
[ 0.40172381  0.91576087  0.        ],
[ 0.65517115  0.75548049  0.        ],
[ 0.96318693 -0.26883253  0.        ],
[ 0.56750344  0.82337103  0.        ],
[ 0.85212916  0.52333154  0.        ],
[ 0.54636822  0.83754508  0.        ],
[ 0.98218124  0.18793618  0.        ],
[ 0.94483416 -0.32754909  0.        ],
[ 0.99260426  0.12139511  0.        ],
[ 0.54569396  0.83798455  0.        ],
[ 0.17227178  0.98504946  0.        ],
[ 0.99947139 -0.03251071  0.        ],
[ 0.91986981 -0.39222383  0.        ],
[ 0.61433702  0.78904374  0.        ],
[ 0.94335647 -0.3317809   0.        ],
[ 0.51314821  0.85830002  0.        ],
[ 0.63465162  0.77279837  0.        ],
[ 0.79645211 -0.60470161  0.        ],
[ 0.57526884  0.8179644   0.        ],
[ 0.61395159  0.78934368  0.        ],
[ 0.40661061  0.91360156  0.        ],
[ 0.99903951 -0.04381844  0.        ],
[ 0.84128669 -0.54058922  0.        ],
[ 0.39648421  0.91804154  0.        ],
[ 0.47612729  0.87937637  0.        ],
[ 0.77308913  0.6342974   0.        ],
[ 0.43349728  0.90115487  0.        ],
[ 0.6589743   0.75216545  0.        ],
[ 0.69073352  0.7231094   0.        ],
[ 0.40795757  0.91300089  0.        ],
[ 0.97372797 -0.22771439  0.        ],
[ 0.78713068  0.61678627  0.        ],
[ 0.64675101  0.76270121  0.        ],
[ 0.99992684  0.01209582  0.        ],
[ 0.99994957 -0.01004265  0.        ],
[ 0.9682712   0.24990173  0.        ],
[ 0.79045171 -0.61252436  0.        ],
[ 0.82231285  0.56903566  0.        ],
[ 0.976912   -0.21364208  0.        ],
[ 0.9486833   0.31622777  0.        ],
[ 0.54828149  0.83629385  0.        ],
[ 0.89217352 -0.45169284  0.        ],
[ 0.9727902  -0.23168777  0.        ],
[ 0.99666962  0.08154548  0.        ],
[ 0.9389565  -0.34403588  0.        ],
[ 0.86573728  0.50049871  0.        ],
[ 0.87413802 -0.48567759  0.        ],
[ 0.19294501  0.98120957  0.        ],
[ 0.41309727  0.91068691  0.        ],
[ 0.46000914  0.88791418  0.        ],
[ 0.88866017  0.45856635  0.        ],
[ 0.44937343  0.89334401  0.        ],
[ 0.96920088  0.2462715   0.        ],
[ 0.63312069  0.77405309  0.        ],
[ 0.99206176 -0.12575158  0.        ],
[ 0.36013403  0.93290058  0.        ],
[ 0.34702992  0.93785406  0.        ],
[ 0.82282019 -0.5683018   0.        ],
[ 0.74591255  0.66604389  0.        ],
[ 0.9147612   0.40399498  0.        ],
[ 0.35350507  0.93543261  0.        ],
[ 0.59437077  0.80419114  0.        ],
[ 0.80506656 -0.59318448  0.        ],
[ 0.44781767  0.8941249   0.        ],
[ 0.45693636  0.88949939  0.        ],
[ 0.98767367 -0.15652707  0.        ],
[ 0.29626811  0.95510481  0.        ],
[ 0.20537915  0.97868248  0.        ],
[ 0.20267629  0.97924579  0.        ],
[ 0.70996841  0.70423352  0.        ],
[ 0.90923049 -0.41629306  0.        ],
[ 0.92784242 -0.37297244  0.        ],
[ 0.38177651  0.92425467  0.        ],
[ 0.16532942  0.9862384   0.        ],
[ 0.74587312  0.66608805  0.        ],
[ 0.88494413 -0.4656972   0.        ],
[ 0.27081987  0.96263004  0.        ],
[ 0.86204843  0.50682591  0.        ],
[ 0.88110384  0.47292285  0.        ],
[ 0.8681182  -0.49635752  0.        ],
[ 0.68132151  0.73198429  0.        ],
[ 0.33786857  0.9411933   0.        ],
[ 0.55837423  0.82958918  0.        ],
[ 0.40843293  0.91278833  0.        ],
[ 0.17221008  0.98506025  0.        ],
[ 0.2507896   0.96804162  0.        ],
[ 0.74416801  0.66799249  0.        ],
[ 0.58723729  0.80941483  0.        ],
[ 0.41283097  0.91080766  0.        ],
[ 0.22385455  0.97462256  0.        ],
[ 0.73938734  0.6732803   0.        ],
[ 0.87474074 -0.48459121  0.        ],
[ 0.81747035  0.57597069  0.        ],
[ 0.15696716  0.98760382  0.        ],
[ 0.20988551  0.97772597  0.        ],
[ 0.96998958 -0.24314648  0.        ],
[ 0.96060228  0.27792671  0.        ],
[ 0.58687007  0.80968112  0.        ],
[ 0.66703219  0.7450289   0.        ],
[ 0.90906774 -0.41664834  0.        ],
[ 0.71724396  0.69682215  0.        ],
[ 0.4268217  0.9043358  0.       ],
[ 0.32091879  0.94710671  0.        ],
[ 0.87153102  0.49034038  0.        ],
[ 0.20612522  0.97852562  0.        ],
[ 0.38546224  0.92272361  0.        ],
[ 0.31805243  0.94807313  0.        ],
[ 0.25801636  0.96614055  0.        ],
[ 0.16324409  0.98658571  0.        ],
[ 0.2479164   0.96878143  0.        ],
[ 0.98506525  0.17218145  0.        ],
[ 0.87302846  0.48766927  0.        ],
[ 0.85119327 -0.52485237  0.        ],
[ 0.38771109  0.92178094  0.        ],
[ 0.94141366 -0.33725408  0.        ],
[ 0.2143841   0.97674943  0.        ],
[ 0.59817276  0.80136717  0.        ],
[ 0.69851142  0.71559891  0.        ],
[ 0.91418479  0.40529763  0.        ],
[ 0.75408154  0.65678081  0.        ],
[ 0.95021334 -0.31160009  0.        ],
[ 0.74190441  0.67050567  0.        ],
[ 0.80065748  0.59912236  0.        ],
[ 0.91015673 -0.41426408  0.        ],
[ 0.92443912  0.38132966  0.        ],
[ 0.86459265 -0.50247342  0.        ],
[ 0.37212174  0.92818393  0.        ],
[ 0.95193863  0.30628883  0.        ],
[ 0.2295007  0.9733085  0.       ],
[ 0.74219588  0.67018302  0.        ],
[ 0.58855015  0.80846071  0.        ],
[ 0.98581133 -0.16785715  0.        ],
[ 0.39361583  0.91927503  0.        ],
[ 0.8259193  -0.56378836  0.        ],
[ 0.39080143  0.92047501  0.        ],
[ 0.94402681  0.32986875  0.        ],
[ 0.33919412  0.9407164   0.        ],
[ 0.93273338  0.36056683  0.        ],
[ 0.93870142 -0.34473125  0.        ],
[ 0.43315023  0.90132174  0.        ],
[ 0.3551381   0.93481385  0.        ],
[ 0.78586384 -0.61839957  0.        ],
[ 0.53526103  0.84468671  0.        ],
[ 0.78466214  0.61992364  0.        ],
[ 0.69765355  0.71643529  0.        ],
[ 0.92879407  0.37059625  0.        ],
[ 0.38509581  0.9228766   0.        ],
[ 0.79974817  0.60033562  0.        ],
[ 0.44875053  0.89365707  0.        ],
[ 0.97727603 -0.21197066  0.        ],
[ 0.33394175  0.94259371  0.        ],
[ 0.8705126  -0.49214613  0.        ],
[ 0.43476258  0.90054511  0.        ],
[ 0.91780658 -0.39702781  0.        ],
[ 0.94129276  0.33759138  0.        ],
[ 0.40786389  0.91304274  0.        ],
[ 0.85423806  0.51988204  0.        ],
[ 0.72862148  0.6849166   0.        ],
[ 0.69870472  0.71541018  0.        ],
[ 0.99970187 -0.02441645  0.        ],
[ 0.19918355  0.9799622   0.        ],
[ 0.21081973  0.97752496  0.        ],
[ 0.84624423 -0.53279518  0.        ],
[ 0.52770405  0.8494283   0.        ],
[ 0.37518244  0.92695099  0.        ],
[ 0.23075605  0.97301164  0.        ],
[ 0.61766846  0.7864386   0.        ],
[ 0.99707357  0.07644796  0.        ],
[ 0.92735039 -0.37419414  0.        ],
[ 0.89612884  0.44379399  0.        ],
[ 0.3847344   0.92302732  0.        ],
[ 0.40982828  0.9121627   0.        ],
[ 0.98176339  0.19010694  0.        ],
[ 0.84375337 -0.53673108  0.        ],
[ 0.33104464  0.94361509  0.        ],
[ 0.7598413   0.65010861  0.        ],
[ 0.78827087  0.6153284   0.        ],
[ 0.73758791  0.67525112  0.        ],
[ 0.92348626 -0.3836315   0.        ],
[ 0.47908917  0.87776624  0.        ],
[ 0.59606746  0.80293436  0.        ],
[ 0.91003519 -0.41453101  0.        ],
[ 0.21979802  0.9755454   0.        ],
[ 0.99466135  0.10319304  0.        ],
[ 0.90613784 -0.42298251  0.        ],
[ 0.35024712  0.93665733  0.        ],
[ 0.21298347  0.9770558   0.        ],
[ 0.28326102  0.95904285  0.        ],
[ 0.97910417 -0.20335935  0.        ],
[ 0.34421589  0.93889053  0.        ],
[ 0.50226431  0.86471415  0.        ],
[ 0.97594077  0.21803583  0.        ],
[ 0.7387645   0.67396366  0.        ],
[ 0.6896214   0.72417009  0.        ],
[ 0.7676341   0.64088836  0.        ],
[ 0.48301564  0.87561173  0.        ],
[ 0.47390064  0.88057832  0.        ],
[ 0.4722824   0.88144729  0.        ],
[ 0.99795992 -0.06384359  0.        ],
[ 0.37258981  0.92799614  0.        ],
[ 0.4917385   0.87074293  0.        ],
[ 0.923429   -0.38376931  0.        ],
[ 0.8518453   0.52379346  0.        ],
[ 0.99958404 -0.02883985  0.        ],
[ 0.36562243  0.93076325  0.        ],
[ 0.9799196   0.19939303  0.        ],
[ 0.56963367  0.8218987   0.        ],
[ 0.78688357 -0.61710149  0.        ],
[ 0.93070893 -0.3657607   0.        ],
[ 0.24852698  0.96862497  0.        ],
[ 0.92131645  0.38881359  0.        ],
[ 0.3684208   0.92965914  0.        ],
[ 0.68531893  0.72824306  0.        ],
[ 0.36888339  0.92947568  0.        ],
[ 0.83048247  0.55704476  0.        ],
[ 0.46186565  0.8869499   0.        ],
[ 0.60303858  0.79771202  0.        ],
[ 0.99758287 -0.06948681  0.        ],
[ 0.35731726  0.93398307  0.        ],
[ 0.96272004 -0.27049976  0.        ],
[ 0.71384369  0.70030507  0.        ],
[ 0.78876934  0.61468929  0.        ],
[ 0.79795654  0.60271499  0.        ],
[ 0.58155084  0.81351006  0.        ],
[ 0.98972825 -0.14296151  0.        ],
[ 0.77153607  0.63618558  0.        ],
[ 0.17224318  0.98505446  0.        ],
[ 0.26323954  0.9647305   0.        ],
[ 0.71041046  0.7037876   0.        ],
[ 0.85328465  0.5214454   0.        ],
[ 0.29664604  0.9549875   0.        ],
[ 0.92683423  0.37547079  0.        ],
[ 0.98245064 -0.18652277  0.        ],
[ 0.73363999  0.67953835  0.        ],
[ 0.9923382   0.12355121  0.        ],
[ 0.93680219  0.34985948  0.        ],
[ 0.38396462  0.92334781  0.        ],
[ 0.39503795  0.9186648   0.        ],
[ 0.21729956  0.97610497  0.        ],
[ 0.35788639  0.93376514  0.        ],
[ 0.49879491  0.86672005  0.        ],
[ 0.81761653  0.57576315  0.        ],
[ 0.79206275  0.61043968  0.        ],
[ 0.7984083   0.60211643  0.        ],
[ 0.38017173  0.92491592  0.        ],
[ 0.99827529 -0.05870651  0.        ],
[ 0.47440807  0.88030505  0.        ],
[ 0.39407167  0.91907971  0.        ],
[ 0.90023977 -0.43539449  0.        ],
[ 0.60332008  0.79749914  0.        ],
[ 0.96196177  0.27318411  0.        ],
[ 0.16211822  0.98677134  0.        ],
[ 0.84637615 -0.53258559  0.        ],
[ 0.64946322  0.76039301  0.        ],
[ 0.81811823 -0.57505006  0.        ],
[ 0.25671331  0.9664876   0.        ],
[ 0.62649569  0.77942488  0.        ],
[ 0.95549556  0.29500547  0.        ],
[ 0.43817694  0.89888874  0.        ],
[ 0.99937152  0.03544808  0.        ],
[ 0.33666184  0.94162562  0.        ],
[ 0.24771607  0.96883267  0.        ],
[ 0.20553592  0.97864957  0.        ],
[ 0.3568733  0.9341528  0.       ],
[ 0.91572016  0.40181661  0.        ],
[ 0.72791618  0.68566613  0.        ],
[ 0.74384817  0.66834863  0.        ],
[ 0.94659645 -0.32242078  0.        ],
[ 0.856515    0.51612214  0.        ],
[ 0.17820426  0.98399352  0.        ],
[ 0.22072868  0.97533525  0.        ],
[ 0.28444389  0.95869269  0.        ],
[ 0.3946443   0.91883398  0.        ],
[ 0.3267326   0.94511682  0.        ],
[ 0.68278686  0.73061762  0.        ],
[ 0.1795106   0.98375604  0.        ],
[ 0.62135519  0.78352902  0.        ],
[ 0.9416056  -0.33671784  0.        ],
[ 0.22060637  0.97536292  0.        ],
[ 0.99783629  0.06574746  0.        ],
[ 0.98410312  0.17759802  0.        ],
[ 0.99823816 -0.05933452  0.        ],
[ 0.34318541  0.93926768  0.        ],
[ 0.50254542  0.86455081  0.        ],
[ 0.26357048  0.96464014  0.        ],
[ 0.6128467   0.79020183  0.        ],
[ 0.65975445  0.75148125  0.        ],
[ 0.39751385  0.91759618  0.        ],
[ 0.61492875  0.78858267  0.        ],
[ 0.1653316   0.98623804  0.        ],
[ 0.82869676 -0.55969785  0.        ],
[ 0.99803622 -0.06263944  0.        ],
[ 0.51384721  0.85788172  0.        ],
[ 0.51245368  0.85871487  0.        ],
[ 0.99143443  0.1306054   0.        ],
[ 0.26481352  0.96429964  0.        ],
[ 0.79686325  0.60415971  0.        ],
[ 0.46302176  0.88634691  0.        ],
[ 0.41129707  0.91150135  0.        ],
[ 0.67160489  0.74090949  0.        ],
[ 0.2273057   0.97382345  0.        ],
[ 0.27791696  0.9606051   0.        ],
[ 0.36930847  0.92930687  0.        ],
[ 0.68831603  0.72541095  0.        ],
[ 0.72537655  0.68835228  0.        ],
[ 0.39245755  0.91977012  0.        ],
[ 0.55043094  0.8348807   0.        ],
[ 0.69546912  0.71855599  0.        ],
[ 0.26879375  0.96319776  0.        ],
[ 0.6067206   0.79491516  0.        ],
[ 0.27949322  0.96014767  0.        ],
[ 0.53550368  0.8445329   0.        ],
[ 0.30326561  0.95290607  0.        ],
[ 0.77399847  0.63318747  0.        ],
[ 0.85438218  0.51964517  0.        ],
[ 0.29654179  0.95501988  0.        ],
[ 0.97592604 -0.21810172  0.        ],
[ 0.98851968 -0.15109217  0.        ],
[ 0.40770272  0.91311472  0.        ],
[ 0.34269553  0.93944653  0.        ],
[ 0.31853873  0.94790985  0.        ],
[ 0.2797484   0.96007335  0.        ],
[ 0.42663972  0.90442167  0.        ],
[ 0.27247457  0.96216298  0.        ],
[ 0.62350642  0.78181823  0.        ],
[ 0.99920968 -0.03974946  0.        ],
[ 0.58790207  0.80893211  0.        ],
[ 0.25381108  0.96725381  0.        ],
[ 0.47130731  0.88196906  0.        ],
[ 0.54971016  0.83535546  0.        ],
[ 0.70941548  0.70479052  0.        ],
[ 0.50398964  0.8637097   0.        ],
[ 0.64434591  0.76473417  0.        ],
[ 0.54538324  0.83818681  0.        ],
[ 0.9976382  -0.06868791  0.        ],
[ 0.98877274 -0.14942713  0.        ],
[ 0.67097286  0.74148191  0.        ],
[ 0.92302288 -0.38474507  0.        ],
[ 0.99684082  0.07942533  0.        ],
[ 0.48267009  0.87580225  0.        ],
[ 0.99988375  0.01524773  0.        ],
[ 0.40507513  0.9142834   0.        ],
[ 0.24369808  0.96985115  0.        ],
[ 0.58256034  0.81278745  0.        ],
[ 0.32356891  0.94620461  0.        ],
[ 0.93613022 -0.35165355  0.        ],
[ 0.82771791  0.56114442  0.        ],
[ 0.16682558  0.98598642  0.        ],
[ 0.93941984  0.34276866  0.        ],
[ 0.64338631  0.76554168  0.        ],
[ 0.96134319  0.27535299  0.        ],
[ 0.32402717  0.94604778  0.        ],
[ 0.36045847  0.93277526  0.        ],
[ 0.80351864 -0.5952796   0.        ],
[ 0.8780913   0.47849313  0.        ],
[ 0.4771535   0.87881997  0.        ],
[ 0.57818113  0.81590844  0.        ],
[ 0.58267455  0.81270559  0.        ],
[ 0.31176974  0.95015769  0.        ],
[ 0.45209103  0.89197181  0.        ],
[ 0.50296005  0.86430966  0.        ],
[ 0.95917052 -0.28282842  0.        ],
[ 0.8342141  -0.55144069  0.        ],
[ 0.87766459  0.47927535  0.        ],
[ 0.97522439 -0.22121796  0.        ],
[ 0.99996669  0.00816204  0.        ],
[ 0.37579419  0.92670315  0.        ],
[ 0.99392865 -0.11002655  0.        ],
[ 0.37451076  0.92722257  0.        ],
[ 0.94230295  0.33476135  0.        ],
[ 0.99453043  0.10444721  0.        ],
[ 0.46879116  0.88330904  0.        ],
[ 0.64452176  0.76458597  0.        ],
[ 0.95121174  0.30853886  0.        ],
[ 0.47510058  0.87993149  0.        ],
[ 0.55319444  0.83305217  0.        ],
[ 0.94251941 -0.33415141  0.        ],
[ 0.92564325 -0.37839738  0.        ],
[ 0.82193848  0.56957627  0.        ],
[ 0.37076232  0.92872779  0.        ],
[ 0.29780559  0.95462654  0.        ],
[ 0.99913974  0.0414703   0.        ],
[ 0.39959953  0.91668981  0.        ],
[ 0.96934505 -0.24570343  0.        ],
[ 0.89577136  0.4445151   0.        ],
[ 0.92921305 -0.36954446  0.        ],
[ 0.75755616  0.65276999  0.        ],
[ 0.4135297   0.91049063  0.        ],
[ 0.97865637 -0.20550354  0.        ],
[ 0.66986888  0.74247942  0.        ],
[ 0.16164996  0.98684816  0.        ],
[ 0.99998908  0.00467294  0.        ],
[ 0.36892608  0.92945874  0.        ],
[ 0.37566886  0.92675396  0.        ],
[ 0.37631292  0.92649263  0.        ],
[ 0.21890702  0.97574572  0.        ],
[ 0.5581626   0.82973159  0.        ],
[ 0.24870326  0.96857973  0.        ],
[ 0.96128622  0.27555183  0.        ],
[ 0.92034129  0.39111623  0.        ],
[ 0.69186508  0.72202681  0.        ],
[ 0.70255617  0.71162829  0.        ],
[ 0.93089837  0.3652783   0.        ],
[ 0.343304    0.93922434  0.        ],
[ 0.31903465  0.94774305  0.        ],
[ 0.45849305  0.88869799  0.        ],
[ 0.97961672 -0.20087577  0.        ],
[ 0.85360743  0.52091683  0.        ],
[ 0.23439861  0.97214057  0.        ],
[ 0.565107    0.82501763  0.        ],
[ 0.41031823  0.9119424   0.        ],
[ 0.37585453  0.92667868  0.        ],
[ 0.99656589 -0.0828035   0.        ],
[ 0.56205011  0.82710318  0.        ],
[ 0.66066744  0.75067871  0.        ],
[ 0.40485803  0.91437956  0.        ],
[ 0.33937631  0.94065069  0.        ],
[ 0.99999532 -0.00306043  0.        ],
[ 0.87192035  0.48964773  0.        ],
[ 0.79070602  0.61219604  0.        ],
[ 0.96615979  0.2579443   0.        ],
[ 0.70313898  0.71105244  0.        ],
[ 0.77536016 -0.63151929  0.        ],
[ 0.98739734 -0.15826084  0.        ],
[ 0.91174483  0.41075707  0.        ],
[ 0.28037106  0.9598917   0.        ],
[ 0.68531986  0.7282422   0.        ],
[ 0.86492448  0.50190203  0.        ],
[ 0.99704329 -0.0768419   0.        ],
[ 0.35148328  0.93619416  0.        ],
[ 0.87162799  0.49016797  0.        ],
[ 0.613117    0.78999212  0.        ],
[ 0.89284961  0.45035495  0.        ],
[ 0.75052349  0.66084377  0.        ],
[ 0.64353191  0.76541928  0.        ],
[ 0.86131828  0.50806576  0.        ],
[ 0.92631243 -0.37675625  0.        ],
[ 0.6175335   0.78654458  0.        ],
[ 0.50910039  0.86070715  0.        ],
[ 0.45593242  0.8900144   0.        ],
[ 0.71639497  0.69769495  0.        ],
[ 0.61880056  0.78554813  0.        ],
[ 0.98121346  0.19292525  0.        ],
[ 0.83675526  0.54757706  0.        ],
[ 0.36107718  0.93253594  0.        ],
[ 0.33166128  0.94339853  0.        ],
[ 0.79061779  0.61230998  0.        ],
[ 0.37526573  0.92691727  0.        ],
[ 0.86743864  0.49754417  0.        ],
[ 0.95770971 -0.28773618  0.        ],
[ 0.73364192  0.67953626  0.        ],
[ 0.87774006 -0.47913713  0.        ],
[ 0.77168847  0.63600072  0.        ],
[ 0.9803159 -0.1974354  0.       ],
[ 0.51262406  0.85861317  0.        ],
[ 0.70814044  0.70607161  0.        ],
[ 0.16600709  0.98612456  0.        ],
[ 0.9905967   0.13681439  0.        ],
[ 0.59863558  0.8010215   0.        ],
[ 0.86666719  0.49888675  0.        ],
[ 0.9868387  -0.16170769  0.        ],
[ 0.59316977  0.8050774   0.        ],
[ 0.75583837  0.65475825  0.        ],
[ 0.50263788  0.86449706  0.        ],
[ 0.97016113 -0.2424611   0.        ],
[ 0.38365841  0.92347508  0.        ],
[ 0.52710969  0.84979726  0.        ],
[ 0.37728136  0.92609868  0.        ],
[ 0.34053478  0.94023192  0.        ],
[ 0.47974873  0.87740592  0.        ],
[ 0.29990625  0.95396868  0.        ],
[ 0.48987259  0.87179404  0.        ],
[ 0.73843257  0.67432732  0.        ],
[ 0.99924101  0.03895379  0.        ],
[ 0.91327917 -0.4073342   0.        ],
[ 0.62631585  0.7795694   0.        ],
[ 0.39903418  0.91693605  0.        ],
[ 0.99644187 -0.08428284  0.        ],
[ 0.69032433  0.72350005  0.        ],
[ 0.99174004  0.12826415  0.        ],
[ 0.99850083  0.0547365   0.        ],
[ 0.89749312 -0.44102846  0.        ],
[ 0.43648162  0.89971318  0.        ],
[ 0.86933991  0.49421466  0.        ],
[ 0.96844504 -0.2492272   0.        ],
[ 0.98978946  0.14253713  0.        ],
[ 0.89137486  0.45326688  0.        ],
[ 0.20784204  0.9781624   0.        ],
[ 0.61171298  0.79107979  0.        ],
[ 0.50087878  0.86551744  0.        ],
[ 0.79713472  0.60380149  0.        ],
[ 0.7037366   0.71046097  0.        ],
[ 0.35573342  0.93458747  0.        ],
[ 0.61778371  0.78634807  0.        ],
[ 0.38594542  0.92252162  0.        ],
[ 0.96963755 -0.24454658  0.        ],
[ 0.91162931  0.41101338  0.        ],
[ 0.9142214  -0.40521505  0.        ],
[ 0.7989453  0.6014037  0.       ],
[ 0.43667106  0.89962125  0.        ],
[ 0.87805624 -0.47855745  0.        ],
[ 0.32779051  0.94475043  0.        ],
[ 0.71864842  0.69537361  0.        ],
[ 0.94383535  0.33041614  0.        ],
[ 0.31818883  0.94802735  0.        ],
[ 0.45905214  0.88840933  0.        ],
[ 0.27738745  0.96075814  0.        ],
[ 0.99074629 -0.13572688  0.        ],
[ 0.44051461  0.89774544  0.        ],
[ 0.96011478  0.27960615  0.        ],
[ 0.9997653  -0.02166433  0.        ],
[ 0.90591094  0.42346826  0.        ],
[ 0.29507669  0.95547357  0.        ],
[ 0.97498082  0.22228901  0.        ],
[ 0.47568942  0.87961331  0.        ],
[ 0.78445473 -0.62018608  0.        ],
[ 0.4079164   0.91301928  0.        ],
[ 0.99053638  0.1372504   0.        ],
[ 0.28459315  0.95864839  0.        ],
[ 0.99337092 -0.11495311  0.        ],
[ 0.47788382  0.87842305  0.        ],
[ 0.97441179 -0.22477023  0.        ],
[ 0.9948993   0.10087307  0.        ],
[ 0.23154917  0.9728232   0.        ],
[ 0.89790638  0.44018647  0.        ],
[ 0.51747657  0.85569738  0.        ],
[ 0.98907868 -0.14738848  0.        ],
[ 0.86194956 -0.50699405  0.        ],
[ 0.90587235  0.42355081  0.        ],
[ 0.70402928  0.71017095  0.        ],
[ 0.86926667 -0.49434345  0.        ],
[ 0.61535859  0.7882473   0.        ],
[ 0.21944859  0.97562406  0.        ],
[ 0.36617257  0.93054696  0.        ],
[ 0.27931317  0.96020006  0.        ],
[ 0.98046838  0.19667676  0.        ],
[ 0.43359085  0.90110986  0.        ],
[ 0.75617082  0.65437427  0.        ],
[ 0.99101054 -0.13378382  0.        ],
[ 0.80144512 -0.59806832  0.        ],
[ 0.34400584  0.93896751  0.        ],
[ 0.99999759  0.00219666  0.        ],
[ 0.90486712  0.42569413  0.        ],
[ 0.58971418  0.80761203  0.        ],
[ 0.86479184 -0.50213053  0.        ],
[ 0.48022011  0.87714802  0.        ],
[ 0.87612758 -0.4820793   0.        ],
[ 0.24368276  0.96985499  0.        ],
[ 0.90607833 -0.42310999  0.        ],
[ 0.77916423  0.62681984  0.        ],
[ 0.48313996  0.87554314  0.        ],
[ 0.38308704  0.92371225  0.        ],
[ 0.49916662  0.86650602  0.        ],
[ 0.46551242  0.88504135  0.        ],
[ 0.75507098  0.65564306  0.        ],
[ 0.35069124  0.93649114  0.        ],
[ 0.34754714  0.93766251  0.        ],
[ 0.3270323   0.94501316  0.        ],
[ 0.9282117  -0.37205248  0.        ],
[ 0.43930922  0.89833591  0.        ],
[ 0.46730809  0.88409454  0.        ],
[ 0.65001252  0.7599235   0.        ],
[ 0.88965636  0.45663067  0.        ],
[ 0.95818488 -0.28614985  0.        ],
[ 0.73469081  0.67840211  0.        ],
[ 0.62779749  0.77837671  0.        ],
[ 0.9156728   0.40192453  0.        ],
[ 0.22748014  0.97378272  0.        ],
[ 0.97902667  0.20373212  0.        ],
[ 0.44621182  0.89492738  0.        ],
[ 0.98322946 -0.18237278  0.        ],
[ 0.97904816 -0.20362881  0.        ],
[ 0.27654765  0.96100021  0.        ],
[ 0.55321523  0.83303836  0.        ],
[ 0.2813197  0.9596141  0.       ],
[ 0.86093896  0.50870827  0.        ],
[ 0.35976188  0.93304415  0.        ],
[ 0.8591163  -0.51178041  0.        ],
[ 0.6293757   0.77710117  0.        ],
[ 0.19057309  0.98167301  0.        ],
[ 0.36251343  0.93197855  0.        ],
[ 0.97632985  0.21628692  0.        ],
[ 0.78929176  0.61401834  0.        ],
[ 0.41627134  0.90924044  0.        ],
[ 0.91421387 -0.40523203  0.        ],
[ 0.71346889  0.70068691  0.        ],
[ 0.64161833  0.76702407  0.        ],
[ 0.55542935  0.83156373  0.        ],
[ 0.32511202  0.94567551  0.        ],
[ 0.61827921  0.78595853  0.        ],
[ 0.78605216  0.61816018  0.        ],
[ 0.70879049  0.70541905  0.        ],
[ 0.37763646  0.92595394  0.        ],
[ 0.52634253  0.85027263  0.        ],
[ 0.95376199  0.30056291  0.        ],
[ 0.85382142  0.52056602  0.        ],
[ 0.52488193  0.85117504  0.        ],
[ 0.82012425  0.57218547  0.        ],
[ 0.59581296  0.80312323  0.        ],
[ 0.16902136  0.98561239  0.        ],
[ 0.72356371  0.69025761  0.        ],
[ 0.30115666  0.95357468  0.        ],
[ 0.56354558  0.82608497  0.        ],
[ 0.67069661  0.7417318   0.        ],
[ 0.52911855  0.84854791  0.        ],
[ 0.8792911  -0.47628474  0.        ],
[ 0.9729376  -0.23106802  0.        ],
[ 0.3651655   0.93094262  0.        ],
[ 0.86596678 -0.50010153  0.        ],
[ 0.39985191  0.91657976  0.        ],
[ 0.39609214  0.91821077  0.        ],
[ 0.97276096 -0.23181054  0.        ],
[ 0.29539211  0.9553761   0.        ],
[ 0.50094008  0.86548197  0.        ],
[ 0.19976948  0.97984292  0.        ],
[ 0.36859704  0.92958928  0.        ],
[ 0.23663269  0.97159918  0.        ],
[ 0.42670394  0.90439137  0.        ],
[ 0.99688444  0.07887589  0.        ],
[ 0.31411229  0.94938584  0.        ],
[ 0.67725835  0.73574528  0.        ],
[ 0.89798936  0.44001717  0.        ],
[ 0.87165719  0.49011605  0.        ],
[ 0.69975307  0.7143848   0.        ],
[ 0.70647705  0.70773595  0.        ],
[ 0.29545326  0.9553572   0.        ],
[ 0.18092118  0.9834976   0.        ],
[ 0.98627461  0.16511328  0.        ],
[ 0.98903617  0.14767348  0.        ],
[ 0.93356732 -0.35840209  0.        ],
[ 0.56185902  0.827233    0.        ],
[ 0.77576803 -0.6310182   0.        ],
[ 0.98733345 -0.15865897  0.        ],
[ 0.40879203  0.91262757  0.        ],
[ 0.82823599 -0.56037947  0.        ],
[ 0.99946178  0.03280478  0.        ],
[ 0.97351962  0.22860348  0.        ],
[ 0.89688816  0.44225742  0.        ],
[ 0.45869798  0.88859224  0.        ],
[ 0.88678787 -0.46217668  0.        ],
[ 0.97782034  0.20944543  0.        ],
[ 0.27920538  0.96023141  0.        ],
[ 0.31539745  0.94895967  0.        ],
[ 0.93511455 -0.35434555  0.        ],
[ 0.52145659  0.85327781  0.        ],
[ 0.81115302  0.58483398  0.        ],
[ 0.63774831  0.77024483  0.        ],
[ 0.55162857  0.83408988  0.        ],
[ 0.221951    0.97505782  0.        ],
[ 0.59665212  0.8025      0.        ],
[ 0.84380046 -0.53665705  0.        ],
[ 0.19299885  0.98119898  0.        ],
[ 0.58856213  0.80845199  0.        ],
[ 0.50531414  0.86293547  0.        ],
[ 0.61992869  0.78465815  0.        ],
[ 0.79910515 -0.60119128  0.        ],
[ 0.91600753 -0.40116108  0.        ],
[ 0.93276705  0.36047973  0.        ],
[ 0.93508984  0.35441078  0.        ],
[ 0.51932072  0.85457942  0.        ],
[ 0.81725024  0.57628295  0.        ],
[ 0.37616085  0.92655438  0.        ],
[ 0.9801102   0.19845404  0.        ],
[ 0.88067511  0.47372075  0.        ],
[ 0.37988494  0.92503375  0.        ],
[ 0.26975118  0.96293006  0.        ],
[ 0.1835142   0.98301706  0.        ],
[ 0.72557956  0.68813828  0.        ],
[ 0.68592538  0.72767188  0.        ],
[ 0.92898483  0.3701178   0.        ],
[ 0.60522767  0.79605243  0.        ],
[ 0.4459963  0.8950348  0.       ],
[ 0.99806775 -0.062135    0.        ],
