[ 0.7980478  -0.60259415  0.        ],
[ 0.22853433  0.97353585  0.        ],
[ 0.62969857  0.77683956  0.        ],
[ 0.88283443 -0.46968432  0.        ],
[ 0.98331743  0.18189784  0.        ],
[ 0.94598623  0.32420681  0.        ],
[ 0.66902415  0.74324067  0.        ],
[ 0.32117025  0.94702147  0.        ],
[ 0.21768878  0.97601823  0.        ],
[ 0.67520283  0.73763211  0.        ],
[ 0.2196057   0.97558871  0.        ],
[ 0.78126921  0.62419421  0.        ],
[ 0.99075632 -0.13565369  0.        ],
[ 0.99100681  0.13381142  0.        ],
[ 0.61211244  0.79077073  0.        ],
[ 0.65465473  0.75592803  0.        ],
[ 0.85380213  0.52059766  0.        ],
[ 0.34846023  0.93732357  0.        ],
[ 0.61815179  0.78605875  0.        ],
[ 0.58090461  0.81397164  0.        ],
[ 0.3240357   0.94604485  0.        ],
[ 0.44275872  0.8966408   0.        ],
[ 0.1614881   0.98687466  0.        ],
[ 0.43718712  0.89937057  0.        ],
[ 0.99688746 -0.07883776  0.        ],
[ 0.70298493  0.71120474  0.        ],
[ 0.80568125  0.59234933  0.        ],
[ 0.51127869  0.85941498  0.        ],
[ 0.32928188  0.94423167  0.        ],
[ 0.45591495  0.89002335  0.        ],
[ 0.40931014  0.91239531  0.        ],
[ 0.62994044  0.77664345  0.        ],
[ 0.53294915  0.84614727  0.        ],
[ 0.55844707  0.82954016  0.        ],
[ 0.89656077  0.44292074  0.        ],
[ 0.9989415  -0.04599865  0.        ],
[ 0.977177   0.2124267  0.       ],
[ 0.99946926  0.03257614  0.        ],
[ 0.28499714  0.95852837  0.        ],
[ 0.87928374 -0.47629834  0.        ],
[ 0.45411711  0.890942    0.        ],
[ 0.96905414  0.24684829  0.        ],
[ 0.73339752  0.67980002  0.        ],
[ 0.73801444  0.67478491  0.        ],
[ 0.9837117   0.17975344  0.        ],
[ 0.38240829  0.92399345  0.        ],
[ 0.90278941  0.43008289  0.        ],
[ 0.96583407 -0.25916124  0.        ],
[ 0.65975409  0.75148157  0.        ],
[ 0.45000939  0.89302382  0.        ],
[ 0.94229464 -0.33478472  0.        ],
[ 0.64907987  0.76072027  0.        ],
[ 0.39562481  0.91841222  0.        ],
[ 0.80042516  0.5994327   0.        ],
[ 0.96112712  0.27610624  0.        ],
[ 0.6821778   0.73118633  0.        ],
[ 0.41970547  0.90766035  0.        ],
[ 0.99999279  0.00379643  0.        ],
[ 0.99329748 -0.11558595  0.        ],
[ 0.88740089 -0.46099855  0.        ],
[ 0.73608877  0.67688502  0.        ],
[ 0.90375575 -0.42804854  0.        ],
[ 0.85695304  0.51539449  0.        ],
[ 0.40575781  0.91398063  0.        ],
[ 0.30526522  0.95226737  0.        ],
[ 0.99937714 -0.03528927  0.        ],
[ 0.97357283  0.22837677  0.        ],
[ 0.40719954  0.91333922  0.        ],
[ 0.56065741  0.82804787  0.        ],
[ 0.93163781 -0.3633882   0.        ],
[ 0.95761703  0.28804448  0.        ],
[ 0.43147421  0.90212527  0.        ],
[ 0.25996306  0.96561856  0.        ],
[ 0.40998297  0.91209318  0.        ],
[ 0.7980705   0.60256409  0.        ],
[ 0.42896541  0.90332092  0.        ],
[ 0.19636869  0.98053013  0.        ],
[ 0.8256026   0.56425203  0.        ],
[ 0.97811346 -0.20807227  0.        ],
[ 0.64762228  0.76196154  0.        ],
[ 0.99413234  0.10817062  0.        ],
[ 0.83881641  0.54441438  0.        ],
[ 0.36521662  0.93092256  0.        ],
[ 0.379754    0.92508751  0.        ],
[ 0.22485742  0.97439168  0.        ],
[ 0.9566934  -0.29109748  0.        ],
[ 0.8836293   0.46818721  0.        ],
[ 0.55280476  0.83331081  0.        ],
[ 0.99432729  0.10636375  0.        ],
[ 0.96206112 -0.27283402  0.        ],
[ 0.62410968  0.78133674  0.        ],
[ 0.67391182  0.73881178  0.        ],
[ 0.89109888 -0.45380919  0.        ],
[ 0.48630577  0.87378871  0.        ],
[ 0.44894476  0.89355951  0.        ],
[ 0.23965723  0.97085757  0.        ],
[ 0.74764171  0.66410231  0.        ],
[ 0.99977589 -0.02116998  0.        ],
[ 0.71702493  0.69704752  0.        ],
[ 0.51276048  0.85853171  0.        ],
