[ 0.93414935  0.35688232  0.        ],
[-0.86118929  0.50828438  0.        ],
[-0.90196936  0.43180004  0.        ],
[ 0.9842916  -0.17655042  0.        ],
[ 0.98417833  0.17718074  0.        ],
[-0.38988399 -0.92086398  0.        ],
[ 0.25549781 -0.96680964  0.        ],
[ 0.49679981  0.86786516  0.        ],
[-0.99772028  0.06748506  0.        ],
[ 0.78061946  0.62500661  0.        ],
[-0.91173981  0.4107682   0.        ],
[-0.43341482 -0.90119454  0.        ],
[-0.95808229  0.28649314  0.        ],
[ 0.98879065 -0.1493086   0.        ],
[ 0.9435939   0.33110504  0.        ],
[-0.80025503  0.5996598   0.        ],
[-0.83606208 -0.54863484  0.        ],
[-0.47347783 -0.88080574  0.        ],
[ 0.97769382  0.21003522  0.        ],
[ 0.85190553 -0.52369548  0.        ],
[-0.96529228  0.26117201  0.        ],
[-0.49355004 -0.8697174   0.        ],
[ 0.98390737 -0.1786793   0.        ],
[ 0.96739162 -0.25328531  0.        ],
[ 0.30739236 -0.95158286  0.        ],
[-0.33754753 -0.94130848  0.        ],
[-0.84626628 -0.53276016  0.        ],
[ 0.64127234  0.76731336  0.        ],
[-0.94095843  0.33852214  0.        ],
[ 0.94382572 -0.33044366  0.        ],
[ 0.2370989  -0.97148552  0.        ],
[-0.60213814 -0.79839192  0.        ],
[ 0.1310102  -0.99138102  0.        ],
[-0.72135424 -0.69256628  0.        ],
[ 0.99869601 -0.05105171  0.        ],
[-0.46689933 -0.88431047  0.        ],
[-0.97427978  0.22534175  0.        ],
[-0.68716061 -0.72650554  0.        ],
[ 0.96361347 -0.26729961  0.        ],
[-0.89870936  0.43854474  0.        ],
[ 0.00456335 -0.99998959  0.        ],
[-0.53857951 -0.84257469  0.        ],
[ -2.41895152e-16  -1.00000000e+00   0.00000000e+00],
[-0.9274522   0.37394173  0.        ],
[-0.91314449  0.40763604  0.        ],
[ 0.76251596 -0.6469694   0.        ],
[ 0.95247579  0.30461429  0.        ],
[-0.98692852 -0.16115858  0.        ],
[ 0.33712165  0.9414611   0.        ],
[ 0.70370629 -0.71049099  0.        ],
[-0.19062555 -0.98166282  0.        ],
[ 0.97397573  0.22665231  0.        ],
[-0.98115551 -0.19321976  0.        ],
[-0.99778705  0.06649059  0.        ],
[-0.99862259 -0.0524683   0.        ],
[-0.53176666 -0.84689091  0.        ],
[-0.81574752 -0.57840815  0.        ],
[-0.80678279  0.59084815  0.        ],
[-0.78222177  0.62300008  0.        ],
[ 0.9485211   0.31671395  0.        ],
[-0.80142809 -0.59809114  0.        ],
[-0.47193677 -0.8816324   0.        ],
[-0.97415211 -0.22589303  0.        ],
[ 0.49412827  0.86938901  0.        ],
[-0.69610427 -0.7179407   0.        ],
[ 0.85533495  0.51807541  0.        ],
[-0.97796352 -0.20877583  0.        ],
[ 0.91947824  0.39314089  0.        ],
[-0.99987243 -0.01597247  0.        ],
[ 0.50551513 -0.86281774  0.        ],
[-0.45506753 -0.89045693  0.        ],
[ 0.59709433  0.80217103  0.        ],
[-0.88212369 -0.47101784  0.        ],
[-0.07237225 -0.99737769  0.        ],
[-0.91286278 -0.40826652  0.        ],
[-0.34511776 -0.93855939  0.        ],
[ 0.87241629  0.48876356  0.        ],
[-0.79204128 -0.61046753  0.        ],
[ 0.81359691 -0.58142934  0.        ],
[ 0.79688902 -0.60412572  0.        ],
[ 0.35527746 -0.93476089  0.        ],
[ 0.97542406  0.22033591  0.        ],
[-0.99974008  0.02279844  0.        ],
[-0.98547981 -0.16979267  0.        ],
[ 0.71146258 -0.70272399  0.        ],
[ 0.8943043  -0.44745928  0.        ],
[ 0.45719486 -0.88936655  0.        ],
[ 0.89110338  0.45380037  0.        ],
[-0.94752789  0.31967312  0.        ],
[-0.93375836 -0.35790408  0.        ],
[ 0.99351531  0.11369838  0.        ],
[-0.53095501 -0.84740001  0.        ],
[ 0.4585242   0.88868192  0.        ],
[-0.76855056  0.63978905  0.        ],
[-0.6921245  -0.72177813  0.        ],
[ 0.98568715  0.16858485  0.        ],
[-0.18982435 -0.98181807  0.        ],
[ 0.89141338  0.45319111  0.        ],
[-0.99562234 -0.09346735  0.        ],
[-0.98864777 -0.15025173  0.        ],
