[-0.99879289  0.0491199   0.        ],
[-0.29173927  0.95649788  0.        ],
[-0.99751154 -0.07050334  0.        ],
[-0.69564533  0.71838539  0.        ],
[-0.81245706 -0.58302103  0.        ],
[-0.16561497  0.98619049  0.        ],
[-0.28885606  0.95737254  0.        ],
[-0.9010381   0.43373995  0.        ],
[-0.6004065   0.79969496  0.        ],
[-0.751816   -0.65937296  0.        ],
[-0.73863856  0.67410168  0.        ],
[-0.99788175 -0.0650539   0.        ],
[-0.92532942 -0.37916416  0.        ],
[-0.97938175 -0.20201831  0.        ],
[-0.96555113 -0.2602134   0.        ],
[-0.98436249 -0.17615474  0.        ],
[-0.78060444 -0.62502537  0.        ],
[-0.83561327 -0.54931818  0.        ],
[-0.2021268   0.97935936  0.        ],
[-0.10357627  0.99462151  0.        ],
[-0.86876834 -0.49521871  0.        ],
[-0.91268225  0.40866994  0.        ],
[-0.99576641  0.09191987  0.        ],
[-0.99722954  0.07438581  0.        ],
[-0.40621633  0.91377694  0.        ],
[-0.97630271  0.21640939  0.        ],
[-0.99393584  0.10996155  0.        ],
[-0.45790362  0.88900184  0.        ],
[-0.98320744  0.18249143  0.        ],
[-0.74556002  0.66643848  0.        ],
[-0.03719184  0.99930814  0.        ],
[-0.69372284 -0.72024206  0.        ],
[-0.77805804  0.6281924   0.        ],
[-0.54163248 -0.8406154   0.        ],
[-0.86503738 -0.50170741  0.        ],
[-0.87093979  0.49138974  0.        ],
[-0.89356901  0.44892586  0.        ],
[-0.98807946  0.15394471  0.        ],
[-0.97148885 -0.23708525  0.        ],
[-0.54680829  0.83725784  0.        ],
[-0.9207242  -0.39021397  0.        ],
[-0.71649953 -0.69758758  0.        ],
[-0.99843543 -0.0559169   0.        ],
[-0.96405106  0.26571705  0.        ],
[-0.68335125 -0.73008977  0.        ],
[-0.96007258 -0.27975105  0.        ],
[-0.80942619 -0.58722164  0.        ],
[-0.95170588  0.30701128  0.        ],
[-0.57090012 -0.82101952  0.        ],
[-0.04408647  0.99902772  0.        ],
[-0.60723835 -0.79451972  0.        ],
[-0.84600811 -0.53317002  0.        ],
[-0.35936248  0.93319805  0.        ],
[-0.97916091  0.20308597  0.        ],
[-0.9189925  -0.39427502  0.        ],
[-0.81263768 -0.58276925  0.        ],
[-0.54875392 -0.83598393  0.        ],
[-0.56228244 -0.82694526  0.        ],
[-0.5416477 -0.8406056  0.       ],
[-0.41938387  0.90780899  0.        ],
[-0.86069541 -0.50912023  0.        ],
[-0.80711748 -0.59039086  0.        ],
[-0.90585997  0.42357728  0.        ],
[-0.93498817 -0.35467889  0.        ],
[-0.63138549 -0.77546912  0.        ],
[-0.81986753  0.57255326  0.        ],
[-0.81170016 -0.58407435  0.        ],
[-0.7717989  0.6358667  0.       ],
[-0.89195383  0.45212649  0.        ],
[-0.63686302 -0.77097698  0.        ],
[-0.98087915  0.1946178   0.        ],
[-0.22635431  0.97404503  0.        ],
[-0.81581687  0.57831033  0.        ],
[-0.99890901  0.04669903  0.        ],
[-0.7099067   0.70429573  0.        ],
[-0.99994668  0.01032645  0.        ],
[-0.53990163 -0.84172812  0.        ],
[-0.7098031  -0.70440014  0.        ],
[-0.79584832 -0.60549604  0.        ],
[-0.57524266  0.81798281  0.        ],
[-0.79906751 -0.60124131  0.        ],
[-0.81454369 -0.58010221  0.        ],
[-0.55003814  0.83513953  0.        ],
[-0.72261161  0.69125427  0.        ],
[-0.00453246  0.99998973  0.        ],
[-0.84760776  0.5306233   0.        ],
[-0.49185403  0.87067768  0.        ],
[-0.87855019 -0.47765004  0.        ],
[-0.98687427  0.1614905   0.        ],
[-0.20510457  0.97874007  0.        ],
[-0.74543016  0.66658373  0.        ],
[-0.6552137  -0.75544358  0.        ],
[-0.70476476 -0.70944107  0.        ],
[-0.78960558  0.61361472  0.        ],
[-0.86909047  0.49465316  0.        ],
[-0.26917392  0.96309159  0.        ],
[-0.71580446 -0.69830077  0.        ],
[-0.60145029  0.79891022  0.        ],
[-0.74292203 -0.66937796  0.        ],
[-0.45372568  0.89114141  0.        ],
[-0.410615    0.91180882  0.        ],
[-0.93240965  0.36140316  0.        ],
[-0.3097855   0.95080647  0.        ],
[-0.58726788  0.80939264  0.        ],
[-0.59378396  0.80462451  0.        ],
[-0.6434238  -0.76551016  0.        ],
[-0.69563443 -0.71839595  0.        ],
[-0.96615813  0.25795051  0.        ],
[-0.65909103 -0.75206317  0.        ],
[-0.96107081  0.27630219  0.        ],
[-0.01067233  0.99994305  0.        ],
[-0.96470218 -0.26334332  0.        ],
[-0.4276712   0.90393437  0.        ],
[-0.93009115  0.36732881  0.        ],
[-0.62351433 -0.78181192  0.        ],
[-0.94840663  0.31705657  0.        ],
[-0.79878815 -0.6016124   0.        ],
[-0.62866635 -0.77767514  0.        ],
[-0.65002436 -0.75991337  0.        ],
[-0.91953381  0.3930109   0.        ],
[-0.9303072  -0.36678129  0.        ],
[-0.80758281 -0.58975419  0.        ],
[-0.89663748 -0.44276544  0.        ],
[-0.58943708 -0.80781429  0.        ],
[-0.6740852 -0.7386536  0.       ],
[-0.97539705  0.22045541  0.        ],
[-0.57585468 -0.81755207  0.        ],
[-0.61153236 -0.79121942  0.        ],
[-0.06849331  0.99765158  0.        ],
[-0.76699517 -0.64165287  0.        ],
[-0.99901709  0.0443267   0.        ],
[-0.93904561 -0.34379259  0.        ],
[-0.91177696 -0.41068575  0.        ],
[-0.14710828  0.98912039  0.        ],
[-0.97192823 -0.23527754  0.        ],
[-0.48307455  0.87557922  0.        ],
[-0.98894444 -0.14828655  0.        ],
[-0.11715271  0.99311391  0.        ],
[-0.94299914  0.33279518  0.        ],
[-0.68136309  0.73194558  0.        ],
[-0.75050853  0.66086076  0.        ],
[-0.92111695 -0.38928596  0.        ],
[-0.61075552  0.79181923  0.        ],
[-0.68708614  0.72657597  0.        ],
[-0.99275045  0.12019375  0.        ],
[-0.54050771  0.84133906  0.        ],
[-0.22454457  0.97446382  0.        ],
[-0.82489448 -0.56528674  0.        ],
[-0.18027382  0.98361646  0.        ],
[-0.996252   0.0864983  0.       ],
[-0.77201291  0.63560685  0.        ],
[-0.61183818  0.79098296  0.        ],
[-0.83034899  0.55724372  0.        ],
[-0.55067992 -0.83471649  0.        ],
[-0.84395027 -0.53642142  0.        ],
[-0.99626511 -0.08634716  0.        ],
[-0.82843277 -0.56008852  0.        ],
[-0.49709849  0.86769412  0.        ],
[-0.87507091  0.48399473  0.        ],
[-0.27786253  0.96062085  0.        ],
[-0.94653303 -0.32260691  0.        ],
[-0.84778537 -0.53033948  0.        ],
[-0.97356274 -0.22841977  0.        ],
[-0.46092362  0.88743981  0.        ],
[-0.99988195 -0.01536526  0.        ],
[-0.04571966  0.99895431  0.        ],
[-0.50755551  0.86161906  0.        ],
[-0.79755156 -0.60325078  0.        ],
[-0.70311127  0.71107984  0.        ],
[-0.54249347 -0.84006002  0.        ],
[-0.06514761  0.99787564  0.        ],
[-0.98283986 -0.18446085  0.        ],
[-0.7680494  -0.64039059  0.        ],
[-0.59843722 -0.8011697   0.        ],
[-0.02316101  0.99973175  0.        ],
[-0.99562413  0.09344836  0.        ],
[-0.40783741  0.91305457  0.        ],
[-0.99726029 -0.07397239  0.        ],
[-0.69798135 -0.71611593  0.        ],
[-0.79093812 -0.61189614  0.        ],
[-0.8428527  -0.53814433  0.        ],
[-0.55848724 -0.82951311  0.        ],
[-0.81180154 -0.58393344  0.        ],
[-0.7468225  -0.66502343  0.        ],
[-0.73668294  0.6762383   0.        ],
[-0.61077583 -0.79180356  0.        ],
[-0.9222241   0.38665581  0.        ],
[-0.87750982 -0.47955867  0.        ],
[-0.9997601  0.0219031  0.       ],
[-0.69294525 -0.72099021  0.        ],
[-0.48142531  0.87648712  0.        ],
[-0.54427071  0.83890965  0.        ],
[-0.84541477  0.53411035  0.        ],
[-0.64835854  0.76133515  0.        ],
[-0.99434687  0.10618051  0.        ],
[-0.95060348 -0.31040783  0.        ],
[-0.99959991 -0.02828454  0.        ],
[-0.57968878  0.81483797  0.        ],
[-0.88258419  0.47015439  0.        ],
[-0.85829598 -0.51315497  0.        ],
[-0.99801805  0.0629283   0.        ],
[-0.89118733  0.45363548  0.        ],
[-0.54777445 -0.83662605  0.        ],
[-0.99827783  0.05866324  0.        ],
[-0.39527196  0.91856414  0.        ],
[-0.94016931 -0.34070759  0.        ],
[-0.82837135 -0.56017935  0.        ],
[-0.64436348 -0.76471937  0.        ],
[-0.6431485  -0.76574148  0.        ],
[-0.92881416  0.37054588  0.        ],
[-0.44410434  0.89597508  0.        ],
[-0.16540144  0.98622633  0.        ],
[-0.42587183  0.9047835   0.        ],
[-0.26239902  0.96495946  0.        ],
[-0.75310634 -0.65789881  0.        ],
[-0.99132311  0.13144769  0.        ],
[-0.43588001  0.90000479  0.        ],
[-0.74362155 -0.66860077  0.        ],
[-0.01905446  0.99981845  0.        ],
[-0.39849847  0.917169    0.        ],
[-0.54069954 -0.84121579  0.        ],
[-0.75906655  0.65101303  0.        ],
[-0.6487926  -0.76096528  0.        ],
[-0.27162059  0.96240441  0.        ],
[-0.11109749  0.99380951  0.        ],
[-0.5555805   0.83146275  0.        ],
[-0.99776887  0.06676294  0.        ],
[-0.79418312 -0.60767851  0.        ],
[-0.57495449 -0.81818539  0.        ],
[-0.61517465  0.78839086  0.        ],
[-0.38189545  0.92420553  0.        ],
[-0.57338435  0.81928651  0.        ],
[-0.83093878 -0.55636386  0.        ],
[-0.70710678  0.70710678  0.        ],
[-0.66403642 -0.74770023  0.        ],
[-0.70960474 -0.70459996  0.        ],
[-0.56962855 -0.82190225  0.        ],
[-0.98920758 -0.14652087  0.        ],
[-0.72597264 -0.68772359  0.        ],
[-0.76640101 -0.64236243  0.        ],
[-0.91558078  0.4021341   0.        ],
[-0.57857493 -0.81562923  0.        ],
[-0.55656587 -0.83080349  0.        ],
[-0.65584768 -0.75489325  0.        ],
[-0.67806458  0.73500233  0.        ],
[-0.53583507 -0.84432268  0.        ],
[-0.35223397  0.93591198  0.        ],
[-0.15945398  0.98720536  0.        ],
[-0.96820513 -0.25015761  0.        ],
[-0.99908905  0.04267407  0.        ],
[-0.90118756  0.43342932  0.        ],
[-0.96864976  0.24843034  0.        ],
[-0.1676737   0.98584255  0.        ],
[-0.87104478  0.49120361  0.        ],
[-0.14869888  0.98888252  0.        ],
[-0.23467263  0.97207446  0.        ],
[-0.94295205 -0.33292856  0.        ],
[-0.86878351  0.49519209  0.        ],
[-0.99599087 -0.08945497  0.        ],
[-0.74988996 -0.66156258  0.        ],
[-0.85600728 -0.51696377  0.        ],
[-0.62854735  0.77777132  0.        ],
[-0.2147987   0.97665834  0.        ],
[-0.94732143  0.32028441  0.        ],
[-0.59769874 -0.80172079  0.        ],
[-0.72589587  0.68780461  0.        ],
[-0.92447879  0.38123347  0.        ],
[-0.68314021 -0.73028724  0.        ],
[-0.99146042 -0.13040797  0.        ],
[-0.68663269 -0.72700451  0.        ],
[-0.92550473  0.37873604  0.        ],
[-0.66625357  0.74572527  0.        ],
[-0.55225639 -0.83367432  0.        ],
[-0.99940164  0.03458859  0.        ],
[-0.86920329 -0.49445489  0.        ],
[-0.70863884 -0.7055714   0.        ],
[-0.56741385 -0.82343277  0.        ],
[-0.33622779  0.94178069  0.        ],
[-0.38679797  0.92216448  0.        ],
[-0.80802563  0.58914733  0.        ],
[-0.76885129 -0.63942763  0.        ],
[-0.97463162  0.22381513  0.        ],
[-0.1356903  0.9907513  0.       ],
[-0.65216706  0.75807528  0.        ],
[-0.01789176  0.99983993  0.        ],
[-0.79720434  0.60370956  0.        ],
[-0.64431605 -0.76475933  0.        ],
[-0.18704259  0.98235181  0.        ],
[-0.68160169 -0.7317234   0.        ],
[-0.94329878 -0.33194489  0.        ],
[-0.60477179 -0.79639882  0.        ],
[-0.6699121   0.74244042  0.        ],
[-0.59779827 -0.80164657  0.        ],
[-0.54341628  0.83946337  0.        ],
[-0.85490929 -0.51877751  0.        ],
[-0.13769215  0.99047507  0.        ],
[-0.24458875  0.96962691  0.        ],
[-0.81137493 -0.58452607  0.        ],
[-0.99195855 -0.12656319  0.        ],
[-0.99785804 -0.06541663  0.        ],
[-0.77666891  0.62990905  0.        ],
[-0.69900585  0.71511595  0.        ],
[-0.92640502 -0.37652853  0.        ],
[-0.93009759 -0.3673125   0.        ],
[-0.87273518 -0.48819393  0.        ],
[-0.71004897 -0.7041523   0.        ],
[-0.88316632  0.46905996  0.        ],
[-0.31749363  0.9482604   0.        ],
[-0.33410769  0.94253491  0.        ],
[-0.70204789  0.71212974  0.        ],
[-0.08278763  0.99656721  0.        ],
[-0.1358258   0.99073273  0.        ],
[-0.31438211  0.94929652  0.        ],
[-0.83371952 -0.55218816  0.        ],
[-0.55957669 -0.82877858  0.        ],
[-0.67428239 -0.7384736   0.        ],
[-0.56699954 -0.82371811  0.        ],
[-0.6575478  -0.75341283  0.        ],
[-0.99268858  0.12070372  0.        ],
[-0.28420782  0.9587627   0.        ],
[-0.78547866 -0.61888874  0.        ],
[-0.54467886 -0.8386447   0.        ],
[-0.9522718 -0.3052514  0.       ],
[-0.58454257  0.81136304  0.        ],
[-0.90067663  0.43449005  0.        ],
[-0.83005098 -0.55768752  0.        ],
[-0.30375556  0.95275     0.        ],
[-0.85055579 -0.52588483  0.        ],
[-0.79973416 -0.60035429  0.        ],
[-0.67849917  0.73460116  0.        ],
[-0.77126879 -0.63650958  0.        ],
[-0.52324304  0.8521835   0.        ],
[-0.99491942 -0.10067451  0.        ],
[-0.36734069  0.93008646  0.        ],
[-0.36661851  0.93037136  0.        ],
[-0.81359699  0.58142921  0.        ],
[-0.51068974  0.85976508  0.        ],
[-0.4691002   0.88314495  0.        ],
[-0.77272297 -0.63474343  0.        ],
[-0.49427006  0.86930841  0.        ],
[-0.60790814  0.79400736  0.        ],
[-0.97881264 -0.20475793  0.        ],
[-0.42322155  0.90602623  0.        ],
[-0.82579412  0.56397169  0.        ],
[-0.32047907  0.9472556   0.        ],
[-0.67254863 -0.74005293  0.        ],
[-0.4602463   0.88779127  0.        ],
[-0.94393877 -0.33012057  0.        ],
[-0.01597016  0.99987247  0.        ],
[-0.77888246 -0.62716992  0.        ],
[-0.73911586 -0.67357831  0.        ],
[-0.99167732 -0.12874821  0.        ],
[-0.82863218  0.55979345  0.        ],
[-0.84559566 -0.53382393  0.        ],
[-0.62431388 -0.78117359  0.        ],
[-0.69404338  0.71993319  0.        ],
[-0.84075894 -0.54140965  0.        ],
[-0.2560006   0.96667662  0.        ],
[-0.4906311   0.87136739  0.        ],
[-0.98499045 -0.17260883  0.        ],
[-0.93099161 -0.36504059  0.        ],
[-0.76008317 -0.6498258   0.        ],
[-0.85988602 -0.51048607  0.        ],
[-0.95552343  0.29491518  0.        ],
[-0.74864365 -0.66297261  0.        ],
[-0.43339124  0.90120588  0.        ],
[-0.9389929  -0.34393652  0.        ],
[-0.71841285 -0.69561698  0.        ],
[-0.1892691   0.98192526  0.        ],
[-0.97936946 -0.20207784  0.        ],
[-0.83711292 -0.54703013  0.        ],
[-0.33659541  0.94164937  0.        ],
[-0.70461991  0.70958494  0.        ],
[-0.82455695 -0.56577896  0.        ],
[-0.61381428  0.78945046  0.        ],
[-0.50282041  0.8643909   0.        ],
[-0.76035748 -0.64950481  0.        ],
[-0.13930831  0.99024906  0.        ],
[-0.86808862 -0.49640926  0.        ],
[-0.95944911  0.28188191  0.        ],
[-0.74003319  0.67257035  0.        ],
[-0.9994296 -0.0337709  0.       ],
[-0.54540921 -0.83816991  0.        ],
[-0.68394141  0.72953694  0.        ],
[-0.12809217  0.99176227  0.        ],
[-0.58440807 -0.81145993  0.        ],
[-0.77644524  0.63018472  0.        ],
[-0.8794438  -0.47600274  0.        ],
[-0.9227168   0.38547855  0.        ],
[-0.3321413   0.94322964  0.        ],
[-0.98417524 -0.17719788  0.        ],
[-0.92310376 -0.38455097  0.        ],
[-0.97363989 -0.22809071  0.        ],
[-0.53806428 -0.84290381  0.        ],
[-0.5393022  0.8421123  0.       ],
[-0.54892278 -0.83587307  0.        ],
[-0.83020635  0.5574562   0.        ],
[-0.76433521  0.64481911  0.        ],
[-0.25974212  0.96567802  0.        ],
[-0.98212179  0.18824663  0.        ],
[-0.01195125  0.99992858  0.        ],
[-0.99996412 -0.00847133  0.        ],
[-0.33729569  0.94139875  0.        ],
[-0.83391614  0.55189118  0.        ],
[-0.74176644 -0.67065829  0.        ],
[-0.97332068 -0.22944902  0.        ],
[-0.74477742 -0.66731296  0.        ],
[-0.61626792  0.78753657  0.        ],
[-0.392072    0.91993453  0.        ],
[-0.97385729 -0.22716067  0.        ],
[-0.64983281  0.76007718  0.        ],
[-0.8557293  -0.51742378  0.        ],
[-0.53119461  0.84724984  0.        ],
[-0.99627696 -0.08621029  0.        ],
[-0.62371575  0.78165124  0.        ],
[-0.76148309 -0.64818478  0.        ],
[-0.5854931   0.81067739  0.        ],
[-0.96804309 -0.25078393  0.        ],
[-0.8142496  -0.58051493  0.        ],
[-0.77408598 -0.63308049  0.        ],
[-0.43237633  0.90169324  0.        ],
[-0.74222311  0.67015286  0.        ],
[-0.57733278 -0.81650894  0.        ],
[-0.79616661  0.60507746  0.        ],
[-0.78077431 -0.62481316  0.        ],
[-0.70243052  0.71175232  0.        ],
[-0.88983897 -0.4562747   0.        ],
[-0.57184574 -0.82036117  0.        ],
[-0.99923418 -0.03912862  0.        ],
[-0.96021438  0.27926392  0.        ],
[-0.05340923  0.99857271  0.        ],
[-0.99900018  0.04470621  0.        ],
[-0.56498568 -0.82510071  0.        ],
[-0.99221527  0.12453456  0.        ],
[-0.55845048 -0.82953786  0.        ],
[-0.98771848 -0.15624405  0.        ],
[-0.55534473 -0.83162024  0.        ],
[-0.85182558 -0.52382552  0.        ],
[-0.68096694  0.73231416  0.        ],
[-0.53442921 -0.84521324  0.        ],
[-0.45268155  0.89167226  0.        ],
[-0.17829588  0.98397692  0.        ],
[-0.51595881  0.85661339  0.        ],
[-0.90010795  0.43566695  0.        ],
[-0.98607716 -0.16628838  0.        ],
[-0.97839817  0.20672932  0.        ],
[-0.59227381  0.80573677  0.        ],
[-0.99928541  0.03779777  0.        ],
[-0.61367629  0.78955773  0.        ],
[-0.25552396  0.96680272  0.        ],
[-0.47702525  0.87888959  0.        ],
[-0.7093323  -0.70487424  0.        ],
[-0.87480615  0.48447311  0.        ],
[-0.86513443 -0.50154005  0.        ],
[-0.99955226 -0.02992122  0.        ],
[-0.39289095  0.91958507  0.        ],
[-0.68478359  0.72874648  0.        ],
[-0.12632477  0.99198894  0.        ],
[-0.98992598 -0.14158586  0.        ],
[-0.86370553 -0.50399678  0.        ],
[-0.2195961   0.97559087  0.        ],
[-0.55267699 -0.83339555  0.        ],
[-0.56589958 -0.82447417  0.        ],
[-0.99965334 -0.02632866  0.        ],
[-0.90380351  0.42794767  0.        ],
[-0.55869426  0.82937369  0.        ],
[-0.99135814 -0.13118322  0.        ],
[-0.74049306 -0.67206401  0.        ],
[-0.99205415 -0.12581164  0.        ],
[-0.25008317  0.96822436  0.        ],
[-0.90557393 -0.42418847  0.        ],
[-0.92585448 -0.37788025  0.        ],
[-0.75724098  0.65313558  0.        ],
[-0.93614706 -0.35160871  0.        ],
[-0.30202788  0.95329909  0.        ],
[-0.43856986  0.8986971   0.        ],
[-0.5845659  -0.81134624  0.        ],
[-0.95762825  0.28800717  0.        ],
[-0.76280455 -0.64662912  0.        ],
[-0.99964742 -0.02655254  0.        ],
[-0.60554696 -0.79580957  0.        ],
[-0.53587359  0.84429822  0.        ],
[-0.97451837 -0.22430769  0.        ],
[-0.58717457  0.80946033  0.        ],
[-0.68370234 -0.729761    0.        ],
[-0.10889747  0.99405299  0.        ],
[-0.75947117  0.65054096  0.        ],
[-0.39699053  0.9178227   0.        ],
[-0.43947674  0.89825397  0.        ],
[-0.78028487  0.62542427  0.        ],
[-0.35150664  0.93618539  0.        ],
[-0.56780369 -0.823164    0.        ],
[-0.88369376  0.46806554  0.        ],
[-0.84178091  0.53981932  0.        ],
[-0.78033665  0.62535966  0.        ],
[-0.96198438  0.27310446  0.        ],
[-0.51627073  0.85642544  0.        ],
[-0.56520422 -0.82495103  0.        ],
[-0.97201591  0.23491501  0.        ],
[-0.55971838  0.82868289  0.        ],
[-0.90769131  0.41963851  0.        ],
[-0.84332862 -0.53739821  0.        ],
[-0.99532904  0.09654068  0.        ],
[-0.56200683 -0.82713259  0.        ],
[-0.73353732  0.67964918  0.        ],
[-0.83477455 -0.55059191  0.        ],
[-0.67435347 -0.73840869  0.        ],
[-0.99598228  0.08955052  0.        ],
[-0.56189516 -0.82720846  0.        ],
[-0.84008353  0.54245706  0.        ],
[-0.5107111   0.85975239  0.        ],
[-0.99926486  0.03833724  0.        ],
[-0.94769619 -0.31917382  0.        ],
[-0.99812368  0.06122999  0.        ],
[-0.10923712  0.99401572  0.        ],
[-0.84451102 -0.53553818  0.        ],
[-0.67633908  0.73659042  0.        ],
[-0.69992277 -0.71421853  0.        ],
[-0.52307501  0.85228665  0.        ],
[-0.99987018  0.01611257  0.        ],
[-0.9600526  -0.27981958  0.        ],
[-0.72470913 -0.68905492  0.        ],
[-0.96902879 -0.24694779  0.        ],
[-0.82553919 -0.56434479  0.        ],
[-0.08771324  0.99614577  0.        ],
[-0.83560457 -0.54933141  0.        ],
[-0.1548717   0.98793459  0.        ],
[-0.81793616  0.57530899  0.        ],
[-0.8353483   0.54972104  0.        ],
[-0.18340673  0.98303712  0.        ],
[-0.88265171 -0.47002762  0.        ],
[-0.89624098  0.44356747  0.        ],
[-0.99994648  0.01034595  0.        ],
[-0.99823603 -0.05937028  0.        ],
[-0.40524076  0.91421     0.        ],
[-0.96246432 -0.27140824  0.        ],
[-0.85128618  0.52470166  0.        ],
[-0.5472444  -0.83697286  0.        ],
[-0.62978393 -0.77677037  0.        ],
[-0.27790582  0.96060832  0.        ],
[-0.37840054  0.92564196  0.        ],
[-0.74461271  0.66749675  0.        ],
[-0.29482122  0.95555243  0.        ],
[-0.773031   -0.63436824  0.        ],
[-0.90840101  0.4181      0.        ],
[-0.72423719  0.68955094  0.        ],
[-0.68866142  0.72508306  0.        ],
[-0.99278403 -0.11991606  0.        ],
[-0.81871881 -0.57419466  0.        ],
[-0.911858    0.41050577  0.        ],
[-0.67254113  0.74005974  0.        ],
[-0.37674064  0.92631878  0.        ],
[-0.99202809 -0.12601695  0.        ],
[-0.67873199 -0.73438606  0.        ],
[-0.3805889   0.92474434  0.        ],
[-0.77807473 -0.62817172  0.        ],
[-0.99862142  0.05249047  0.        ],
[-0.79490134 -0.60673871  0.        ],
[-0.53098686  0.84738005  0.        ],
[-0.77234156 -0.63520746  0.        ],
[-0.55292601 -0.83323036  0.        ],
[-0.71708823  0.6969824   0.        ],
[-0.70009609 -0.71404864  0.        ],
[-0.45143244  0.8923053   0.        ],
[-0.5547446  -0.83202069  0.        ],
[-0.99798732 -0.06341377  0.        ],
[-0.91993166  0.39207874  0.        ],
[-0.83748712 -0.54645707  0.        ],
[-0.78504103 -0.61944377  0.        ],
[-0.29444431  0.95566864  0.        ],
[-0.42462988  0.90536704  0.        ],
[-0.94878132 -0.31593356  0.        ],
[-0.95335577  0.30184892  0.        ],
[-0.54562129 -0.83803186  0.        ],
[-0.7101387 -0.7040618  0.       ],
[-0.56515103 -0.82498746  0.        ],
[-0.68743625 -0.72624472  0.        ],
[-0.67469297 -0.7380985   0.        ],
[-0.99932313 -0.03678699  0.        ],
[-0.73918313 -0.67350449  0.        ],
[-0.78304877  0.62196031  0.        ],
[-0.91865834  0.39505297  0.        ],
[-0.09220459  0.99574008  0.        ],
[-0.96771862  0.25203309  0.        ],
[-0.85990696  0.5104508   0.        ],
[-0.05344551  0.99857077  0.        ],
[-0.76940903 -0.6387564   0.        ],
[-0.6742672   0.73848747  0.        ],
[-0.97638536 -0.21603619  0.        ],
[-0.99991517  0.01302482  0.        ],
[ -9.99999975e-01  -2.24058420e-04   0.00000000e+00],
[-0.31587471  0.94880091  0.        ],
[-0.13778663  0.99046193  0.        ],
[-0.99234448 -0.12350077  0.        ],
[-0.62709537 -0.77894249  0.        ],
[-0.70413779  0.71006336  0.        ],
[-0.46421827  0.88572083  0.        ],
[-0.73751209  0.67533393  0.        ],
[-0.5859565  -0.81034251  0.        ],
[-0.53760109 -0.84319931  0.        ],
[-0.53624626 -0.84406158  0.        ],
[-0.88643349 -0.46285599  0.        ],
[-0.08002446  0.9967929   0.        ],
[-0.31461924  0.94921796  0.        ],
[-0.87527483 -0.48362586  0.        ],
[-0.80960352  0.58697712  0.        ],
[-0.92331202  0.38405068  0.        ],
[-0.70520875 -0.70899974  0.        ],
[-0.84488647  0.53494566  0.        ],
[-0.83082701  0.55653075  0.        ],
[-0.31324323  0.94967293  0.        ],
[-0.99902828 -0.04407377  0.        ],
[-0.68839919  0.72533203  0.        ],
[-0.54514213  0.83834364  0.        ],
[-0.68948636 -0.72429867  0.        ],
[-0.95130488  0.30825155  0.        ],
[-0.94486412 -0.32746267  0.        ],
[-0.99408766  0.1085805   0.        ],
[-0.14656584  0.98920092  0.        ],
[-0.91660121 -0.39980274  0.        ],
[-0.79642222 -0.60474098  0.        ],
[-0.99750786 -0.07055543  0.        ],
[-0.82501026 -0.56511776  0.        ],
[-0.6961849   0.71786251  0.        ],
[-0.5901281  -0.80730962  0.        ],
[-0.99617542 -0.0873758   0.        ],
[-0.95655281 -0.29155913  0.        ],
[-0.82124471 -0.57057614  0.        ],
[-0.99980077  0.01996055  0.        ],
[-0.60331662 -0.79750176  0.        ],
[-0.98728126  0.15898336  0.        ],
[-0.9778751  -0.20918961  0.        ],
[-0.8166933  -0.57707196  0.        ],
[-0.59880781  0.80089276  0.        ],
[-0.92007557 -0.39174093  0.        ],
[-0.44374996  0.89615064  0.        ],
[-0.76441069 -0.64472963  0.        ],
[-0.82812432  0.56054448  0.        ],
[-0.99035765  0.13853422  0.        ],
[-0.82163454 -0.57001464  0.        ],
[-0.57358009 -0.81914948  0.        ],
[-0.97804223  0.20840681  0.        ],
[-0.76632915 -0.64244815  0.        ],
[-0.98443684 -0.17573876  0.        ],
[-0.80766438  0.58964248  0.        ],
[-0.55963233 -0.82874101  0.        ],
[-0.89139021 -0.4532367   0.        ],
[-0.84476821 -0.53513239  0.        ],
[-0.74485918 -0.66722171  0.        ],
[-0.5859555   0.81034323  0.        ],
[-0.9909177  -0.13446974  0.        ],
[ -9.99999980e-01   2.01955179e-04   0.00000000e+00],
[-0.65633963 -0.75446557  0.        ],
[-0.85913504 -0.51174894  0.        ],
[-0.54112137 -0.84094451  0.        ],
[-0.09538991  0.99543999  0.        ],
[-0.93083224  0.36544676  0.        ],
[-0.76775291 -0.64074603  0.        ],
[-0.68673776  0.72690525  0.        ],
[-0.81780195 -0.57549976  0.        ],
[-0.39222487  0.91986937  0.        ],
[-0.98462038  0.17470747  0.        ],
[-0.85010912 -0.52660657  0.        ],
[-0.98813001  0.15361996  0.        ],
[-0.630646   -0.77607063  0.        ],
[-0.98739346 -0.15828506  0.        ],
[-0.7848554  -0.61967895  0.        ],
[-0.68167918 -0.73165121  0.        ],
[-0.99692281 -0.0783895   0.        ],
[-0.47964281  0.87746383  0.        ],
[-0.54223921 -0.84022416  0.        ],
[-0.99868186  0.05132782  0.        ],
[-0.62394157  0.781471    0.        ],
[-0.83809161 -0.54552952  0.        ],
[-0.1028166   0.99470033  0.        ],
[-0.97021414  0.24224888  0.        ],
[-0.93343287  0.35875211  0.        ],
[-0.4088827   0.91258695  0.        ],
[-0.48725436  0.87326009  0.        ],
[-0.6206431 -0.7840932  0.       ],
[-0.56675039 -0.82388955  0.        ],
[-0.90614762 -0.42296157  0.        ],
[-0.96191346  0.27335417  0.        ],
[-0.82686359  0.56240253  0.        ],
[-0.90428434  0.42693071  0.        ],
[-0.99012487  0.14018825  0.        ],
[-0.53498714  0.8448602   0.        ],
[-0.3857108   0.92261974  0.        ],
[-0.70933102  0.70487553  0.        ],
[-0.98497009 -0.172725    0.        ],
[-0.37509535  0.92698623  0.        ],
[-0.19312541  0.98117408  0.        ],
[-0.95185418 -0.30655117  0.        ],
[-0.98540087  0.17025017  0.        ],
[-0.86034757 -0.50970781  0.        ],
[-0.99957146  0.02927295  0.        ],
[-0.86538347  0.50111021  0.        ],
[-0.64315139  0.76573905  0.        ],
[-0.99535851  0.0962364   0.        ],
[-0.63223517  0.77477654  0.        ],
[-0.54477837  0.83858006  0.        ],
[-0.99941019 -0.03434065  0.        ],
[-0.99930325 -0.03732323  0.        ],
[-0.82320164 -0.56774912  0.        ],
[-0.02646825  0.99964965  0.        ],
[-0.69844856  0.71566026  0.        ],
[-0.82042363 -0.57175613  0.        ],
[-0.2614141   0.96522675  0.        ],
[-0.85105796 -0.52507175  0.        ],
[-0.6006411   0.79951877  0.        ],
[-0.99076974 -0.13555562  0.        ],
[-0.59183631  0.80605818  0.        ],
[-0.9916236 -0.1291613  0.       ],
[-0.87845941  0.47781698  0.        ],
[-0.99762841 -0.06882996  0.        ],
[-0.16670774  0.98600635  0.        ],
[-0.18701115  0.98235779  0.        ],
[-0.85768609 -0.51417368  0.        ],
[-0.99534657 -0.09635977  0.        ],
[-0.85242932 -0.52284247  0.        ],
[-0.9962428 -0.0866042  0.       ],
[-0.69494065  0.7190671   0.        ],
[-0.96413866 -0.26539901  0.        ],
[-0.84845884 -0.52926137  0.        ],
[-0.77789104 -0.62839918  0.        ],
[-0.44742532  0.8943213   0.        ],
[-0.99898144 -0.04512305  0.        ],
[-0.81557515  0.57865117  0.        ],
[-0.83107987  0.55615307  0.        ],
[-0.51273042  0.85854966  0.        ],
[-0.99719329  0.07487011  0.        ],
[-0.59499841  0.80372688  0.        ],
[-0.15590752  0.98777166  0.        ],
[-0.69744329  0.71663997  0.        ],
[-0.41906885  0.90795446  0.        ],
[-0.6118834  -0.79094798  0.        ],
[-0.99969242 -0.02480059  0.        ],
[-0.88745138 -0.46090135  0.        ],
[-0.84669258 -0.5320824   0.        ],
[-0.53697086 -0.84360079  0.        ],
[-0.69872791 -0.71538752  0.        ],
[-0.94498486 -0.32711407  0.        ],
[-0.94654102 -0.32258348  0.        ],
[-0.02172845  0.99976391  0.        ],
[-0.99998325 -0.0057877   0.        ],
[-0.5369864 -0.8435909  0.       ],
[-0.70359402  0.71060218  0.        ],
[-0.81704633 -0.57657203  0.        ],
[-0.62325563 -0.78201817  0.        ],
[-0.8587767  -0.51235005  0.        ],
[-0.76563211  0.64327869  0.        ],
[-0.30965035  0.95085049  0.        ],
[-0.86068329 -0.50914072  0.        ],
[-0.9046669   0.42611946  0.        ],
[-0.88423752 -0.46703748  0.        ],
[-0.63215515 -0.77484184  0.        ],
[-0.86770914  0.49707227  0.        ],
[-0.95811861 -0.28637165  0.        ],
[-0.59062413 -0.8069468   0.        ],
[-0.95703583  0.28996968  0.        ],
[-0.86598417  0.5000714   0.        ],
[-0.64849206  0.76122142  0.        ],
[-0.82185499 -0.56969674  0.        ],
[-0.69847236 -0.71563704  0.        ],
[-0.68748477 -0.7261988   0.        ],
[-0.02106133  0.99977819  0.        ],
[-0.76456919 -0.64454166  0.        ],
[-0.83883308 -0.5443887   0.        ],
[-0.10407655  0.99456929  0.        ],
[-0.2313839   0.97286253  0.        ],
[-0.65760835 -0.75335998  0.        ],
[-0.80854915  0.58842865  0.        ],
[-0.26613431  0.96393596  0.        ],
[-0.50094528  0.86547896  0.        ],
[-0.56538636 -0.8248262   0.        ],
[-0.88349829  0.46843438  0.        ],
[-0.11899208  0.9928952   0.        ],
[-0.54605891 -0.83774678  0.        ],
[-0.89978158 -0.43634058  0.        ],
[-0.60622044  0.79529666  0.        ],
[-0.38651213  0.92228432  0.        ],
[-0.95016626  0.3117436   0.        ],
[-0.96831954  0.24971437  0.        ],
[-0.74498697 -0.66707902  0.        ],
[-0.39931617  0.91681328  0.        ],
[-0.5374827  -0.84327478  0.        ],
[-0.98074314  0.19530207  0.        ],
[-0.0581169   0.99830978  0.        ],
[-0.57828606 -0.81583407  0.        ],
[-0.16552136  0.98620621  0.        ],
[-0.6030572  -0.79769795  0.        ],
[-0.45451606  0.89073854  0.        ],
[-0.8313427  -0.55576013  0.        ],
[-0.98302493 -0.18347202  0.        ],
[-0.85560413 -0.51763073  0.        ],
[-0.12314215  0.99238904  0.        ],
[-0.62209477  0.78294195  0.        ],
[-0.66142103 -0.75001481  0.        ],
[-0.64277465 -0.76605532  0.        ],
[-0.29660869  0.9549991   0.        ],
[-0.70585796  0.7083534   0.        ],
[-0.73753924 -0.67530427  0.        ],
[-0.96585062  0.25909954  0.        ],
[-0.57819096 -0.81590148  0.        ],
[-0.83021213 -0.5574476   0.        ],
[-0.79425756  0.60758121  0.        ],
[-0.64732779 -0.76221174  0.        ],
[-0.08751068  0.99616358  0.        ],
[-0.56295761  0.82648577  0.        ],
[-0.62828625 -0.77798225  0.        ],
[-0.78998594  0.61312496  0.        ],
[-0.74352376 -0.66870952  0.        ],
[-0.76686412  0.64180948  0.        ],
[-0.51294592  0.85842092  0.        ],
[-0.69247152  0.72144521  0.        ],
[-0.80178112 -0.59761781  0.        ],
[-0.53892322 -0.84235489  0.        ],
[-0.9996446   0.02665841  0.        ],
[-0.64792664  0.76170274  0.        ],
[-0.56347074  0.82613602  0.        ],
[-0.96495117  0.26242948  0.        ],
[-0.86037175 -0.509667    0.        ],
[-0.82182666 -0.56973761  0.        ],
[-0.14247117  0.98979895  0.        ],
[-0.13333151  0.9910715   0.        ],
[-0.77402511 -0.6331549   0.        ],
[-0.85353555  0.5210346   0.        ],
[-0.59009502 -0.8073338   0.        ],
[-0.14737867  0.98908014  0.        ],
[-0.55715118  0.83041108  0.        ],
[-0.66281154  0.74878626  0.        ],
[-0.9999995   0.00100042  0.        ],
[-0.91287768 -0.4082332   0.        ],
[-0.8590087  -0.51196099  0.        ],
[-0.54576895 -0.83793571  0.        ],
[-0.27375311  0.9618      0.        ],
[-0.6835532  0.7299007  0.       ],
[-0.54234466 -0.8401561   0.        ],
[-0.84027046  0.54216746  0.        ],
[-0.66125745  0.75015904  0.        ],
[-0.22695123  0.97390612  0.        ],
[-0.86601854 -0.50001188  0.        ],
[-0.50297156  0.86430296  0.        ],
[-0.75731436  0.65305051  0.        ],
[-0.59607663 -0.80292755  0.        ],
[-0.40226103  0.91552502  0.        ],
[-0.83642894 -0.54807539  0.        ],
[-0.81211334 -0.58349973  0.        ],
[-0.9826978  -0.18521619  0.        ],
[-0.82089836 -0.57107432  0.        ],
[-0.03605478  0.99934981  0.        ],
[-0.0700689   0.99754215  0.        ],
[-0.81733126 -0.57616803  0.        ],
[-0.48152029  0.87643495  0.        ],
[-0.06640779  0.99779257  0.        ],
[-0.55546411  0.83154051  0.        ],
[-0.55761317 -0.83010093  0.        ],
[-0.86449952 -0.50263365  0.        ],
[-0.81101857 -0.58502041  0.        ],
[-0.64270432 -0.76611432  0.        ],
[-0.59178481  0.80609598  0.        ],
[-0.92934532  0.36921169  0.        ],
[-0.5836654   0.81199427  0.        ],
[-0.6675041   0.74460612  0.        ],
[-0.68219268 -0.73117245  0.        ],
[-0.99787577  0.06514554  0.        ],
[-0.5887252   0.80833325  0.        ],
[-0.48796917  0.87286086  0.        ],
[-0.86973633  0.49351668  0.        ],
[-0.99881216 -0.04872637  0.        ],
[-0.7209665  -0.69296991  0.        ],
[-0.90446578  0.4265462   0.        ],
[-0.718931   -0.69508145  0.        ],
[-0.99835731  0.05729462  0.        ],
[-0.99998677  0.00514402  0.        ],
[-0.87851643  0.47771214  0.        ],
[-0.92591799  0.3777246   0.        ],
[-0.86471483  0.50226314  0.        ],
[-0.54883529 -0.83593052  0.        ],
[-0.95363654  0.30096071  0.        ],
[-0.58366234  0.81199647  0.        ],
[-0.96890897 -0.2474175   0.        ],
[-0.80741124 -0.58998906  0.        ],
[-0.41563209  0.90953283  0.        ],
[-0.64482716 -0.76432842  0.        ],
[-0.85653201  0.5160939   0.        ],
[-0.99550811 -0.09467629  0.        ],
[-0.99303129  0.11785097  0.        ],
[-0.98868968 -0.1499757   0.        ],
[-0.72223373  0.69164907  0.        ],
[-0.56689172 -0.82379231  0.        ],
[-0.72480976 -0.68894907  0.        ],
[-0.99991638 -0.01293176  0.        ],
[-0.72667378 -0.6869827   0.        ],
[-0.99169317 -0.12862603  0.        ],
[-0.1762351  0.9843481  0.       ],
[-0.91116976  0.41203114  0.        ],
[-0.93199464  0.36247205  0.        ],
[-0.18145891  0.98339853  0.        ],
[-0.91309165  0.40775439  0.        ],
[-0.55678935 -0.83065373  0.        ],
[-0.99093045  0.13437576  0.        ],
[-0.8887945  -0.45830595  0.        ],
[-0.18068841  0.98354039  0.        ],
[-0.8403222  -0.54208727  0.        ],
[-0.86447759 -0.50267137  0.        ],
[-0.65284415  0.75749226  0.        ],
[-0.11866464  0.99293439  0.        ],
[-0.54495908  0.83846264  0.        ],
[-0.55102351 -0.83448972  0.        ],
[-0.94557398 -0.32540719  0.        ],
[-0.83159158 -0.55538765  0.        ],
[-0.77715184  0.62931313  0.        ],
[-0.58029794 -0.81440426  0.        ],
[-0.14827693  0.98894588  0.        ],
[-0.09796315  0.99519004  0.        ],
[-0.06802229  0.9976838   0.        ],
[-0.76226173 -0.64726893  0.        ],
[-0.69403807  0.7199383   0.        ],
[-0.91964393 -0.39275316  0.        ],
[-0.19370253  0.98106031  0.        ],
[-0.9919088  -0.12695245  0.        ],
[-0.83162909 -0.55533149  0.        ],
[-0.99993914  0.01103227  0.        ],
[-0.69313169 -0.72081098  0.        ],
[-0.74449995  0.66762252  0.        ],
[-0.61195436 -0.79089308  0.        ],
[-0.99312351 -0.1170713   0.        ],
[-0.12505452  0.99214987  0.        ],
[-0.24913251  0.96846941  0.        ],
[-0.94339874 -0.33166069  0.        ],
[-0.82853952 -0.5599306   0.        ],
[-0.67860295  0.7345053   0.        ],
[-0.90878162  0.41727205  0.        ],
[-0.93130096  0.36425062  0.        ],
[-0.74853264 -0.66309794  0.        ],
[-0.63758948 -0.77037631  0.        ],
[-0.74161981  0.67082043  0.        ],
[-0.322067    0.94671688  0.        ],
[-0.57230814  0.82003866  0.        ],
[-0.26462436  0.96435157  0.        ],
[-0.86323481 -0.5048026   0.        ],
[-0.99247275  0.12246564  0.        ],
[-0.6894028  0.7243782  0.       ],
[-0.60215449 -0.79837959  0.        ],
[-0.75652374 -0.65396623  0.        ],
[-0.57791893 -0.81609418  0.        ],
[-0.62380939  0.78157651  0.        ],
[-0.27982149  0.96005205  0.        ],
[-0.63801534  0.77002365  0.        ],
[-0.81166981 -0.58411653  0.        ],
[-0.48229577  0.87600844  0.        ],
[-0.79118555 -0.61157618  0.        ],
[-0.5945066   0.80409073  0.        ],
[-0.94274296  0.33352019  0.        ],
[-0.82364918 -0.56709967  0.        ],
[-0.95423308 -0.29906394  0.        ],
[-0.9831242  -0.18293934  0.        ],
[-0.62507822 -0.78056211  0.        ],
[-0.84438451 -0.53573761  0.        ],
[-0.84449942  0.53555647  0.        ],
[-0.64620062 -0.76316759  0.        ],
[-0.09072491  0.99587599  0.        ],
[-0.56919982 -0.82219923  0.        ],
[-0.11436823  0.99343843  0.        ],
[-0.59942049  0.8004343   0.        ],
[-0.9992365   0.03906951  0.        ],
[-0.80760159  0.58972847  0.        ],
[-0.40167377  0.91578282  0.        ],
[-0.80501081 -0.59326014  0.        ],
[-0.96010125  0.27965262  0.        ],
[-0.69304645 -0.72089293  0.        ],
[-0.57043951 -0.82133962  0.        ],
[-0.80327411  0.59560953  0.        ],
[-0.7653499   0.64361442  0.        ],
[-0.95484629  0.29710027  0.        ],
[-0.79862079 -0.60183456  0.        ],
[-0.49347371  0.86976071  0.        ],
[-0.78623605  0.61792627  0.        ],
[-0.97278573  0.23170653  0.        ],
[-0.56726485 -0.82353542  0.        ],
[-0.56171841 -0.82732849  0.        ],
[-0.86827653  0.49608051  0.        ],
[-0.82260779 -0.56860919  0.        ],
[-0.03496398  0.99938857  0.        ],
[-0.58138674 -0.81362735  0.        ],
[-0.96404185  0.26575048  0.        ],
[-0.04895356  0.99880106  0.        ],
[-0.994542   -0.10433697  0.        ],
[-0.0252141   0.99968207  0.        ],
[-0.9868278   0.16177419  0.        ],
[-0.9877466  -0.15606616  0.        ],
[-0.6050845   0.79616126  0.        ],
[-0.84521138 -0.53443214  0.        ],
[-0.18702867  0.98235446  0.        ],
[-0.58000986 -0.81460945  0.        ],
[-0.64088584  0.7676362   0.        ],
[-0.33484652  0.94227268  0.        ],
[-0.96922131  0.24619108  0.        ],
[-0.76292577  0.64648609  0.        ],
