[ 0.883902   -0.46767216  0.        ],
[ 0.39254866  0.91973124  0.        ],
[ 0.99766678  0.0682715   0.        ],
[ 0.94629027 -0.32331831  0.        ],
[ 0.39240114  0.91979419  0.        ],
[ 0.2133729   0.97697083  0.        ],
[ 0.92128191 -0.38889541  0.        ],
[ 0.98057013 -0.19616885  0.        ],
[ 0.78193403  0.62336119  0.        ],
[ 0.35766013  0.93385183  0.        ],
[ 0.42313605  0.90606616  0.        ],
[ 0.84457442 -0.53543818  0.        ],
[ 0.38804271  0.92164139  0.        ],
[ 0.5921294  0.8058429  0.       ],
[ 0.33211938  0.94323736  0.        ],
[ 0.65765226  0.75332165  0.        ],
[ 0.22048336  0.97539074  0.        ],
[ 0.93660574  0.35038506  0.        ],
[ 0.34931621  0.9370049   0.        ],
[ 0.96692758  0.25505108  0.        ],
[ 0.59143965  0.80634927  0.        ],
[ 0.35807225  0.93369388  0.        ],
[ 0.8299256  -0.55787409  0.        ],
[ 0.95047964  0.31078684  0.        ],
[ 0.55187036  0.83392992  0.        ],
[ 0.41291426  0.9107699   0.        ],
[ 0.78960369 -0.61361716  0.        ],
[ 0.89224267  0.45155623  0.        ],
[ 0.89835535  0.43926948  0.        ],
[ 0.79195444 -0.61058019  0.        ],
[ 0.48058649  0.87694733  0.        ],
[ 0.54828478  0.83629169  0.        ],
[ 0.99368765 -0.11218223  0.        ],
[ 0.4383579   0.89880051  0.        ],
[ 0.9996762 -0.0254461  0.       ],
[ 0.99745353 -0.07131933  0.        ],
[ 0.55391571  0.83257275  0.        ],
[ 0.64241128  0.76636006  0.        ],
[ 0.69661028  0.71744973  0.        ],
[ 0.44659777  0.89473484  0.        ],
[ 0.79131682  0.61140633  0.        ],
[ 0.80898378  0.58783097  0.        ],
[ 0.49479353  0.86901057  0.        ],
[ 0.83173137  0.55517828  0.        ],
[ 0.9999933   0.00366078  0.        ],
[ 0.68824964  0.72547393  0.        ],
[ 0.154625    0.98797323  0.        ],
[ 0.88548855  0.46466121  0.        ],
[ 0.98084324  0.19479872  0.        ],
[ 0.55959109  0.82876886  0.        ],
[ 0.39158916  0.92014017  0.        ],
[ 0.99948374  0.03212869  0.        ],
[ 0.33971069  0.94052998  0.        ],
[ 0.60870629  0.79339565  0.        ],
[ 0.98638672  0.16444223  0.        ],
[ 0.16287712  0.98664636  0.        ],
[ 0.53746572  0.8432856   0.        ],
[ 0.83318744  0.55299067  0.        ],
[ 0.24238808  0.97017937  0.        ],
[ 0.94160154  0.33672917  0.        ],
[ 0.36894987  0.9294493   0.        ],
[ 0.69620386  0.71784412  0.        ],
[ 0.42294911  0.90615344  0.        ],
[ 0.78360586  0.62125828  0.        ],
[ 0.74051837  0.67203612  0.        ],
[ 0.98662647 -0.1629976   0.        ],
[ 0.73009942  0.68334093  0.        ],
[ 0.59733498  0.80199185  0.        ],
[ 0.41380294  0.91036648  0.        ],
[ 0.90752076  0.42000722  0.        ],
[ 0.33224155  0.94319433  0.        ],
[ 0.54222938  0.8402305   0.        ],
[ 0.88205652  0.47114361  0.        ],
[ 0.84983752 -0.52704478  0.        ],
[ 0.61199425  0.79086221  0.        ],
[ 0.28687781  0.95796718  0.        ],
[ 0.99798255  0.0634888   0.        ],
[ 0.4000261   0.91650375  0.        ],
[ 0.18940894  0.98189829  0.        ],
[ 0.83510498 -0.55009061  0.        ],
[ 0.50116048  0.86535436  0.        ],
[ 0.98888312 -0.14869494  0.        ],
[ 0.94900157  0.31527136  0.        ],
[ 0.54116512  0.84091635  0.        ],
[ 0.32358451  0.94619927  0.        ],
[ 0.87225778 -0.48904638  0.        ],
[ 0.19583376  0.98063711  0.        ],
[ 0.99901346 -0.04440843  0.        ],
[ 0.99399372  0.10943716  0.        ],
[ 0.21318082  0.97701276  0.        ],
[ 0.89434761 -0.44737272  0.        ],
[ 0.70101005  0.71315139  0.        ],
[ 0.53157851  0.84700903  0.        ],
[ 0.31095509  0.95042461  0.        ],
[ 0.25397729  0.96721018  0.        ],
[ 0.93130531 -0.36423952  0.        ],
[ 0.85711536 -0.51512451  0.        ],
[ 0.99902192  0.04421765  0.        ],
[ 0.40702465  0.91341718  0.        ],
[ 0.41141637  0.91144751  0.        ],
