[ 0.48836415  0.87263994  0.        ],
[ 0.37872485  0.92550931  0.        ],
[ 0.79114359 -0.61163046  0.        ],
[ 0.57291483  0.81961491  0.        ],
[ 0.99249724 -0.12226705  0.        ],
[ 0.99866162 -0.05172019  0.        ],
[ 0.82087613 -0.57110628  0.        ],
[ 0.59261332  0.80548709  0.        ],
[ 0.37040362  0.9288709   0.        ],
[ 0.41405389  0.91025237  0.        ],
[ 0.23704778  0.97149799  0.        ],
[ 0.84240556  0.53884402  0.        ],
[ 0.53464022  0.84507978  0.        ],
[ 0.77510913  0.63182738  0.        ],
[ 0.42220132  0.90650209  0.        ],
[ 0.71112547  0.70306513  0.        ],
[ 0.35508433  0.93483427  0.        ],
[ 0.5316725   0.84695003  0.        ],
[ 0.77647474 -0.63014838  0.        ],
[ 0.86502565  0.50172763  0.        ],
[ 0.23145946  0.97284455  0.        ],
[ 0.52845345  0.84896228  0.        ],
[ 0.93678794  0.34989763  0.        ],
[ 0.99957607 -0.02911485  0.        ],
[ 0.43566408  0.90010933  0.        ],
[ 0.33111829  0.94358925  0.        ],
[ 0.36904887  0.92940999  0.        ],
[ 0.48719979  0.87329054  0.        ],
[ 0.65737468  0.75356389  0.        ],
[ 0.94979196 -0.31288215  0.        ],
[ 0.96296755 -0.26961731  0.        ],
[ 0.77372661  0.63351964  0.        ],
[ 0.96732294  0.25354749  0.        ],
[ 0.36648693  0.9304232   0.        ],
[ 0.4745639   0.88022106  0.        ],
[ 0.78923101 -0.61409642  0.        ],
[ 0.60965989  0.79266312  0.        ],
[ 0.96590375  0.25890142  0.        ],
[ 0.64253176  0.76625906  0.        ],
[ 0.93732547 -0.3484551   0.        ],
[ 0.44820244  0.89393208  0.        ],
[ 0.42677762  0.9043566   0.        ],
[ 0.80559972 -0.5924602   0.        ],
[ 0.73992991  0.67268397  0.        ],
[ 0.39271959  0.91965826  0.        ],
[ 0.19733556  0.980336    0.        ],
[ 0.28955644  0.95716094  0.        ],
[ 0.96627934  0.2574961   0.        ],
[ 0.34746739  0.93769207  0.        ],
[ 0.97997031 -0.19914365  0.        ],
[ 0.15818706  0.98740916  0.        ],
[ 0.38366118  0.92347393  0.        ],
[ 0.99948869  0.03197439  0.        ],
[ 0.34600449  0.93823286  0.        ],
[ 0.38123488  0.92447821  0.        ],
[ 0.80681117 -0.5908094   0.        ],
[ 0.74470704  0.66739151  0.        ],
[ 0.92710708 -0.37479656  0.        ],
[ 0.81978531  0.57267097  0.        ],
[ 0.93039781 -0.36655138  0.        ],
[ 0.85356413 -0.52098779  0.        ],
[ 0.66306541  0.74856146  0.        ],
[ 0.34263876  0.93946723  0.        ],
[ 0.28211542  0.95938047  0.        ],
[ 0.17779972  0.98406669  0.        ],
[ 0.9867091   0.16249661  0.        ],
[ 0.55684452  0.83061674  0.        ],
[ 0.51239193  0.85875172  0.        ],
[ 0.98509951 -0.17198535  0.        ],
[ 0.88248526  0.47034006  0.        ],
[ 0.23420881  0.97218632  0.        ],
[ 0.77434126 -0.63276821  0.        ],
[ 0.85686523  0.51554047  0.        ],
[ 0.58835394  0.80860352  0.        ],
[ 0.94645295 -0.32284177  0.        ],
[ 0.67514256  0.73768728  0.        ],
[ 0.75725267  0.65312204  0.        ],
[ 0.88632792  0.46305812  0.        ],
[ 0.77156827  0.63614653  0.        ],
[ 0.30585049  0.95207955  0.        ],
[ 0.71038696  0.70381131  0.        ],
[ 0.9516867   0.30707071  0.        ],
[ 0.33256136  0.94308162  0.        ],
[ 0.69986125  0.71427882  0.        ],
[ 0.99998148 -0.00608665  0.        ],
[ 0.31405218  0.94940572  0.        ],
[ 0.89820647 -0.43957381  0.        ],
[ 0.98866716  0.15012408  0.        ],
[ 0.6457248   0.76357022  0.        ],
[ 0.70723136  0.70698218  0.        ],
[ 0.99075981 -0.13562815  0.        ],
[ 0.37064176  0.92877591  0.        ],
[ 0.56780309  0.82316441  0.        ],
[ 0.65843007  0.75264191  0.        ],
[ 0.98730568 -0.15883165  0.        ],
[ 0.87161652  0.49018838  0.        ],
[ 0.45973126  0.88805809  0.        ],
[ 0.48782292  0.87294261  0.        ],
[ 0.29970272  0.95403264  0.        ],
[ 0.23272602  0.97254234  0.        ],
[ 0.34248698  0.93952257  0.        ],
[ 0.3112869   0.95031598  0.        ],
[ 0.61824261  0.78598733  0.        ],
[ 0.27829705  0.96049506  0.        ],
[ 0.85521778 -0.5182688   0.        ],
[ 0.98440901 -0.17589457  0.        ],
[ 0.35985072  0.93300989  0.        ],
[ 0.98325519  0.18223402  0.        ],
[ 0.46838164  0.88352625  0.        ],
[ 0.94232959  0.33468634  0.        ],
[ 0.35791994  0.93375228  0.        ],
[ 0.78911155  0.61424992  0.        ],
[ 0.98672715  0.162387    0.        ],
[ 0.50153321  0.86513839  0.        ],
[ 0.99734103  0.07287567  0.        ],
[ 0.94525219 -0.32634077  0.        ],
[ 0.99868503 -0.05126604  0.        ],
[ 0.33321825  0.94284972  0.        ],
[ 0.95593416  0.29358115  0.        ],
[ 0.70755859  0.70665468  0.        ],
[ 0.45672028  0.88961036  0.        ],
[ 0.88248627  0.47033816  0.        ],
[ 0.40053965  0.91627943  0.        ],
[ 0.92998976 -0.36758544  0.        ],
[ 0.27466412  0.96154023  0.        ],
[ 0.47846442  0.87810694  0.        ],
[ 0.21584048  0.97642864  0.        ],
[ 0.9424125 -0.3344528  0.       ],
[ 0.37583413  0.92668695  0.        ],
[ 0.4977666   0.86731103  0.        ],
[ 0.67172677  0.74079899  0.        ],
[ 0.98081384 -0.19494668  0.        ],
[ 0.87650064  0.48140069  0.        ],
[ 0.34592756  0.93826122  0.        ],
[ 0.56486787  0.82518137  0.        ],
[ 0.99972479  0.02345955  0.        ],
[ 0.38191491  0.92419749  0.        ],
[ 0.50065708  0.86564571  0.        ],
[ 0.8475831   0.53066269  0.        ],
[ 0.15616998  0.9877302   0.        ],
[ 0.40753128  0.91319125  0.        ],
[ 0.97929734 -0.20242708  0.        ],
[ 0.32967154  0.94409569  0.        ],
[ 0.57954172  0.81494257  0.        ],
[ 0.33708333  0.94147482  0.        ],
[ 0.8212103   0.57062566  0.        ],
[ 0.83685666 -0.54742208  0.        ],
[ 0.48453608  0.87477128  0.        ],
[ 0.86762472 -0.49721961  0.        ],
[ 0.94141007  0.33726412  0.        ],
[ 0.99048535  0.13761824  0.        ],
[ 0.55146466  0.83419826  0.        ],
[ 0.93676338  0.34996339  0.        ],
[ 0.38107796  0.92454291  0.        ],
[ 0.36393699  0.93142357  0.        ],
[ 0.9860269   0.16658618  0.        ],
[ 0.63728373  0.77062925  0.        ],
[ 0.86233014 -0.50634645  0.        ],
[ 0.71132627  0.70286196  0.        ],
[ 0.98386123  0.17893319  0.        ],
[ 0.58821158  0.80870708  0.        ],
[ 0.81388092  0.58103171  0.        ],
[ 0.98263235  0.18556312  0.        ],
[ 0.60294934  0.79777948  0.        ],
[ 0.41267881  0.91087661  0.        ],
[ 0.99524366  0.09741692  0.        ],
[ 0.7701466   0.63786692  0.        ],
[ 0.20450342  0.97886585  0.        ],
[ 0.54308455  0.83967801  0.        ],
[ 0.86645     0.49926386  0.        ],
[ 0.79976816  0.600309    0.        ],
[ 0.22781117  0.97370533  0.        ],
[ 0.51233285  0.85878696  0.        ],
[ 0.29478926  0.95556229  0.        ],
[ 0.59650027  0.80261288  0.        ],
[ 0.50262744  0.86450313  0.        ],
[ 0.90956489  0.41556192  0.        ],
[ 0.97759533 -0.21049318  0.        ],
[ 0.37602615  0.92660905  0.        ],
[ 0.63056282  0.77613822  0.        ],
[ 0.99256506  0.12171521  0.        ],
[ 0.98278966  0.18472816  0.        ],
[ 0.24643278  0.96915989  0.        ],
[ 0.37251443  0.9280264   0.        ],
[ 0.53132962  0.84716517  0.        ],
[ 0.40058551  0.91625938  0.        ],
[ 0.50641865  0.86228774  0.        ],
[ 0.23355304  0.97234406  0.        ],
[ 0.99510833  0.09878975  0.        ],
[ 0.67055207  0.74186247  0.        ],
[ 0.33262061  0.94306072  0.        ],
[ 0.6920729   0.72182761  0.        ],
[ 0.37398047  0.92743658  0.        ],
[ 0.85023113 -0.52640957  0.        ],
[ 0.19531281  0.980741    0.        ],
[ 0.85476169  0.51902067  0.        ],
[ 0.35548451  0.93468217  0.        ],
[ 0.21888435  0.97575081  0.        ],
[ 0.93540864  0.35356848  0.        ],
[ 0.7236162   0.69020258  0.        ],
[ 0.25714492  0.96637285  0.        ],
[ 0.85723849  0.51491958  0.        ],
[ 0.69375121  0.72021473  0.        ],
[ 0.73063617  0.68276701  0.        ],
[ 0.92621214  0.37700275  0.        ],
[ 0.4012205  0.9159815  0.       ],
[ 0.57522432  0.81799571  0.        ],
[ 0.88338872 -0.46864097  0.        ],
[ 0.7263969   0.68727545  0.        ],
[ 0.45536414  0.89030529  0.        ],
[ 0.16218599  0.98676021  0.        ],
[ 0.99984977 -0.01733322  0.        ],
[ 0.86797336  0.49661076  0.        ],
[ 0.83501938 -0.55022054  0.        ],
[ 0.38355528  0.92351792  0.        ],
[ 0.83661707 -0.54778816  0.        ],
[ 0.26440619  0.96441141  0.        ],
[ 0.5687345   0.82252117  0.        ],
[ 0.9008628   0.43410391  0.        ],
[ 0.50317794  0.86418283  0.        ],
[ 0.96486095 -0.26276101  0.        ],
[ 0.98783845 -0.15548375  0.        ],
[ 0.39847775  0.917178    0.        ],
[ 0.38499317  0.92291942  0.        ],
[ 0.96604584  0.25837074  0.        ],
[ 0.57145891  0.82063068  0.        ],
[ 0.97996704 -0.19915973  0.        ],
[ 0.55169042  0.83404897  0.        ],
[ 0.6908591   0.72298942  0.        ],
[ 0.42174091  0.90671639  0.        ],
[ 0.99468942  0.10292205  0.        ],
[ 0.84637487 -0.53258762  0.        ],
[ 0.35031246  0.9366329   0.        ],
[ 0.68732796  0.72634722  0.        ],
[ 0.46093703  0.88743284  0.        ],
[ 0.5421934   0.84025372  0.        ],
[ 0.80180052 -0.59759177  0.        ],
[ 0.85970918 -0.51078384  0.        ],
[ 0.93116515  0.36459768  0.        ],
[ 0.50690449  0.86200223  0.        ],
[ 0.38970047  0.92094166  0.        ],
[ 0.88319761  0.46900104  0.        ],
[ 0.45281945  0.89160224  0.        ],
[ 0.32639297  0.94523417  0.        ],
[ 0.97078055 -0.23996901  0.        ],
[ 0.74110027  0.67139437  0.        ],
[ 0.9326509  -0.36078013  0.        ],
[ 0.50234794  0.86466557  0.        ],
[ 0.99875256  0.04993316  0.        ],
[ 0.79912325 -0.60116722  0.        ],
[ 0.37238281  0.92807922  0.        ],
[ 0.93898572 -0.34395613  0.        ],
[ 0.31595788  0.94877322  0.        ],
[ 0.9960962  -0.08827435  0.        ],
[ 0.95748637  0.2884785   0.        ],
[ 0.55541302  0.83157464  0.        ],
[ 0.35658741  0.93426196  0.        ],
[ 0.99532786  0.09655287  0.        ],
[ 0.77883628 -0.62722727  0.        ],
[ 0.88759479  0.46062511  0.        ],
[ 0.96203314  0.27293268  0.        ],
[ 0.42533575  0.90503563  0.        ],
[ 0.98673797 -0.1623212   0.        ],
[ 0.1881895   0.98213274  0.        ],
[ 0.24639347  0.96916988  0.        ],
[ 0.99602005 -0.0891295   0.        ],
[ 0.46564001  0.88497422  0.        ],
[ 0.47291212  0.8811096   0.        ],
[ 0.81042517  0.58584217  0.        ],
[ 0.99957858  0.02902859  0.        ],
[ 0.93062452 -0.3659754   0.        ],
[ 0.90069493  0.43445211  0.        ],
[ 0.91170652  0.41084209  0.        ],
[ 0.20976918  0.97775094  0.        ],
[ 0.65387798  0.75660002  0.        ],
[ 0.69580141  0.71823422  0.        ],
[ 0.78990724  0.61322635  0.        ],
[ 0.47993851  0.87730213  0.        ],
[ 0.7308761   0.68251017  0.        ],
[ 0.83793261 -0.54577372  0.        ],
[ 0.22331849  0.97474553  0.        ],
[ 0.43773808  0.89910254  0.        ],
[ 0.92547206 -0.37881589  0.        ],
[ 0.99832071 -0.05792887  0.        ],
[ 0.90166503  0.43243517  0.        ],
[ 0.22749148  0.97378007  0.        ],
[ 0.70519252  0.70901588  0.        ],
[ 0.98968942 -0.14323005  0.        ],
[ 0.96001355  0.27995355  0.        ],
[ 0.99999841 -0.00178597  0.        ],
[ 0.32780734  0.9447446   0.        ],
[ 0.74763706  0.66410755  0.        ],
[ 0.96656431 -0.25642434  0.        ],
[ 0.98951325 -0.14444213  0.        ],
[ 0.94497546 -0.32714122  0.        ],
[ 0.96891592 -0.24739025  0.        ],
[ 0.24378753  0.96982867  0.        ],
[ 0.34347219  0.93916285  0.        ],
[ 0.992474   0.1224555  0.       ],
[ 0.2461694   0.96922682  0.        ],
[ 0.52580948  0.85060237  0.        ],
[ 0.16896615  0.98562185  0.        ],
[ 0.92237524 -0.38629511  0.        ],
[ 0.98952984  0.14432846  0.        ],
[ 0.91985876 -0.39224975  0.        ],
[ 0.92131186  0.38882446  0.        ],
[ 0.9712707  -0.23797736  0.        ],
[ 0.95318025  0.30240273  0.        ],
[ 0.32665094  0.94514505  0.        ],
[ 0.61245093  0.7905086   0.        ],
[ 0.26546442  0.96412066  0.        ],
[ 0.98251193 -0.18619964  0.        ],
[ 0.55179176  0.83398193  0.        ],
[ 0.99325126 -0.11598247  0.        ],
[ 0.38401545  0.92332667  0.        ],
[ 0.87699414 -0.48050108  0.        ],
[ 0.64902509  0.76076701  0.        ],
[ 0.46924228  0.88306947  0.        ],
[ 0.19726694  0.98034981  0.        ],
[ 0.96149638  0.27481759  0.        ],
[ 0.48679017  0.87351894  0.        ],
[ 0.77641059  0.63022742  0.        ],
[ 0.22881732  0.97346938  0.        ],
[ 0.17111346  0.98525133  0.        ],
[ 0.86259315 -0.50589827  0.        ],
[ 0.33004172  0.94396635  0.        ],
[ 0.80322098  0.59568117  0.        ],
[ 0.77034734 -0.63762448  0.        ],
[ 0.20257067  0.97926765  0.        ],
[ 0.33721898  0.94142624  0.        ],
[ 0.99134794  0.13126031  0.        ],
[ 0.70001275  0.71413035  0.        ],
[ 0.99137303 -0.13107067  0.        ],
[ 0.95404129  0.2996752   0.        ],
[ 0.80125531 -0.59832259  0.        ],
[ 0.7882584  -0.61534437  0.        ],
[ 0.39161905  0.92012745  0.        ],
[ 0.54762443  0.83672426  0.        ],
[ 0.95704986  0.28992337  0.        ],
[ 0.36375257  0.93149561  0.        ],
[ 0.99360668  0.11289713  0.        ],
[ 0.53717944  0.84346799  0.        ],
[ 0.28265236  0.95922242  0.        ],
[ 0.58071026  0.81411031  0.        ],
[ 0.91027829 -0.4139969   0.        ],
[ 0.81827382 -0.57482864  0.        ],
[ 0.3339126   0.94260404  0.        ],
[ 0.991846    0.12744218  0.        ],
[ 0.18348042  0.98302337  0.        ],
[ 0.38677685  0.92217334  0.        ],
[ 0.35140792  0.93622245  0.        ],
[ 0.90872458  0.41739625  0.        ],
[ 0.48904078  0.87226092  0.        ],
[ 0.36571223  0.93072798  0.        ],
[ 0.7766108   0.62998069  0.        ],
[ 0.4777927   0.87847262  0.        ],
[ 0.1583082   0.98738975  0.        ],
[ 0.36112195  0.9325186   0.        ],
[ 0.1821867   0.98326396  0.        ],
[ 0.66908543  0.7431855   0.        ],
[ 0.45500004  0.89049142  0.        ],
[ 0.31825663  0.9480046   0.        ],
[ 0.93370882  0.3580333   0.        ],
[ 0.76669762  0.64200838  0.        ],
[ 0.59181346  0.80607495  0.        ],
[ 0.77287053  0.63456374  0.        ],
[ 0.87635861  0.4816592   0.        ],
[ 0.26956263  0.96298286  0.        ],
[ 0.7092111   0.70499618  0.        ],
[ 0.15619864  0.98772566  0.        ],
[ 0.39156636  0.92014987  0.        ],
[ 0.74561929  0.66637217  0.        ],
[ 0.15765771  0.98749382  0.        ],
[ 0.16310916  0.98660803  0.        ],
[ 0.99968029 -0.02528485  0.        ],
[ 0.41595504  0.90938518  0.        ],
[ 0.39239114  0.91979845  0.        ],
[ 0.4029773   0.91520998  0.        ],
[ 0.19345282  0.98110958  0.        ],
[ 0.73930629  0.6733693   0.        ],
[ 0.6177383   0.78638375  0.        ],
[ 0.31040612  0.95060404  0.        ],
[ 0.59925074  0.80056139  0.        ],
[ 0.82844297  0.56007343  0.        ],
[ 0.5765484  0.817063   0.       ],
[ 0.87380259 -0.48628081  0.        ],
[ 0.52296246  0.85235572  0.        ],
[ 0.35196519  0.93601309  0.        ],
[ 0.17391087  0.9847614   0.        ],
[ 0.68910341  0.72466302  0.        ],
[ 0.42306351  0.90610003  0.        ],
[ 0.57222995  0.82009322  0.        ],
[ 0.77691322  0.62960769  0.        ],
[ 0.55591661  0.83123806  0.        ],
[ 0.43857737  0.89869344  0.        ],
[ 0.89702074  0.44198845  0.        ],
[ 0.69223757  0.7216697   0.        ],
[ 0.81634452  0.57756526  0.        ],
[ 0.25587154  0.96671079  0.        ],
[ 0.4469562   0.89455584  0.        ],
[ 0.61610258  0.78766592  0.        ],
[ 0.98440191 -0.17593433  0.        ],
[ 0.37875562  0.92549672  0.        ],
[ 0.96479596 -0.26299954  0.        ],
[ 0.94512322 -0.32671408  0.        ],
[ 0.97955393  0.20118173  0.        ],
[ 0.89150863  0.45300372  0.        ],
[ 0.67997573  0.73323462  0.        ],
[ 0.57351584  0.81919447  0.        ],
[ 0.96483455 -0.26285792  0.        ],
[ 0.75676746  0.65368419  0.        ],
[ 0.99790753 -0.06465733  0.        ],
[ 0.61059822  0.79194054  0.        ],
[ 0.53597815  0.84423185  0.        ],
[ 0.64344684  0.7654908   0.        ],
[ 0.58158465  0.81348589  0.        ],
[ 0.59935151  0.80048596  0.        ],
[ 0.74043303  0.67213014  0.        ],
[ 0.94955786 -0.31359189  0.        ],
[ 0.99041178 -0.13814671  0.        ],
[ 0.97167858 -0.23630644  0.        ],
[ 0.99517338  0.0981323   0.        ],
[ 0.95704011 -0.28995557  0.        ],
[ 0.69624183  0.7178073   0.        ],
[ 0.49471928  0.86905284  0.        ],
[ 0.54643484  0.83750162  0.        ],
[ 0.95341448  0.30166342  0.        ],
[ 0.19889943  0.98001991  0.        ],
[ 0.47168395  0.88176768  0.        ],
[ 0.65861536  0.75247977  0.        ],
[ 0.88033612 -0.47435042  0.        ],
[ 0.75748676  0.65285053  0.        ],
[ 0.70766579  0.70654733  0.        ],
[ 0.76871285  0.63959406  0.        ],
[ 0.19763887  0.9802749   0.        ],
[ 0.83582955  0.54898904  0.        ],
[ 0.9808128  0.1949519  0.       ],
[ 0.56426066  0.8255967   0.        ],
[ 0.93515498 -0.35423884  0.        ],
[ 0.34912555  0.93707596  0.        ],
[ 0.99836122 -0.05722651  0.        ],
[ 0.55409491  0.8324535   0.        ],
[ 0.16460503  0.98635956  0.        ],
[ 0.18112116  0.98346079  0.        ],
[ 0.19194649  0.98140539  0.        ],
[ 0.84768018 -0.5305076   0.        ],
[ 0.23415081  0.97220029  0.        ],
[ 0.99993055  0.01178537  0.        ],
[ 0.24932463  0.96841996  0.        ],
[ 0.5923028   0.80571546  0.        ],
[ 0.45149851  0.89227187  0.        ],
[ 0.92785137 -0.37295018  0.        ],
[ 0.4787368   0.87795847  0.        ],
[ 0.99986175  0.01662788  0.        ],
[ 0.76984354  0.63823266  0.        ],
[ 0.35966384  0.93308195  0.        ],
[ 0.20268746  0.97924348  0.        ],
[ 0.99997613 -0.00690899  0.        ],
[ 0.32711514  0.94498449  0.        ],
[ 0.4797368   0.87741245  0.        ],
[ 0.27238875  0.96218728  0.        ],
[ 0.34629432  0.93812592  0.        ],
[ 0.98682363  0.16179966  0.        ],
[ 0.16357824  0.98653036  0.        ],
[ 0.6239304   0.78147991  0.        ],
[ 0.33549038  0.94204363  0.        ],
[ 0.86640012 -0.4993504   0.        ],
[ 0.99999844 -0.00176644  0.        ],
[ 0.21536552  0.97653351  0.        ],
[ 0.17879324  0.98388667  0.        ],
[ 0.45387625  0.89106473  0.        ],
[ 0.984408    0.17590024  0.        ],
[ 0.8217855   0.56979697  0.        ],
[ 0.4418266   0.89710047  0.        ],
[ 0.93496706 -0.35473455  0.        ],
[ 0.93193258 -0.36263157  0.        ],
[ 0.18172666  0.98334908  0.        ],
[  9.99999893e-01  -4.62659973e-04   0.00000000e+00],
[ 0.24863692  0.96859676  0.        ],
[ 0.26955426  0.9629852   0.        ],
[ 0.86572183 -0.50052544  0.        ],
[ 0.55101921  0.83449256  0.        ],
[ 0.99209991 -0.12545026  0.        ],
[ 0.9177539   0.39714956  0.        ],
[ 0.20697631  0.97834595  0.        ],
[ 0.16704024  0.98595008  0.        ],
[ 0.99953202 -0.0305898   0.        ],
[ 0.49518532  0.86878737  0.        ],
[ 0.99538977  0.09591247  0.        ],
[ 0.86421166 -0.50312842  0.        ],
[ 0.54740964  0.8368648   0.        ],
[ 0.88592202  0.46383421  0.        ],
[ 0.59934388  0.80049167  0.        ],
[ 0.99910203 -0.04236909  0.        ],
[ 0.84500749  0.53475447  0.        ],
[ 0.33696264  0.94151802  0.        ],
[ 0.68246259  0.73092052  0.        ],
[ 0.18637051  0.98247953  0.        ],
[ 0.64348628  0.76545765  0.        ],
[ 0.9555674   0.29477269  0.        ],
[ 0.77428748  0.63283402  0.        ],
[ 0.66781193  0.74433005  0.        ],
[ 0.99681156  0.07979168  0.        ],
[ 0.32489309  0.94575075  0.        ],
[ 0.42967339  0.90298437  0.        ],
[ 0.58248029  0.81284483  0.        ],
[ 0.97043677  0.2413555   0.        ],
[ 0.82836825 -0.56018394  0.        ],
[ 0.15614066  0.98773483  0.        ],
[ 0.9985883   0.05311689  0.        ],
[ 0.62971383  0.77682719  0.        ],
[ 0.25482921  0.96698608  0.        ],
[ 0.34410567  0.93893093  0.        ],
[ 0.85380121 -0.52059916  0.        ],
[ 0.99148428  0.13022646  0.        ],
[ 0.32725716  0.94493532  0.        ],
[ 0.30413589  0.95262866  0.        ],
[ 0.39522375  0.91858488  0.        ],
[ 0.91972064  0.39257349  0.        ],
[ 0.38732424  0.92194356  0.        ],
[ 0.97082278  0.23979811  0.        ],
[ 0.46706916  0.88422079  0.        ],
[ 0.75324744  0.65773725  0.        ],
[ 0.97354879 -0.22847923  0.        ],
[ 0.81643924 -0.57743136  0.        ],
[ 0.40280365  0.91528642  0.        ],
[ 0.90821721 -0.41849909  0.        ],
[ 0.52206119  0.85290803  0.        ],
[ 0.38004467  0.92496814  0.        ],
[ 0.90719129  0.42071838  0.        ],
[ 0.9918873  -0.12712034  0.        ],
[ 0.36196     0.93219363  0.        ],
[ 0.73052333  0.68288774  0.        ],
[ 0.22172219  0.97510988  0.        ],
[ 0.99974103  0.02275665  0.        ],
[ 0.9958778  -0.09070508  0.        ],
[ 0.86672465 -0.49878691  0.        ],
[ 0.51728382  0.85581391  0.        ],
[ 0.72021783  0.69374799  0.        ],
[ 0.32473911  0.94580363  0.        ],
[ 0.92337432  0.38390085  0.        ],
[ 0.48812166  0.8727756   0.        ],
[ 0.34992871  0.93677633  0.        ],
[ 0.61008896  0.79233292  0.        ],
[ 0.34138219  0.93992457  0.        ],
[ 0.63517183  0.77237086  0.        ],
[ 0.94448027  0.32856813  0.        ],
[ 0.41527988  0.9096937   0.        ],
[ 0.18683134  0.982392    0.        ],
[ 0.82548423 -0.56442518  0.        ],
[ 0.6124804   0.79048578  0.        ],
[ 0.91004144 -0.41451729  0.        ],
[ 0.71165944  0.70252462  0.        ],
[ 0.69110001  0.72275914  0.        ],
[ 0.72794349  0.68563713  0.        ],
[ 0.45473399  0.89062731  0.        ],
[ 0.26305158  0.96478177  0.        ],
[ 0.78262297  0.62249602  0.        ],
[ 0.61475917  0.78871488  0.        ],
[ 0.96098959 -0.27658453  0.        ],
[ 0.99167453 -0.12876969  0.        ],
[ 0.26499446  0.96424993  0.        ],
[ 0.40270627  0.91532926  0.        ],
[ 0.3278951   0.94471414  0.        ],
[ 0.74231901  0.67004663  0.        ],
[ 0.52396404  0.85174039  0.        ],
[ 0.43947864  0.89825304  0.        ],
[ 0.40481748  0.91439751  0.        ],
[ 0.84043233 -0.54191651  0.        ],
[ 0.94442818  0.32871783  0.        ],
[ 0.80518233 -0.59302732  0.        ],
[ 0.24157914  0.97038112  0.        ],
[ 0.59862397  0.80103018  0.        ],
[ 0.38560977  0.92266197  0.        ],
[ 0.3558577   0.93454015  0.        ],
[ 0.97822581  0.20754341  0.        ],
[ 0.95431935  0.29878852  0.        ],
[ 0.22997227  0.97319718  0.        ],
[ 0.66430591  0.74746081  0.        ],
[ 0.19445815  0.98091082  0.        ],
[ 0.30225457  0.95322724  0.        ],
[ 0.54204616  0.84034872  0.        ],
[ 0.94290842 -0.33305212  0.        ],
[ 0.32814674  0.94462676  0.        ],
[ 0.83373284  0.55216805  0.        ],
[ 0.97312328  0.2302848   0.        ],
[ 0.41751644  0.90866937  0.        ],
[ 0.65184495  0.75835227  0.        ],
[ 0.41928563  0.90785437  0.        ],
[ 0.4976852   0.86735773  0.        ],
[ 0.98158324  0.19103491  0.        ],
[ 0.53684805  0.84367895  0.        ],
[ 0.15792501  0.98745111  0.        ],
[ 0.62017437  0.78446399  0.        ],
[ 0.53028377  0.84782022  0.        ],
[ 0.99104528 -0.13352625  0.        ],
[ 0.94013365  0.34080599  0.        ],
[ 0.82611261 -0.56350506  0.        ],
[ 0.40745274  0.91322629  0.        ],
[ 0.45066864  0.89269131  0.        ],
[ 0.59489742  0.80380163  0.        ],
[ 0.22818893  0.97361687  0.        ],
[ 0.99972407 -0.02349023  0.        ],
[ 0.35943645  0.93316957  0.        ],
[ 0.99348512 -0.11396187  0.        ],
[ 0.99068645  0.13616302  0.        ],
[ 0.36467594  0.9311345   0.        ],
[ 0.40670652  0.91355887  0.        ],
[ 0.1821141  0.9832774  0.       ],
[ 0.37839298  0.92564505  0.        ],
[ 0.2965324   0.95502279  0.        ],
[  9.99999815e-01   6.08962899e-04   0.00000000e+00],
[ 0.71588368  0.69821956  0.        ],
[ 0.91337625 -0.40711649  0.        ],
[ 0.6364463   0.77132101  0.        ],
[ 0.45685149  0.88954298  0.        ],
[ 0.32730474  0.94491884  0.        ],
[ 0.20637888  0.97847215  0.        ],
[ 0.99995416  0.00957501  0.        ],
[ 0.9761535  -0.21708144  0.        ],
[ 0.97566706  0.21925737  0.        ],
[ 0.98897425 -0.14808757  0.        ],
[ 0.9945021   0.10471664  0.        ],
[ 0.82134846  0.57042678  0.        ],
[ 0.88960272  0.45673515  0.        ],
[ 0.92413044 -0.38207713  0.        ],
[ 0.80835989  0.58868862  0.        ],
[ 0.91726083  0.39828704  0.        ],
[ 0.89317769 -0.44970393  0.        ],
[ 0.53695243  0.84361252  0.        ],
[ 0.40325844  0.91508614  0.        ],
[ 0.88379364  0.46787691  0.        ],
[ 0.35840926  0.93356457  0.        ],
[ 0.83778315  0.54600311  0.        ],
[ 0.75818397  0.6520407   0.        ],
[ 0.36900608  0.92942698  0.        ],
[ 0.35006413  0.93672574  0.        ],
[ 0.97817373 -0.2077887   0.        ],
[ 0.88054823 -0.47395655  0.        ],
[ 0.99997395 -0.00721787  0.        ],
[ 0.98869363 -0.14994968  0.        ],
[ 0.99979832  0.02008274  0.        ],
[ 0.19486984  0.98082911  0.        ],
[ 0.57806258  0.81599243  0.        ],
[ 0.56356079  0.8260746   0.        ],
[ 0.99837506  0.05698452  0.        ],
[ 0.73464718  0.67844935  0.        ],
[ 0.29027107  0.95694446  0.        ],
[ 0.76366005  0.64561857  0.        ],
[ 0.56883346  0.82245273  0.        ],
[ 0.70531474  0.70889429  0.        ],
[ 0.19949682  0.97989847  0.        ],
[ 0.36409412  0.93136216  0.        ],
[ 0.15520519  0.98788226  0.        ],
[ 0.99335759  0.11506822  0.        ],
[ 0.92779282  0.37309582  0.        ],
[ 0.3425195   0.93951072  0.        ],
[ 0.46176333  0.88700317  0.        ],
[ 0.16654534  0.9860338   0.        ],
[ 0.78461187  0.61998727  0.        ],
[ 0.68631036  0.7273088   0.        ],
[ 0.92445484 -0.38129154  0.        ],
[ 0.18901356  0.98197448  0.        ],
[ 0.1644877   0.98637913  0.        ],
[ 0.72881696  0.68470858  0.        ],
[ 0.55528015  0.83166337  0.        ],
[ 0.9677405  -0.25194904  0.        ],
[ 0.53286641  0.84619938  0.        ],
[ 0.22563546  0.9742118   0.        ],
[ 0.99747149 -0.0710677   0.        ],
[ 0.33805616  0.94112594  0.        ],
[ 0.96700114  0.25477203  0.        ],
[ 0.98531734 -0.17073295  0.        ],
[ 0.99238858  0.12314586  0.        ],
[ 0.38502133  0.92290768  0.        ],
[ 0.58572588  0.81050922  0.        ],
[ 0.32772856  0.94477192  0.        ],
[ 0.50394342  0.86373667  0.        ],
[ 0.24699627  0.96901643  0.        ],
[ 0.45216889  0.89193234  0.        ],
[ 0.36340031  0.93163309  0.        ],
[ 0.33451931  0.9423889   0.        ],
[ 0.40819491  0.9128948   0.        ],
[ 0.35905348  0.93331699  0.        ],
[ 0.47504196  0.87996315  0.        ],
[ 0.55016925  0.83505317  0.        ],
[ 0.27883075  0.96034026  0.        ],
[ 0.53562011  0.84445906  0.        ],
[ 0.83177887  0.55510711  0.        ],
[ 0.98679542  0.16197157  0.        ],
[ 0.99855502 -0.05373886  0.        ],
[ 0.66689468  0.74515198  0.        ],
[ 0.97347171  0.2288074   0.        ],
[ 0.98214716 -0.18811423  0.        ],
[ 0.41096942  0.91164913  0.        ],
[ 0.43822506  0.89886528  0.        ],
[ 0.75642661  0.65407857  0.        ],
[ 0.95369298  0.30078183  0.        ],
[ 0.65780038  0.75319231  0.        ],
[ 0.53083779  0.84747345  0.        ],
[ 0.15999619  0.98711763  0.        ],
[ 0.40523066  0.91421448  0.        ],
[ 0.64822162  0.76145172  0.        ],
[ 0.72008444  0.69388644  0.        ],
[ 0.3436496   0.93909795  0.        ],
[ 0.69603275  0.71801004  0.        ],
[ 0.2280381   0.97365221  0.        ],
[ 0.3994535   0.91675346  0.        ],
[ 0.16957277  0.98551767  0.        ],
[ 0.96987089  0.24361948  0.        ],
[ 0.78600611  0.61821873  0.        ],
[ 0.59566877  0.80323017  0.        ],
[ 0.39804529  0.91736576  0.        ],
[ 0.54475965  0.83859223  0.        ],
[ 0.99535145  0.09630938  0.        ],
[ 0.41712136  0.9088508   0.        ],
[ 0.48706027  0.87336836  0.        ],
[ 0.96423472  0.26504983  0.        ],
[ 0.61681215  0.78711039  0.        ],
[ 0.5452034   0.83830379  0.        ],
[ 0.98770101  0.15635444  0.        ],
[ 0.34711081  0.93782412  0.        ],
[ 0.19828806  0.98014379  0.        ],
[ 0.95669469 -0.29109324  0.        ],
[ 0.37313528  0.92777695  0.        ],
[ 0.29461542  0.9556159   0.        ],
[ 0.42985209  0.90289932  0.        ],
[ 0.50151512  0.86514888  0.        ],
[ 0.1987044   0.98005947  0.        ],
[ 0.91166362 -0.41093728  0.        ],
[ 0.30929734  0.95096538  0.        ],
[ 0.62352978  0.7817996   0.        ],
[ 0.66741928  0.74468215  0.        ],
[ 0.60243757  0.79816601  0.        ],
[ 0.96327648  0.2685115   0.        ],
[ 0.20841419  0.97804066  0.        ],
[ 0.37404492  0.92741059  0.        ],
[ 0.2862638   0.95815084  0.        ],
[ 0.37542614  0.92685231  0.        ],
[ 0.9997132  -0.02394814  0.        ],
[ 0.76729111  0.64129896  0.        ],
[ 0.99991409 -0.01310803  0.        ],
[ 0.98790505 -0.15506003  0.        ],
[ 0.76883283 -0.63944983  0.        ],
[ 0.41196991  0.91119745  0.        ],
[ 0.86313563  0.50497216  0.        ],
[ 0.9647153  -0.26329526  0.        ],
[ 0.90502757  0.4253529   0.        ],
[ 0.3098132   0.95079744  0.        ],
[ 0.98605216 -0.16643657  0.        ],
[ 0.19408638  0.98098444  0.        ],
[ 0.80678558  0.59084433  0.        ],
[ 0.94552339 -0.32555418  0.        ],
[ 0.69491637  0.71909056  0.        ],
[ 0.80754368 -0.58980776  0.        ],
[ 0.47772095  0.87851164  0.        ],
[ 0.98899945 -0.14791919  0.        ],
[ 0.1889413   0.98198838  0.        ],
[ 0.38725891  0.92197101  0.        ],
[ 0.48312941  0.87554895  0.        ],
[ 0.78703356  0.61691019  0.        ],
[ 0.41167145  0.91133233  0.        ],
[ 0.33962933  0.94055937  0.        ],
[ 0.65575265  0.75497581  0.        ],
[ 0.85375976  0.52066714  0.        ],
[ 0.98997382  0.141251    0.        ],
[ 0.97881531  0.20474517  0.        ],
[ 0.83674038  0.5475998   0.        ],
[ 0.31564494  0.94887737  0.        ],
[ 0.9464907   0.32273109  0.        ],
[ 0.2312059   0.97290484  0.        ],
[ 0.96499553 -0.26226633  0.        ],
[ 0.86046007 -0.50951788  0.        ],
[ 0.84669325 -0.53208133  0.        ],
[ 0.94489378  0.32737707  0.        ],
[ 0.76007024  0.64984093  0.        ],
[ 0.93198977 -0.36248458  0.        ],
[ 0.80705162 -0.59048089  0.        ],
[ 0.98488648 -0.17320111  0.        ],
[ 0.94208821  0.33536519  0.        ],
[ 0.387569   0.9218407  0.       ],
[ 0.34403986  0.93895505  0.        ],
[ 0.50180346  0.86498167  0.        ],
[ 0.91430946 -0.40501631  0.        ],
[ 0.34745806  0.93769552  0.        ],
[ 0.82518526 -0.56486218  0.        ],
[ 0.42161416  0.90677533  0.        ],
[ 0.70827184  0.7059398   0.        ],
[ 0.37813978  0.92574851  0.        ],
[ 0.33664101  0.94163307  0.        ],
[ 0.33138452  0.94349579  0.        ],
[ 0.84887389  0.52859542  0.        ],
[ 0.98594771  0.16705422  0.        ],
[ 0.23425181  0.97217596  0.        ],
[ 0.49543944  0.86864248  0.        ],
[ 0.19379092  0.98104285  0.        ],
[ 0.20252566  0.97927696  0.        ],
[ 0.89602595  0.44400169  0.        ],
[ 0.48023691  0.87713882  0.        ],
[ 0.36973086  0.9291389   0.        ],
[ 0.95931091 -0.28235188  0.        ],
[ 0.79420546 -0.60764931  0.        ],
[ 0.71431825  0.69982101  0.        ],
[ 0.36531568  0.93088369  0.        ],
[ 0.31836802  0.9479672   0.        ],
[ 0.30424236  0.95259466  0.        ],
[ 0.53322086  0.84597607  0.        ],
[ 0.99950317 -0.03151856  0.        ],
[ 0.20487893  0.97878732  0.        ],
[ 0.32992726  0.94400636  0.        ],
[ 0.99998427 -0.0056095   0.        ],
[ 0.73726618  0.67560239  0.        ],
[ 0.34133161  0.93994294  0.        ],
[ 0.97192391  0.23529538  0.        ],
[ 0.96609232  0.2581969   0.        ],
[ 0.99231415 -0.12374424  0.        ],
[ 0.91250464  0.40906635  0.        ],
[ 0.58220721  0.81304045  0.        ],
[ 0.36396952  0.93141086  0.        ],
[ 0.90059277  0.43466386  0.        ],
[ 0.79413889 -0.60773631  0.        ],
[ 0.78896755  0.61443487  0.        ],
[ 0.40393091  0.9147895   0.        ],
[ 0.73554905  0.67747148  0.        ],
[ 0.33032443  0.94386745  0.        ],
[ 0.78599441 -0.6182336   0.        ],
[ 0.968225    0.25008067  0.        ],
[ 0.52528704  0.8509251   0.        ],
[ 0.94179219  0.33619558  0.        ],
[ 0.99410739  0.10839973  0.        ],
[ 0.50329194  0.86411644  0.        ],
[ 0.90267532  0.43032227  0.        ],
[ 0.97283544 -0.23149776  0.        ],
[ 0.73934935  0.67332202  0.        ],
[ 0.26370658  0.96460294  0.        ],
[ 0.34645985  0.9380648   0.        ],
[ 0.54371896  0.83926735  0.        ],
[ 0.99796693 -0.06373391  0.        ],
[ 0.84768786 -0.53049532  0.        ],
[ 0.90779789  0.4194079   0.        ],
[ 0.99968371  0.02514931  0.        ],
[ 0.68612003  0.72748836  0.        ],
[ 0.15223024  0.98834506  0.        ],
[ 0.44659646  0.89473549  0.        ],
[ 0.55138986  0.8342477   0.        ],
[ 0.4432975   0.89637455  0.        ],
[ 0.39530997  0.91854778  0.        ],
[ 0.67472695  0.73806744  0.        ],
[ 0.33091786  0.94365956  0.        ],
[ 0.37090611  0.92867037  0.        ],
[ 0.44364384  0.89620318  0.        ],
[ 0.35702274  0.93409569  0.        ],
[ 0.61437475  0.78901436  0.        ],
[ 0.84668468  0.53209496  0.        ],
[ 0.24299313  0.97002801  0.        ],
[ 0.70249229  0.71169135  0.        ],
[ 0.76912067  0.63910358  0.        ],
[ 0.48569     0.87413113  0.        ],
[ 0.33126954  0.94353616  0.        ],
[ 0.84862367 -0.52899704  0.        ],
[ 0.41624446  0.90925274  0.        ],
[ 0.34710523  0.93782619  0.        ],
[ 0.98184147  0.18970327  0.        ],
[ 0.97310164  0.23037619  0.        ],
[ 0.39760744  0.91755563  0.        ],
[ 0.95917715  0.28280591  0.        ],
[ 0.40558581  0.91405697  0.        ],
[ 0.95431874 -0.29879047  0.        ],
[ 0.23254497  0.97258564  0.        ],
[ 0.33458916  0.9423641   0.        ],
[ 0.91894961 -0.39437497  0.        ],
[ 0.55385628  0.83261228  0.        ],
[ 0.28286945  0.95915842  0.        ],
[ 0.61554906  0.78809857  0.        ],
[ 0.53264742  0.84633724  0.        ],
[ 0.40951731  0.91230235  0.        ],
[ 0.82053134 -0.57160154  0.        ],
[ 0.95488466  0.29697691  0.        ],
[ 0.50673649  0.862101    0.        ],
[ 0.55825131  0.8296719   0.        ],
[ 0.38546111  0.92272408  0.        ],
[ 0.64882677  0.76093615  0.        ],
[ 0.46125076  0.88726982  0.        ],
[ 0.34945032  0.93695489  0.        ],
[ 0.34324104  0.93924735  0.        ],
[ 0.64922181  0.76059914  0.        ],
[ 0.36053535  0.93274555  0.        ],
[ 0.9738232  0.2273068  0.       ],
[ 0.5897299   0.80760054  0.        ],
[ 0.82718579 -0.56192852  0.        ],
[ 0.38147784  0.92437798  0.        ],
[ 0.89218158  0.4516769   0.        ],
[ 0.46493213  0.88534632  0.        ],
[ 0.99926419  0.03835457  0.        ],
[ 0.67898229  0.73415465  0.        ],
[ 0.22413167  0.97455887  0.        ],
[ 0.48980262  0.87183335  0.        ],
[ 0.99996505  0.00836079  0.        ],
[ 0.47314649  0.88098377  0.        ],
[ 0.35093351  0.93640038  0.        ],
[ 0.7856174   0.61871262  0.        ],
[ 0.52767869  0.84944405  0.        ],
[ 0.96475777 -0.26313961  0.        ],
[ 0.16314142  0.98660269  0.        ],
[ 0.40144247  0.91588424  0.        ],
[ 0.40409967  0.91471496  0.        ],
[ 0.41177926  0.91128362  0.        ],
[ 0.2703215   0.96277011  0.        ],
[ 0.82236282  0.56896343  0.        ],
[ 0.26120849  0.96528241  0.        ],
[ 0.93485745 -0.3550233   0.        ],
[ 0.81943414  0.57317336  0.        ],
[ 0.99998634 -0.00522697  0.        ],
[ 0.44641601  0.89482554  0.        ],
[ 0.40903596  0.91251827  0.        ],
[ 0.68181102  0.73152835  0.        ],
[ 0.39087286  0.92044468  0.        ],
[ 0.74525264  0.6667822   0.        ],
[ 0.5005829  0.8656886  0.       ],
[ 0.56371455  0.82596968  0.        ],
[ 0.31465229  0.949207    0.        ],
[ 0.87751078 -0.47955691  0.        ],
[ 0.86597219  0.50009216  0.        ],
[ 0.36325464  0.9316899   0.        ],
[ 0.65235831  0.7579107   0.        ],
[ 0.33319374  0.94285839  0.        ],
[ 0.82960031  0.55835771  0.        ],
[ 0.78526569  0.61915894  0.        ],
[ 0.90199701 -0.43174227  0.        ],
[ 0.37959002  0.92515481  0.        ],
[ 0.96686766 -0.25527813  0.        ],
[ 0.45642036  0.88976427  0.        ],
[ 0.26665112  0.96379312  0.        ],
[ 0.3807631   0.92467262  0.        ],
[ 0.94997175 -0.31233582  0.        ],
[ 0.48155554  0.87641558  0.        ],
[ 0.98551355  0.16959669  0.        ],
[ 0.89434833 -0.44737129  0.        ],
[ 0.69472285  0.71927753  0.        ],
[ 0.50584419  0.86262486  0.        ],
[ 0.98549249  0.16971902  0.        ],
[ 0.40275078  0.91530968  0.        ],
[ 0.8462722   0.53275075  0.        ],
[ 0.91143133  0.41145223  0.        ],
[ 0.61967705  0.7848569   0.        ],
[ 0.36766291  0.92995913  0.        ],
[ 0.65648763  0.75433679  0.        ],
[ 0.8180061   0.57520954  0.        ],
[ 0.97021652  0.24223937  0.        ],
[ 0.25809797  0.96611875  0.        ],
[ 0.42490514  0.90523788  0.        ],
[ 0.79173403  0.61086597  0.        ],
[ 0.97503953 -0.22203135  0.        ],
[ 0.48199629  0.87617326  0.        ],
[ 0.92735022 -0.37419456  0.        ],
[ 0.71089601  0.70329714  0.        ],
[ 0.61798732  0.78618807  0.        ],
[ 0.99368655 -0.11219194  0.        ],
[ 0.45119682  0.89242447  0.        ],
[ 0.23472583  0.97206162  0.        ],
[ 0.99367353 -0.1123072   0.        ],
[ 0.35526013  0.93476748  0.        ],
[ 0.74393744  0.66824927  0.        ],
[ 0.91724426  0.39832519  0.        ],
[ 0.22562797  0.97421354  0.        ],
[ 0.35052013  0.9365552   0.        ],
[ 0.25460916  0.96704404  0.        ],
[ 0.39225482  0.9198566   0.        ],
[ 0.62650672  0.77941602  0.        ],
[ 0.81756341  0.57583859  0.        ],
[ 0.97174527 -0.23603207  0.        ],
[ 0.99142001 -0.13071481  0.        ],
[ 0.34684397  0.93792284  0.        ],
[ 0.89157343  0.45287616  0.        ],
[ 0.50976595  0.86031313  0.        ],
[ 0.92698728 -0.37509277  0.        ],
[ 0.60808362  0.79387298  0.        ],
[ 0.44649278  0.89478723  0.        ],
[ 0.21690336  0.97619308  0.        ],
[ 0.40167101  0.91578404  0.        ],
[ 0.89805841 -0.43987622  0.        ],
[ 0.80500152  0.59327275  0.        ],
[ 0.9486833   0.31622777  0.        ],
[ 0.37225877  0.92812898  0.        ],
[ 0.5569453   0.83054917  0.        ],
[ 0.98729056 -0.15892564  0.        ],
[ 0.93516953  0.35420045  0.        ],
[ 0.5311019   0.84730796  0.        ],
[ 0.17231818  0.98504134  0.        ],
[ 0.99979245  0.02037316  0.        ],
[ 0.53950113  0.84198488  0.        ],
[ 0.79643869 -0.60471928  0.        ],
[ 0.54679159  0.83726875  0.        ],
[ 0.15257777  0.98829147  0.        ],
[ 0.42518844  0.90510485  0.        ],
[ 0.78456026 -0.62005257  0.        ],
[ 0.65800009  0.75301785  0.        ],
[ 0.52207371  0.85290037  0.        ],
[ 0.38286957  0.92380241  0.        ],
[ 0.16733787  0.98589961  0.        ],
