[-0.59904247  0.80071725  0.        ],
[ 0.  1.  0.],
[-0.99861085 -0.05269133  0.        ],
[ 0.  1.  0.],
[-0.49399333  0.86946569  0.        ],
[ 0.  1.  0.],
[ 0.  1.  0.],
[-0.98772513 -0.15620204  0.        ],
[ 0.  1.  0.],
[ 0.  1.  0.],
[-0.32390776  0.94608867  0.        ],
[-0.01896265  0.99982019  0.        ],
[-0.20713389 -0.9783126   0.        ],
[ 0.  1.  0.],
[ -1.18828922e-17   1.00000000e+00   0.00000000e+00],
[ 0.  1.  0.],
[-0.00501591 -0.99998742  0.        ],
[-0.00938608 -0.99995595  0.        ],
[-0.76365124  0.64562898  0.        ],
[-0.9994041   0.03451732  0.        ],
[-0.07285301  0.99734269  0.        ],
[-0.38344805  0.92356245  0.        ],
[-0.45334634 -0.89133445  0.        ],
[-0.08279699 -0.99656643  0.        ],
[ 0.  1.  0.],
[  2.29646521e-17   1.00000000e+00   0.00000000e+00],
[ 0.  1.  0.],
[ 0.  1.  0.],
[ 0.  1.  0.],
[-0.98981814 -0.1423378   0.        ],
[-0.60591607  0.79552857  0.        ],
[ -2.32773061e-17   1.00000000e+00   0.00000000e+00],
[-0.99778069  0.06658604  0.        ],
[-0.90485454  0.42572088  0.        ],
[ 0.  1.  0.],
[-0.05091663 -0.99870291  0.        ],
[ 0.  1.  0.],
[-0.03664094  0.9993285   0.        ],
[-0.08250804  0.9965904   0.        ],
[-0.96020314 -0.27930257  0.        ],
[-0.46283387  0.88644504  0.        ],
[-0.86941458  0.49408328  0.        ],
[ 0.  1.  0.],
[-0.39817771 -0.9173083   0.        ],
[-0.99294736  0.11855611  0.        ],
[-0.93664167 -0.350289    0.        ],
[ 0.  1.  0.],
[-0.41767086  0.9085984   0.        ],
[-0.07804151  0.99695011  0.        ],
[ 0.  1.  0.],
[-0.8132817  -0.58187016  0.        ],
[ 0.  1.  0.],
[-0.65054056 -0.75947151  0.        ],
[-0.22478076 -0.97440936  0.        ],
[-0.090801   -0.99586906  0.        ],
[ -9.17295746e-17   1.00000000e+00   0.00000000e+00],
[-0.00843032  0.99996446  0.        ],
[ -2.35226944e-17   1.00000000e+00   0.00000000e+00],
[-0.46680261  0.88436153  0.        ],
[-0.04880684 -0.99880824  0.        ],
[-0.08017181 -0.99678106  0.        ],
[ 0.  1.  0.],
[-0.26393105  0.96454155  0.        ],
[  9.17592790e-17   1.00000000e+00   0.00000000e+00],
[-0.21737076 -0.97608911  0.        ],
[-0.20563439 -0.97862889  0.        ],
[-0.64134611 -0.7672517   0.        ],
[ 0.  1.  0.],
[  4.62916508e-17   1.00000000e+00   0.00000000e+00],
[ 0.  1.  0.],
[-0.7236169   0.69020184  0.        ],
[ 0.  1.  0.],
[-0.0769302  -0.99703648  0.        ],
[ 0.  1.  0.],
[ 0.  1.  0.],
[-0.12760812  0.99182467  0.        ],
[-0.40728977  0.91329899  0.        ],
[-0.51529983  0.85700997  0.        ],
[ 0.  1.  0.],
[-0.51739304 -0.85574788  0.        ],
[ 0.  1.  0.],
[-0.54497362  0.83845319  0.        ],
[-0.85344654  0.5211804   0.        ],
[ 0.  1.  0.],
[-0.96357775  0.26742836  0.        ],
[-0.29584148  0.95523705  0.        ],
[-0.8206752  -0.57139497  0.        ],
[-0.99716346 -0.07526639  0.        ],
[ 0.  1.  0.],
[ 0.  1.  0.],
[-0.05732847 -0.99835537  0.        ],
[-0.66449772 -0.74729029  0.        ],
[-0.95533523  0.29552429  0.        ],
[ 0.  1.  0.],
[-0.42223469  0.90648655  0.        ],
[ 0.  1.  0.],
[ 0.  1.  0.],
[ 0.  1.  0.],
[-0.05122821  0.99868697  0.        ],
[ -4.62931042e-17   1.00000000e+00   0.00000000e+00],
[ 0.  1.  0.],
[-0.23820851 -0.97121404  0.        ],
[-0.97545735  0.22018847  0.        ],
[  9.28329072e-17   1.00000000e+00   0.00000000e+00],
[-0.86073654  0.50905069  0.        ],
[-0.09009808 -0.9959329   0.        ],
[ 0.  1.  0.],
[ 0.  1.  0.],
[ 0.  1.  0.],
[ 0.  1.  0.],
[ 0.  1.  0.],
[-0.03768929 -0.99928951  0.        ],
[ 0.  1.  0.],
[ -8.89647640e-17   1.00000000e+00   0.00000000e+00],
[-0.74838179  0.6632682   0.        ],
[-0.09021356 -0.99592244  0.        ],
[-0.44260426 -0.89671705  0.        ],
[-0.79557591 -0.60585392  0.        ],
[-0.03343871 -0.99944077  0.        ],
[-0.98463617 -0.1746185   0.        ],
[-0.01902863 -0.99981894  0.        ],
[-0.019428    0.99981126  0.        ],
[-0.40754853  0.91318355  0.        ],
[-0.08056521 -0.99674934  0.        ],
[-0.85673567 -0.51575576  0.        ],
[-0.51438603 -0.85755875  0.        ],
[ 0.  1.  0.],
[ 0.  1.  0.],
[ 0.  1.  0.],
[ 0.  1.  0.],
[ 0.  1.  0.],
[-0.85029136  0.52631227  0.        ],
[ 0.  1.  0.],
[ 0.  1.  0.],
[-0.48475146 -0.87465194  0.        ],
[-0.98032591 -0.19738571  0.        ],
[-0.55986922  0.82858099  0.        ],
[-0.51169666  0.85916618  0.        ],
[ -8.99220268e-17   1.00000000e+00   0.00000000e+00],
[ 0.  1.  0.],
[-0.43929153  0.89834456  0.        ],
[-0.47242442  0.88137119  0.        ],
[ 0.  1.  0.],
[-0.63603766  0.77165802  0.        ],
[  2.25462954e-17   1.00000000e+00   0.00000000e+00],
[-0.82654173 -0.56287544  0.        ],
[ 0.  1.  0.],
[ 0.  1.  0.],
[-0.99694416  0.07811748  0.        ],
[-0.79414401  0.60772962  0.        ],
[  5.93884344e-18   1.00000000e+00   0.00000000e+00],
[ -1.05860559e-05  -1.00000000e+00   0.00000000e+00],
[-0.52904578  0.84859328  0.        ],
[-0.38611203  0.9224519   0.        ],
[-0.42096796 -0.90707551  0.        ],
[-0.71037995  0.70381839  0.        ],
[-0.65593525 -0.75481716  0.        ],
[-0.99325329 -0.11596506  0.        ],
[-0.1888695 -0.9820022  0.       ],
[-0.5200035  -0.85416413  0.        ],
[ 0.  1.  0.],
[ 0.  1.  0.],
[ 0.  1.  0.],
[-0.42431852 -0.905513    0.        ],
[-0.99935874  0.03580667  0.        ],
[ 0.  1.  0.],
[-0.51482689 -0.85729416  0.        ],
[-0.83463466 -0.55080395  0.        ],
[ 0.  1.  0.],
[-0.14487941 -0.98944932  0.        ],
[ 0.  1.  0.],
[ 0.  1.  0.],
[-0.17137743  0.98520545  0.        ],
[-0.35012216 -0.93670405  0.        ],
[  1.15182780e-17   1.00000000e+00   0.00000000e+00],
[ 0.  1.  0.],
[ 0.  1.  0.],
[ 0.  1.  0.],
[-0.26715464  0.96365367  0.        ],
[-0.37373503  0.92753551  0.        ],
[ 0.  1.  0.],
[ 0.  1.  0.],
[-0.01969141 -0.99980611  0.        ],
[-0.07621955 -0.99709106  0.        ],
[ 0.  1.  0.],
[-0.97736167  0.21157544  0.        ],
[-0.0640675  -0.99794557  0.        ],
[ 0.  1.  0.],
[-0.502629   -0.86450222  0.        ],
[-0.12304443  0.99240116  0.        ],
[-0.7540854  -0.65677638  0.        ],
[ 0.  1.  0.],
[-0.17842457  0.98395359  0.        ],
[-0.06492308  0.99789027  0.        ],
[-0.07083352  0.99748815  0.        ],
[ 0.  1.  0.],
[-0.06252626 -0.99804332  0.        ],
[ 0.  1.  0.],
[-0.05466847  0.99850456  0.        ],
[ -4.68125466e-17   1.00000000e+00   0.00000000e+00],
[-0.02857115 -0.99959176  0.        ],
[ 0.  1.  0.],
[-0.53502834  0.84483411  0.        ],
[-0.91139361  0.41153577  0.        ],
[-0.52368945  0.85190924  0.        ],
[-0.56133235 -0.82759047  0.        ],
[-0.45364087  0.89118458  0.        ],
[-0.46554685  0.88502324  0.        ],
[-0.32937986  0.94419749  0.        ],
[-0.99496153  0.10025741  0.        ],
[-0.3282542   0.94458942  0.        ],
[-0.35049159 -0.93656588  0.        ],
[-0.02563097 -0.99967147  0.        ],
[-0.64946144 -0.76039453  0.        ],
[ 0.  1.  0.],
[-0.46417302 -0.88574455  0.        ],
[ 0.  1.  0.],
[-0.67309605  0.73955508  0.        ],
[-0.7523945  -0.65871277  0.        ],
[ 0.  1.  0.],
[-0.86863351  0.49545518  0.        ],
[-0.00708689 -0.99997489  0.        ],
[-0.03542901 -0.9993722   0.        ],
[ 0.  1.  0.],
[-0.02467774 -0.99969546  0.        ],
[-0.06153757  0.99810477  0.        ],
[-0.09105376 -0.99584598  0.        ],
[-0.90582754  0.42364664  0.        ],
[-0.63740149 -0.77053185  0.        ],
[ 0.  1.  0.],
[ 0.  1.  0.],
[-0.01070678 -0.99994268  0.        ],
[-0.70330235  0.71089085  0.        ],
[-0.5684782   0.82269833  0.        ],
[-0.22867382 -0.9735031   0.        ],
[-0.96961515  0.24463536  0.        ],
[-0.09541348  0.99543773  0.        ],
[-0.53375129 -0.84564151  0.        ],
[ -9.88034610e-04  -9.99999512e-01   0.00000000e+00],
[ 0.  1.  0.],
[-0.5875214  -0.80920863  0.        ],
[-0.54802242  0.83646364  0.        ],
[-0.114176    0.99346054  0.        ],
[ 0.  1.  0.],
[ 0.  1.  0.],
[-0.02326562 -0.99972932  0.        ],
[-0.97350463  0.2286673   0.        ],
[-0.29863805  0.95436645  0.        ],
[-0.55699368 -0.83051673  0.        ],
[ 0.  1.  0.],
[-0.03826889 -0.99926748  0.        ],
[-0.317006    0.94842353  0.        ],
[ 0.  1.  0.],
[ 0.  1.  0.],
[ 0.  1.  0.],
[-0.47452879 -0.88023998  0.        ],
[-0.69431947  0.71966692  0.        ],
[-0.71401331 -0.70013213  0.        ],
[  1.82308849e-16   1.00000000e+00   0.00000000e+00],
[-0.65706578 -0.75383324  0.        ],
[-0.04327098 -0.99906337  0.        ],
[-0.62802134  0.77819612  0.        ],
[ 0.  1.  0.],
[-0.10235651  0.99474778  0.        ],
[ 0.  1.  0.],
[ 0.  1.  0.],
[-0.4919183   0.87064136  0.        ],
[-0.25445304  0.96708513  0.        ],
[ 0.  1.  0.],
[ 0.  1.  0.],
[-0.72977563  0.68368672  0.        ],
[ 0.  1.  0.],
[-0.64590181 -0.76342049  0.        ],
[-0.97570174 -0.21910299  0.        ],
[-0.29525055 -0.95541986  0.        ],
[-0.18989711  0.981804    0.        ],
[-0.9929466  -0.11856241  0.        ],
[-0.9688476   0.24765767  0.        ],
[ 0.  1.  0.],
[-0.04134514 -0.99914492  0.        ],
[ 0.  1.  0.],
[-0.59247933 -0.80558565  0.        ],
[-0.96984222  0.2437336   0.        ],
[-0.00418087  0.99999126  0.        ],
[ 0.  1.  0.],
[-0.18884708  0.98200651  0.        ],
[ 0.  1.  0.],
[-0.88723912 -0.46130982  0.        ],
[ 0.  1.  0.],
[-0.73208753  0.68121057  0.        ],
[ 0.  1.  0.],
[  9.38765098e-17   1.00000000e+00   0.00000000e+00],
[  4.52172096e-17   1.00000000e+00   0.00000000e+00],
[ 0.  1.  0.],
[-0.99995347  0.00964618  0.        ],
[-0.93104942  0.36489312  0.        ],
[ 0.  1.  0.],
[-0.18360285 -0.98300051  0.        ],
[  9.24470059e-17   1.00000000e+00   0.00000000e+00],
[ 0.  1.  0.],
[-0.06330439 -0.99799427  0.        ],
[ 0.  1.  0.],
[-0.67143969  0.74105921  0.        ],
[-0.00883214 -0.999961    0.        ],
[-0.67167779 -0.7408434   0.        ],
[-0.0813598  0.9966848  0.       ],
[-0.0456105 -0.9989593  0.       ],
[-0.97372826  0.22771314  0.        ],
[ 0.  1.  0.],
[-0.30716295 -0.95165694  0.        ],
[ 0.  1.  0.],
[ 0.  1.  0.],
[ 0.  1.  0.],
[-0.45337107 -0.89132187  0.        ],
[-0.99999433  0.00336845  0.        ],
[ 0.  1.  0.],
[-0.04753014  0.9988698   0.        ],
[-0.95508646  0.29632727  0.        ],
[ 0.  1.  0.],
[-0.07776684 -0.99697157  0.        ],
[-0.18723005 -0.98231609  0.        ],
[-0.99947196 -0.03249316  0.        ],
[ 0.  1.  0.],
[-0.7086889  -0.70552112  0.        ],
[-0.08906544  0.99602578  0.        ],
[-0.01319577 -0.99991293  0.        ],
[-0.2635136  -0.96465568  0.        ],
[-0.38699232 -0.92208294  0.        ],
[-0.07796305 -0.99695625  0.        ],
[ 0.  1.  0.],
[-0.21450384  0.97672314  0.        ],
[-0.48430383  0.87489988  0.        ],
[-0.99438767 -0.10579778  0.        ],
[-0.01705855 -0.99985449  0.        ],
[-0.49806101 -0.86714199  0.        ],
[ 0.  1.  0.],
[-0.21802802 -0.97594251  0.        ],
[-0.76362631 -0.64565847  0.        ],
[-0.26201193 -0.96506463  0.        ],
[-0.71914643  0.69485855  0.        ],
[-0.69464098  0.71935659  0.        ],
[-0.49443697  0.86921349  0.        ],
[-0.0439455   0.99903393  0.        ],
[-0.06937067 -0.99759095  0.        ],
[-0.78451283  0.62011258  0.        ],
[-0.59905438  0.80070835  0.        ],
[-0.59556385 -0.80330798  0.        ],
[-0.29722104 -0.9548087   0.        ],
[ 0.  1.  0.],
[ 0.  1.  0.],
[-0.00855304 -0.99996342  0.        ],
[ 0.  1.  0.],
[ 0.  1.  0.],
[-0.99537391 -0.0960769   0.        ],
[-0.67302911 -0.739616    0.        ],
[-0.65441049  0.75613948  0.        ],
[-0.04846141 -0.99882506  0.        ],
[-0.05645706 -0.99840503  0.        ],
[-0.07507195 -0.99717812  0.        ],
[ 0.  1.  0.],
[ 0.  1.  0.],
[-0.50834645 -0.86115265  0.        ],
[-0.20010697 -0.97977406  0.        ],
[-0.92667547  0.37586245  0.        ],
[-0.2118422  -0.97730388  0.        ],
[-0.62953368  0.7769732   0.        ],
[-0.08199816 -0.99663248  0.        ],
[-0.04429305 -0.99901858  0.        ],
[-0.85562366 -0.51759845  0.        ],
[-0.93573417  0.35270605  0.        ],
[-0.02560707 -0.99967209  0.        ],
[-0.80997724  0.58646131  0.        ],
[-0.04432475  0.99901718  0.        ],
[-0.81370519 -0.58127779  0.        ],
[-0.43983413 -0.89807903  0.        ],
[-0.05862628 -0.99828     0.        ],
[-0.66494927 -0.74688853  0.        ],
[ 0.  1.  0.],
[-0.31159866  0.9502138   0.        ],
[-0.4180788   0.90841076  0.        ],
[-0.78456786 -0.62004296  0.        ],
[-0.37883754 -0.92546319  0.        ],
[ 0.  1.  0.],
[-0.28101177 -0.95970432  0.        ],
[-0.56973447  0.82182884  0.        ],
[ -9.30047965e-17   1.00000000e+00   0.00000000e+00],
[ 0.  1.  0.],
[ 0.  1.  0.],
[-0.43487359 -0.90049151  0.        ],
[-0.96193044 -0.27329441  0.        ],
[-0.02714059  0.99963163  0.        ],
[-0.38393919  0.92335838  0.        ],
[-0.00109021 -0.99999941  0.        ],
[-0.25666552  0.96650029  0.        ],
[-0.99993475 -0.01142355  0.        ],
[  2.31163131e-17   1.00000000e+00   0.00000000e+00],
[-0.04440351 -0.99901368  0.        ],
[-0.24983155  0.96828931  0.        ],
[-0.51980763 -0.85428334  0.        ],
[-0.83745185 -0.54651112  0.        ],
[-0.29703782 -0.95486571  0.        ],
[-0.4289192  -0.90334286  0.        ],
[-0.51889077 -0.85484055  0.        ],
[-0.00201607 -0.99999797  0.        ],
[-0.66099392 -0.75039125  0.        ],
[-0.78585293  0.61841343  0.        ],
[-0.23139508  0.97285986  0.        ],
[-0.04589465 -0.99894629  0.        ],
[ 0.  1.  0.],
[-0.98404562 -0.17791634  0.        ],
[-0.09194899  0.99576372  0.        ],
[ 0.  1.  0.],
[ 0.  1.  0.],
[ 0.  1.  0.],
[-0.88547167  0.46469336  0.        ],
[ -4.54009936e-17   1.00000000e+00   0.00000000e+00],
[-0.97282346  0.23154809  0.        ],
[-0.58248598 -0.81284075  0.        ],
[ 0.  1.  0.],
[  9.43657696e-17   1.00000000e+00   0.00000000e+00],
[ 0.  1.  0.],
[-0.03766865 -0.99929028  0.        ],
[-0.73271241  0.68053841  0.        ],
[-0.08875036 -0.9960539   0.        ],
[-0.37474078  0.92712963  0.        ],
[ 0.  1.  0.],
[-0.02421993  0.99970665  0.        ],
[-0.16079999  0.98698701  0.        ],
[ 0.  1.  0.],
[ 0.  1.  0.],
[ 0.  1.  0.],
[-0.52162495 -0.8531749   0.        ],
[-0.41128061 -0.91150878  0.        ],
[-0.51037895 -0.85994961  0.        ],
[-0.47649253  0.87917852  0.        ],
[ 0.  1.  0.],
[-0.99566278  0.09303563  0.        ],
[-0.99842226 -0.05615146  0.        ],
[ 0.  1.  0.],
[ 0.  1.  0.],
[-0.83940129  0.54351217  0.        ],
[-0.59673071 -0.80244156  0.        ],
[-0.05784831  0.99832538  0.        ],
[-0.36542746 -0.93083982  0.        ],
[-0.0175077  -0.99984673  0.        ],
[-0.61065912  0.79189358  0.        ],
[ -4.50518646e-17   1.00000000e+00   0.00000000e+00],
[-0.07929855 -0.99685091  0.        ],
[-0.49305477 -0.86999827  0.        ],
[ 0.  1.  0.],
[  9.00907825e-17   1.00000000e+00   0.00000000e+00],
[-0.10110866  0.99487539  0.        ],
[-0.56948872 -0.82199914  0.        ],
[-0.01841678 -0.9998304   0.        ],
[-0.82420559  0.56629069  0.        ],
[-0.98036576 -0.19718765  0.        ],
[-0.99908279  0.04282029  0.        ],
[-0.03559835 -0.99936618  0.        ],
[-0.87404024  0.48585353  0.        ],
[-0.06310355 -0.99800698  0.        ],
[-0.16212686  0.98676992  0.        ],
[-0.7054038  -0.70880567  0.        ],
[ -2.27939625e-17   1.00000000e+00   0.00000000e+00],
[-0.95492413 -0.29684996  0.        ],
[-0.98531928  0.17072176  0.        ],
[-0.63931    0.7689491  0.       ],
[ 0.  1.  0.],
[-0.90424052 -0.42702352  0.        ],
[-0.34224245 -0.93961168  0.        ],
[-0.07106195 -0.9974719   0.        ],
[ 0.  1.  0.],
[ 0.  1.  0.],
[ 0.  1.  0.],
[-0.47736668  0.87870419  0.        ],
[-0.96504916 -0.26206892  0.        ],
[-0.99893346 -0.04617291  0.        ],
[ 0.  1.  0.],
[-0.53195494 -0.84677266  0.        ],
[-0.04114784 -0.99915307  0.        ],
[ 0.  1.  0.],
[-0.23066918 -0.97303223  0.        ],
[-0.52610442 -0.85041998  0.        ],
[ 0.  1.  0.],
[-0.56919554 -0.82220218  0.        ],
[-0.99828953  0.05846381  0.        ],
[-0.8376416  -0.54622024  0.        ],
[-0.80268776 -0.59639949  0.        ],
[-0.46270771  0.8865109   0.        ],
[-0.74048917  0.67206829  0.        ],
[ 0.  1.  0.],
[-0.91464297  0.40426258  0.        ],
[ 0.  1.  0.],
[-0.06411354 -0.99794261  0.        ],
[-0.99124268 -0.13205283  0.        ],
[-0.06267759  0.99803383  0.        ],
[ 0.  1.  0.],
[-0.87752142  0.47953744  0.        ],
[-0.56356703 -0.82607034  0.        ],
[-0.41544102  0.90962012  0.        ],
[-0.16984576 -0.98547066  0.        ],
[-0.83232404  0.55428936  0.        ],
[ -2.29721956e-17   1.00000000e+00   0.00000000e+00],
[-0.09111249 -0.99584061  0.        ],
[ 0.  1.  0.],
[-0.73474323 -0.67834533  0.        ],
[-0.25158903 -0.96783416  0.        ],
[ -9.65686665e-04  -9.99999534e-01   0.00000000e+00],
[-0.48846261 -0.87258483  0.        ],
[-0.63101715  0.77576888  0.        ],
[-0.26961308  0.96296874  0.        ],
[ -9.20207251e-17   1.00000000e+00   0.00000000e+00],
[-0.39626619 -0.91813567  0.        ],
[-0.49464815 -0.86909332  0.        ],
[-0.39269725  0.91966781  0.        ],
[-0.58064006  0.81416038  0.        ],
[-0.61990741 -0.78467496  0.        ],
[-0.03724674 -0.9993061   0.        ],
[-0.12565441  0.99207407  0.        ],
[ -7.13660569e-19   1.00000000e+00   0.00000000e+00],
[-0.88602924  0.46362936  0.        ],
[ 0.  1.  0.],
[-0.08597335 -0.99629744  0.        ],
[ 0.  1.  0.],
[-0.04609192 -0.9989372   0.        ],
[-0.44136913 -0.89732563  0.        ],
[ 0.  1.  0.],
[-0.75645367  0.65404728  0.        ],
[  9.47666460e-17   1.00000000e+00   0.00000000e+00],
[-0.04307945  0.99907165  0.        ],
[ 0.  1.  0.],
[-0.5860539   0.81027207  0.        ],
[-0.0134796  -0.99990915  0.        ],
[-0.38124266 -0.924475    0.        ],
[ -9.58262358e-17   1.00000000e+00   0.00000000e+00],
[ 0.  1.  0.],
[-0.07731234  0.99700692  0.        ],
[  4.52758585e-17   1.00000000e+00   0.00000000e+00],
[ 0.  1.  0.],
[ 0.  1.  0.],
[-0.98478818  0.17375915  0.        ],
[ 0.  1.  0.],
[ 0.  1.  0.],
[ 0.  1.  0.],
[-0.11719336 -0.99310912  0.        ],
[ -3.73502231e-19   1.00000000e+00   0.00000000e+00],
[ 0.  1.  0.],
[-0.95189351 -0.30642902  0.        ],
[-0.03460033 -0.99940123  0.        ],
[ -2.38104519e-17   1.00000000e+00   0.00000000e+00],
[-0.08591214 -0.99630272  0.        ],
[ 0.  1.  0.],
[-0.1817747 -0.9833402  0.       ],
[-0.55948053 -0.82884349  0.        ],
[ -1.54748593e-04  -9.99999988e-01   0.00000000e+00],
[-0.05043158 -0.99872752  0.        ],
[-0.89312047 -0.44981756  0.        ],
[ 0.  1.  0.],
[ 0.  1.  0.],
[ 0.  1.  0.],
[-0.05190074 -0.99865225  0.        ],
[ 0.  1.  0.],
[-0.013975   -0.99990234  0.        ],
[ 0.  1.  0.],
[  1.14145949e-17   1.00000000e+00   0.00000000e+00],
[-0.06685723 -0.99776255  0.        ],
[ 0.  1.  0.],
[-0.75598158  0.65459289  0.        ],
[  2.39194833e-17   1.00000000e+00   0.00000000e+00],
[-0.2448602  0.9695584  0.       ],
[-0.41923722  0.90787673  0.        ],
[-0.94610667 -0.32385517  0.        ],
[-0.46346123 -0.8861172   0.        ],
[ 0.  1.  0.],
[ 0.  1.  0.],
[-0.01937037 -0.99981238  0.        ],
[-0.09815542  0.9951711   0.        ],
[-0.43833764 -0.89881039  0.        ],
[-0.62483288 -0.78075852  0.        ],
[-0.58469138  0.81125581  0.        ],
[ 0.  1.  0.],
[-0.03341385 -0.9994416   0.        ],
[  9.53781881e-17   1.00000000e+00   0.00000000e+00],
[-0.43270534 -0.9015354   0.        ],
[ 0.  1.  0.],
[-0.11004283  0.99392685  0.        ],
[-0.99979618  0.02018919  0.        ],
[-0.02953069 -0.99956387  0.        ],
[ 0.  1.  0.],
[  4.83379415e-17   1.00000000e+00   0.00000000e+00],
[-0.02534163  0.99967885  0.        ],
[-0.48537514  0.87430599  0.        ],
[-0.78694752  0.61701994  0.        ],
[-0.09139689 -0.99581455  0.        ],
[-0.06725744  0.99773565  0.        ],
[ 0.  1.  0.],
[-0.75957159  0.65042371  0.        ],
[-0.99874991  0.04998608  0.        ],
[ -3.85276949e-04   9.99999926e-01   0.00000000e+00],
[-0.90006208  0.43576169  0.        ],
[ 0.  1.  0.],
[  2.26532099e-17   1.00000000e+00   0.00000000e+00],
[-0.61725559  0.78676269  0.        ],
[ 0.  1.  0.],
[-0.18890125  0.98199609  0.        ],
[-0.99984829  0.01741802  0.        ],
[-0.31244942 -0.9499344   0.        ],
[ 0.  1.  0.],
[-0.97299398  0.2308305   0.        ],
[-0.25407244  0.96718519  0.        ],
[-0.973876    0.22708045  0.        ],
[ 0.  1.  0.],
[ 0.  1.  0.],
[-0.22358337 -0.97468481  0.        ],
[ 0.  1.  0.],
[ 0.  1.  0.],
[-0.00571376 -0.99998368  0.        ],
[ 0.  1.  0.],
[ 0.  1.  0.],
[ 0.  1.  0.],
[ 0.  1.  0.],
[ 0.  1.  0.],
[-0.09467314 -0.99550841  0.        ],
[-0.00699488 -0.99997554  0.        ],
[ 0.  1.  0.],
[ 0.  1.  0.],
[-0.76443945 -0.64469553  0.        ],
[-0.62970335  0.77683569  0.        ],
[-0.09293002 -0.99567264  0.        ],
[ -9.61844374e-17   1.00000000e+00   0.00000000e+00],
[ 0.  1.  0.],
[-0.41240732  0.91099956  0.        ],
[-0.88301032 -0.46935357  0.        ],
[-1.  0.  0.],
[ 0.  1.  0.],
[-0.86430271  0.50297199  0.        ],
[-0.04202196  0.99911669  0.        ],
[ 0.  1.  0.],
[-0.44240536 -0.89681519  0.        ],
[ 0.  1.  0.],
[-0.64102185  0.76752263  0.        ],
[ 0.  1.  0.],
[-0.11871859 -0.99292794  0.        ],
[-0.02029933 -0.99979395  0.        ],
[ 0.  1.  0.],
[ 0.  1.  0.],
[ 0.  1.  0.],
[ 0.  1.  0.],
[ 0.  1.  0.],
[-0.21368366  0.97690291  0.        ],
[ 0.  1.  0.],
[ 0.  1.  0.],
[ 0.  1.  0.],
[-0.94887158 -0.31566236  0.        ],
[ 0.  1.  0.],
[ 0.  1.  0.],
[-0.11892956  0.99290269  0.        ],
[ 0.  1.  0.],
[-0.9788976   0.20435138  0.        ],
[ 0.  1.  0.],
[-0.05131749 -0.99868239  0.        ],
[-0.48190091  0.87622572  0.        ],
[-0.7058629   0.70834848  0.        ],
[ 0.  1.  0.],
[-0.20456819 -0.97885232  0.        ],
[-0.51296342 -0.85841047  0.        ],
[-0.59247106  0.80559174  0.        ],
[ 0.  1.  0.],
[-0.95165543 -0.30716761  0.        ],
[ 0.  1.  0.],
[ 0.  1.  0.],
[-0.29841853  0.95443511  0.        ],
[-0.01027156 -0.99994725  0.        ],
[ 0.  1.  0.],
[-0.5181724   0.85527619  0.        ],
[-0.81589548 -0.57819942  0.        ],
[ 0.  1.  0.],
[-0.95276014  0.30372375  0.        ],
[-0.45587386  0.89004439  0.        ],
[-0.95437228  0.29861942  0.        ],
[-0.39073526 -0.9205031   0.        ],
[-0.42721037 -0.90415226  0.        ],
[ 0.  1.  0.],
[ 0.  1.  0.],
[-0.81273525 -0.58263317  0.        ],
[-0.02307066 -0.99973384  0.        ],
[-0.02330739 -0.99972835  0.        ],
[ 0.  1.  0.],
[  9.20368971e-17   1.00000000e+00   0.00000000e+00],
[-0.6652932  -0.74658219  0.        ],
[-0.01302366 -0.99991519  0.        ],
[-0.57650623 -0.81709275  0.        ],
[-0.34876922  0.93720864  0.        ],
[-0.02651721 -0.99964836  0.        ],
[-0.6575673  -0.75339581  0.        ],
[-0.1084002   0.99410734  0.        ],
[-0.65861278  0.75248203  0.        ],
[ 0.  1.  0.],
[-0.37611588  0.92657263  0.        ],
[-0.02626447  0.99965503  0.        ],
[-0.05392175 -0.99854516  0.        ],
[-0.40263579 -0.91536027  0.        ],
[ 0.  1.  0.],
[-0.14695337 -0.98914342  0.        ],
[-0.35963984 -0.9330912   0.        ],
[-0.73161548  0.68171753  0.        ],
[ -4.71168132e-17   1.00000000e+00   0.00000000e+00],
[-0.94750127  0.319752    0.        ],
[ 0.  1.  0.],
[-0.40206762 -0.91560998  0.        ],
[-0.65391645  0.75656677  0.        ],
[ 0.  1.  0.],
[-0.42684297  0.90432576  0.        ],
[-0.19550644  0.98070242  0.        ],
[ 0.  1.  0.],
[-0.1369113  -0.99058331  0.        ],
[ 0.  1.  0.],
[-0.09525937 -0.99545249  0.        ],
[-0.28227073 -0.95933479  0.        ],
[-0.69890068 -0.71521873  0.        ],
[-0.60614277 -0.79535586  0.        ],
[-0.51300862 -0.85838346  0.        ],
[-0.66477608 -0.74704268  0.        ],
[-0.56950635  0.82198693  0.        ],
[-0.22542892  0.97425962  0.        ],
[-0.79316317 -0.60900918  0.        ],
[-0.59641248 -0.80267812  0.        ],
[-0.02167351 -0.9997651   0.        ],
[-0.43434434 -0.90074691  0.        ],
[-0.0535085   0.99856739  0.        ],
[-0.80751795 -0.58984299  0.        ],
[-0.30048531  0.95378644  0.        ],
[-0.28396735 -0.95883395  0.        ],
[-0.99786221 -0.06535294  0.        ],
[-0.99502786  0.09959698  0.        ],
[-0.15434739  0.98801664  0.        ],
[-0.51849821  0.85507871  0.        ],
[-0.62740977 -0.77868927  0.        ],
[-0.54328543 -0.83954806  0.        ],
[ 0.  1.  0.],
[ 0.  1.  0.],
[-0.44244956  0.89679339  0.        ],
[-0.00514377 -0.99998677  0.        ],
[ -9.18446693e-17   1.00000000e+00   0.00000000e+00],
[-0.68436339 -0.72914111  0.        ],
[-0.33538045 -0.94208277  0.        ],
[-0.39512013  0.91862946  0.        ],
[ -4.65943827e-17   1.00000000e+00   0.00000000e+00],
[-0.06605849 -0.99781575  0.        ],
[-0.07992514 -0.99680087  0.        ],
[ 0.  1.  0.],
[-0.77618009  0.63051127  0.        ],
[-0.17336574  0.98485751  0.        ],
[-0.30324457 -0.95291276  0.        ],
[-0.18374247 -0.98297442  0.        ],
[-0.69624585 -0.71780339  0.        ],
[-0.07076825 -0.99749278  0.        ],
[-0.83649564  0.54797357  0.        ],
[ 0.  1.  0.],
[-0.59435394  0.80420358  0.        ],
[ 0.  1.  0.],
[-0.08824185  0.99609908  0.        ],
[-0.88135061 -0.47246281  0.        ],
[-0.17016266  0.98541599  0.        ],
[ 0.  1.  0.],
[-0.3160498  0.9487426  0.       ],
[-0.2393532   0.97093256  0.        ],
[-0.24328048  0.96995598  0.        ],
[ 0.  1.  0.],
[ 0.  1.  0.],
[-0.0663047  -0.99779942  0.        ],
[-0.94314859  0.3323714   0.        ],
[-0.1825175  0.9832026  0.       ],
[-0.01436255 -0.99989685  0.        ],
[-0.87389969  0.4861063   0.        ],
[  9.15029083e-17   1.00000000e+00   0.00000000e+00],
[-0.72703973  0.6865954   0.        ],
[ -3.50265728e-04   9.99999939e-01   0.00000000e+00],
[ 0.  1.  0.],
[-0.17672271 -0.98426068  0.        ],
[ 0.  1.  0.],
[-0.86552433 -0.50086689  0.        ],
[-0.81873281  0.5741747   0.        ],
[-0.59876358  0.80092582  0.        ],
[ 0.  1.  0.],
[ 0.  1.  0.],
[ 0.  1.  0.],
[-0.97043977  0.24134342  0.        ],
[ 0.  1.  0.],
[ 0.  1.  0.],
[ 0.  1.  0.],
[ 0.  1.  0.],
[-0.08157065 -0.99666756  0.        ],
[ 0.  1.  0.],
[-0.98922137  0.14642774  0.        ],
[-0.65019571 -0.75976676  0.        ],
[-0.83534108 -0.54973201  0.        ],
[-0.82170581  0.56991189  0.        ],
[  4.89659392e-17   1.00000000e+00   0.00000000e+00],
[-0.98731768  0.15875706  0.        ],
[ 0.  1.  0.],
[-0.11752537 -0.99306988  0.        ],
[-0.49036086  0.8715195   0.        ],
[-0.06950262 -0.99758177  0.        ],
[-0.6872195   0.72644983  0.        ],
[ -4.83986340e-17   1.00000000e+00   0.00000000e+00],
[ 0.  1.  0.],
[-0.51989608 -0.85422952  0.        ],
[ 0.  1.  0.],
[-0.59269123  0.80542977  0.        ],
[ 0.  1.  0.],
[-0.61925607  0.7851891   0.        ],
[-0.76249325 -0.64699617  0.        ],
[-0.3140973  0.9493908  0.       ],
[ 0.  1.  0.],
[ -4.73312767e-17   1.00000000e+00   0.00000000e+00],
[ -1.81952548e-16   1.00000000e+00   0.00000000e+00],
[-0.09917461  0.99507005  0.        ],
[ 0.  1.  0.],
[-0.63068667  0.77603758  0.        ],
[-0.58819289  0.80872067  0.        ],
[-0.38001003  0.92498237  0.        ],
[-0.18826828 -0.98211764  0.        ],
[ 0.  1.  0.],
[ 0.  1.  0.],
[-0.77635859 -0.63029147  0.        ],
[ 0.  1.  0.],
[-0.08629369 -0.99626974  0.        ],
[-0.01526958 -0.99988341  0.        ],
[-0.87026538 -0.49258316  0.        ],
[-0.83493755  0.55034469  0.        ],
[-0.65810081  0.75292983  0.        ],
[-0.0862864  -0.99627037  0.        ],
[  9.27988255e-17   1.00000000e+00   0.00000000e+00],
[ 0.  1.  0.],
[ 0.  1.  0.],
[-0.23534543 -0.97191179  0.        ],
[ 0.  1.  0.],
[-0.24287648  0.97005722  0.        ],
[-0.03482358 -0.99939348  0.        ],
[-0.02124637 -0.99977427  0.        ],
[-0.2572442  -0.96634643  0.        ],
[ 0.  1.  0.],
[-0.65274733 -0.75757569  0.        ],
[-0.37087984  0.92868086  0.        ],
[-0.84282562 -0.53818674  0.        ],
[-0.03329044 -0.99944572  0.        ],
[ 0.  1.  0.],
[ 0.  1.  0.],
[-0.24243103  0.97016864  0.        ],
[  9.54612247e-17   1.00000000e+00   0.00000000e+00],
[-0.79994312 -0.60007583  0.        ],
[-0.98707951  0.16023124  0.        ],
[  4.72806338e-17   1.00000000e+00   0.00000000e+00],
[-0.26821265 -0.96335973  0.        ],
[-0.39953832  0.9167165   0.        ],
[ 0.  1.  0.],
[-0.41951416 -0.90774879  0.        ],
[-0.85033869  0.5262358   0.        ],
[-0.99943485 -0.03361506  0.        ],
[-0.16504451  0.98628612  0.        ],
[-0.72561802 -0.68809773  0.        ],
[ 0.  1.  0.],
[-0.39260284 -0.91970811  0.        ],
[-0.97868444  0.20536982  0.        ],
[-0.5071545   0.86185516  0.        ],
[ 0.  1.  0.],
[-0.59322032  0.80504016  0.        ],
[-0.80078025  0.59895825  0.        ],
[-0.1874264   0.98227865  0.        ],
[-0.25897619 -0.9658837   0.        ],
[  4.84798283e-17   1.00000000e+00   0.00000000e+00],
[-0.05338425 -0.99857404  0.        ],
[-0.38747936  0.92187838  0.        ],
[-0.33633567 -0.94174217  0.        ],
[-0.91357095 -0.40667937  0.        ],
[-0.03147262  0.99950461  0.        ],
[-0.44856299 -0.89375122  0.        ],
[-0.19893083  0.98001353  0.        ],
[ 0.  1.  0.],
[-0.59667828 -0.80248055  0.        ],
[ 0.  1.  0.],
[  9.39342599e-17   1.00000000e+00   0.00000000e+00],
[ 0.  1.  0.],
[-0.01714824 -0.99985296  0.        ],
[ 0.  1.  0.],
[ 0.  1.  0.],
[-0.81547168  0.57879698  0.        ],
[-0.24366749  0.96985883  0.        ],
[ 0.  1.  0.],
[-0.93659435 -0.3504155   0.        ],
[-0.81582922 -0.5782929   0.        ],
[-0.06866813 -0.99763956  0.        ],
[ 0.  1.  0.],
[ 0.  1.  0.],
[-0.079294   -0.99685127  0.        ],
[-0.31017121  0.95068072  0.        ],
[-0.96572553  0.2595654   0.        ],
[ 0.  1.  0.],
[-0.64608945 -0.7632617   0.        ],
[ -9.26723085e-17   1.00000000e+00   0.00000000e+00],
[-0.02767177 -0.99961706  0.        ],
[ 0.  1.  0.],
[-0.50238507 -0.864644    0.        ],
[-0.8108138   0.58530417  0.        ],
[ 0.  1.  0.],
[ 0.  1.  0.],
[ 0.  1.  0.],
[ 0.  1.  0.],
[-0.54452401 -0.83874525  0.        ],
[ 0.  1.  0.],
[-0.00575579  0.99998344  0.        ],
[-0.99898544 -0.04503435  0.        ],
[-0.27280814  0.96206846  0.        ],
[ 0.  1.  0.],
[ 0.  1.  0.],
[ 0.  1.  0.],
[ 0.  1.  0.],
[-0.63042201 -0.77625259  0.        ],
[ 0.  1.  0.],
[ 0.  1.  0.],
[-0.0306624 -0.9995298  0.       ],
[-0.05888    -0.99826507  0.        ],
[ 0.  1.  0.],
[-0.10798923 -0.99415206  0.        ],
[ 0.  1.  0.],
[-0.06180884  0.99808801  0.        ],
[-0.99933998  0.03632629  0.        ],
[ 0.  1.  0.],
[-0.69157076 -0.72230871  0.        ],
[-0.99336382  0.11501444  0.        ],
[-0.69534795 -0.71867324  0.        ],
[-0.6937083  -0.72025607  0.        ],
[-0.6271766   0.77887708  0.        ],
[ 0.  1.  0.],
[ 0.  1.  0.],
[-0.16513105 -0.98627163  0.        ],
[-0.02704939  0.9996341   0.        ],
[-0.02153802 -0.99976803  0.        ],
[-0.58841047  0.80856238  0.        ],
[-0.60622615 -0.79529231  0.        ],
[-0.35749666  0.93391442  0.        ],
[-0.61210621 -0.79077556  0.        ],
[-0.07405906 -0.99725386  0.        ],
[-0.9915804   0.12949253  0.        ],
[ 0.  1.  0.],
[ 0.  1.  0.],
[-0.99999555  0.00298439  0.        ],
[-0.0342594  -0.99941297  0.        ],
[ -4.54757839e-17   1.00000000e+00   0.00000000e+00],
[ 0.  1.  0.],
[-0.50906189 -0.86072992  0.        ],
[-0.01841373 -0.99983045  0.        ],
[-0.03746679 -0.99929787  0.        ],
[-0.5903094   0.80717706  0.        ],
[-0.28627443 -0.95814767  0.        ],
[-0.56994445  0.82168323  0.        ],
[-0.06009484 -0.99819267  0.        ],
[ -1.14186268e-17   1.00000000e+00   0.00000000e+00],
[ 0.  1.  0.],
[-0.02259417 -0.99974472  0.        ],
[ 0.  1.  0.],
[-0.01614686 -0.99986963  0.        ],
[-0.08539251 -0.99634739  0.        ],
[ 0.  1.  0.],
[-0.0823081  -0.99660693  0.        ],
[-0.07370101 -0.99728038  0.        ],
[-0.01594388 -0.99987289  0.        ],
[-0.04650633 -0.998918    0.        ],
[-0.6814197  -0.73189288  0.        ],
[-0.00875987 -0.99996163  0.        ],
[-0.01695876 -0.99985619  0.        ],
[-0.22419867  0.97454346  0.        ],
[ 0.  1.  0.],
[-0.529365   -0.84839419  0.        ],
[ 0.  1.  0.],
[-0.9958223   0.09131236  0.        ],
[-0.55902957  0.82914772  0.        ],
[-0.99774006 -0.06719209  0.        ],
[-0.83504946 -0.55017487  0.        ],
[-0.34492373  0.93863072  0.        ],
[-0.99057982  0.13693659  0.        ],
[-0.61344132  0.7897403   0.        ],
[-0.69772898 -0.71636183  0.        ],
[-0.65675315 -0.75410563  0.        ],
[-0.88226036  0.47076179  0.        ],
[ 0.  1.  0.],
[ 0.  1.  0.],
[-0.01701267 -0.99985527  0.        ],
[-0.97695768  0.21343311  0.        ],
[-0.56560716  0.82467481  0.        ],
[-0.99969427 -0.02472564  0.        ],
[ 0.  1.  0.],
[ 0.  1.  0.],
[-0.42077764 -0.90716381  0.        ],
[-0.16511922  0.98627362  0.        ],
[  4.52011309e-17   1.00000000e+00   0.00000000e+00],
[ -9.20834019e-17   1.00000000e+00   0.00000000e+00],
[-0.19980267 -0.97983616  0.        ],
[-0.69451062  0.71948246  0.        ],
[-0.15709981 -0.98758273  0.        ],
