[  8.89485433e+00   6.19437321e+00   7.82015389e-04],
[  7.44010881e+00   1.03107419e+01   8.75197547e-03],
[ 8.48053848  6.14672924  0.05174734],
[  8.61721415  10.93772562   0.19138232],
[  8.01967134  11.57909433   0.83151696],
[  4.91626009  11.39829788   0.91922795],
[  7.33587147  10.03092419   0.94580628],
[  5.74984286  10.4201726    1.11012182],
[ 8.03834322  9.757211    1.23671929],
[ 8.40331453  6.02009082  1.41697686],
[  9.12897149  10.50788229   1.47267852],
[  3.30162529  13.02498386   1.49223806],
[ 8.79281563  5.38857089  1.69725558],
[  4.51496222  13.42962642   1.76526325],
[ 9.54213382  7.95126791  2.12983739],
[ 8.00855946  6.51053655  2.2055113 ],
[  3.81076192  13.25695616   2.31146899],
[  5.63080814  10.41774909   2.4768957 ],
[ 8.50505019  3.50545347  2.55953811],
[ 9.29273854  5.37756561  2.60980925],
[ 8.7355504   3.72319991  2.71075829],
[  7.19573913  10.70660055   2.74713324],
[ 9.48958213  3.71925614  2.76847566],
[ 8.27363942  7.80558618  2.81155033],
[  5.98680464  10.04113836   2.84429126],
[  8.4095935   10.90486642   2.97720693],
[  4.89636382  11.72956437   2.99081174],
[ 7.12249973  9.26861082  3.23665326],
[  8.22388572  10.05337872   3.51001105],
[  6.98535434  11.06804867   3.58994024],
[  3.39247071  11.51147517   3.7113177 ],
[  5.03211981  13.37790705   3.74042315],
[  7.59342893  11.71487739   3.95517628],
[  5.82081968  13.00620553   3.97109667],
[ 9.11886924  5.78080576  4.03200744],
[  4.76923303  11.43453272   4.21639786],
[ 10.17429184   4.91147582   4.30107868],
[  3.57880427  12.81253008   4.48445502],
[  6.04056547  10.1825052    4.53714229],
[  2.97307566  13.59936751   4.59896382],
[ 8.95569418  6.68720809  4.6286232 ],
[  6.48059941  12.83390256   4.88087903],
[  5.30338939  12.87864086   4.94405962],
[ 8.20437639  7.43120576  4.98264073],
[  3.5454204   14.37791487   5.12172368],
[ 6.42122348  9.57199226  5.26345257],
[  5.23713049  11.17833126   5.42426163],
[ 8.2570929   8.94443224  5.4482563 ],
[  3.02733683  13.83086898   5.5345932 ],
[ 7.83346081  7.49272992  5.62293905],
[  5.99022727  13.51354602   5.67273238],
[  8.60250846  10.48608478   5.7574292 ],
[ 9.59235411  4.27868593  5.90569447],
[  5.61713521  10.40114288   5.91349139],
[ 9.35744303  3.50972179  5.9318717 ],
[ 9.15785066  3.52635597  6.05007338],
[ 8.77144393  8.58313829  6.12187643],
[  8.69736895  10.37969725   6.25893349],
[ 8.04705315  9.1000157   6.27163476],
[  3.58369749  12.02318428   6.34830104],
[  3.8136629   11.59736727   6.37595914],
[ 7.78563067  9.50013545  6.41532447],
[  3.4556662   11.9369638    6.54983526],
[ 9.47961397  2.93794523  6.71291756],
[ 7.76055934  9.92825726  6.73405398],
[ 8.57868618  4.20534158  6.96572257],
[  7.61450164  11.38287256   7.07629894],
[  4.3527585   13.32863117   7.10814353],
[ 9.77097999  6.88328909  7.13414688],
[ 8.69318535  5.21286754  7.24250839],
[ 7.94849397  8.22721471  7.2750144 ],
[  6.00354581  12.78054164   7.27957969],
[  8.06971516  10.00603057   7.33190769],
[ 8.46028157  4.58409715  7.76012658],
[  4.85588907  12.58008849   7.94706172],
[ 9.39920454  8.25616889  7.98580199],
[  6.65607884  10.17094655   8.01308883],
[ 9.41089922  3.61552108  8.02199727],
[  5.55148603  11.32251882   8.08708485],
[  2.92919048  14.77693349   8.38525836],
[  5.53969694  12.73711129   8.66723007],
[ 8.61018678  3.2075128   8.77185627],
[  7.31765637  11.00829583   8.8510834 ],
[ 9.29659723  9.35022174  8.86211822],
[  4.2418755   13.08759977   8.97262999],
[  4.5980084   13.32252132   9.03377258],
[  2.55595828  12.56261198   9.08553237],
[  5.57654914  12.30281142   9.13933556],
[  3.66260824  13.33524488   9.2136705 ],
[ 9.51378155  8.11815818  9.21909434],
[  5.79795802  12.32096717   9.24824455],
[  5.73044514  13.38005837   9.27388309],
[  7.23471498  12.60057434   9.2969293 ],
[  6.15460617  13.11839463   9.3624273 ],
[ 7.05870613  9.45454438  9.44696962],
[ 8.15982853  8.17905797  9.49099735],
[  3.58009779  12.3016683    9.51240755],
[ 8.60112244  7.13620163  9.58757224],
[  3.08364176  14.43295956   9.7110997 ],
[  5.59450322  12.65923046   9.78526321],
[ 8.64647114  8.5306359   9.78806192],
[ 9.52578013  3.61676043  9.88155551],
[  2.84527144  13.15084437  10.00653306],
[  7.03685933  10.07818582  10.09212329],
[  7.44759061   9.6201782   10.40353069],
[  8.07024774  11.0942451   10.42529328],
[  8.74004011  10.92035005  10.58802038],
[  9.66113042   4.51144916  11.06234465],
[  8.81705968   6.26557963  11.17444714],
[  9.81880541   3.27502014  11.27212956],
[  8.78281816   8.526526    11.29078705],
[  6.03376929  11.91038719  11.39579394],
[  9.70527806   7.98335441  11.43292346],
[  6.96534448  12.3975307   11.44331919],
[  8.30374707   9.83688112  11.52298032],
[  9.69675144   4.5793726   11.675219  ],
[  7.45973967  11.24139474  11.76614428],
[  3.10952874  14.40785577  11.80641276],
[  8.68352685   3.42840972  11.8242469 ],
[  3.15367153  13.70762929  11.87181907],
[  6.91426893  12.87454454  12.00657809],
[  3.1333821   13.66519406  12.47798751],
[  4.58674945  14.23733227  12.58320424],
[  8.20054996   8.18155786  12.5852515 ],
[  4.78667544  12.41724053  12.67119597],
[  7.96549493   8.32474355  12.68100488],
[  8.95564806   4.14594087  12.77216036],
[  7.63866475   8.32463568  12.82217716],
[  7.58830528  10.59337388  12.86262958],
[  8.18095825   5.69280141  13.07514644],
[  9.20885002   9.92485409  13.11499554],
[  3.06881965  12.61176228  13.26711507],
[  7.28532345   8.88702324  13.35198783],
[  9.64548798   2.91296667  13.82731914],
[  3.49094439  12.81420992  13.8308906 ],
[  9.23302313   3.18171029  13.84075579],
[  8.80387288   5.23900137  13.88732926],
[  8.99693036   9.91330097  13.89522177],
[  6.61394307   9.81347113  14.01539837],
[  6.23170847  10.36481111  14.03701658],
[  8.3773201    4.64610347  14.12247932],
[  7.19337297  10.86231029  14.19987252],
[  9.88494832   4.47584599  14.43476047],
[  8.16073472   7.50770333  14.43928698],
[  5.9150728   11.32104618  14.5235098 ],
[  9.04380224   7.07490968  14.54241333],
[  7.75515802  10.02238629  14.69829775],
[  3.5669896   13.48638418  14.72248054],
[  8.65680714   3.6018753   15.08721202],
[  8.54736371   9.61081157  15.08875193],
[  9.00957852   8.24266671  15.09416083],
[  7.94723159   9.13530126  15.31967801],
[  3.34689882  11.41923128  15.3530064 ],
[  5.24381997  10.5291267   15.36302474],
[  6.16252299  12.82423382  15.36746334],
[  5.1464756   11.9132529   15.52114222],
[ 10.12169318   4.8478809   15.60453726],
[  9.41344642   3.34980433  15.66989313],
[  7.45824119   7.86161228  15.67547809],
[  8.19466563   5.21337382  15.71656094],
[  6.6591435   12.328888    15.80869285],
[  9.5569736    3.09030322  15.9257193 ],
[  8.16815974   9.7293909   15.94216814],
[  7.15549042   9.30483485  16.05991352],
[  4.34111355  13.09754195  16.09771398],
[  8.13701495  10.9917211   16.09878912],
[  3.8840486   11.37148689  16.12245944],
[  6.95611318   9.75292644  16.15075362],
[  8.25950322   3.54613561  16.4016578 ],
[  5.38450985  10.46303183  16.54000849],
[  7.05062561  12.05166756  16.64570521],
[  6.98877303   9.26894189  16.70077844],
[  9.59686751   3.67332377  16.73506641],
[  4.96851482  13.75519693  16.80994401],
[ 10.09044587   6.10218496  16.99304188],
[  6.34842563  12.07900482  17.00594318],
[  6.48455957  12.18100096  17.07524073],
[  9.1482838    7.25368207  17.23463484],
[  4.59072919  13.50984619  17.40840953],
[  6.43788589  11.0915081   17.54496553],
[  5.06070524  12.13242434  17.62947671],
[  5.40915807  11.16905932  17.6533296 ],
[  4.84968996  10.94322333  17.72873226],
[  6.63957207  12.26973335  17.75205027],
[  5.41587844  13.37779673  17.77835164],
[  8.47897519   6.30996654  18.30125972],
[  4.04054127  14.0141827   18.34090314],
[  8.4487576    6.67156651  18.45177497],
[  2.78560061  12.93341757  18.51846727],
[  3.35996597  13.73571563  18.52726858],
[  2.81321253  13.07558181  18.71537712],
[  7.46435131  10.86026498  18.72028035],
[  2.85008953  12.25735078  18.73786934],
[  8.29098513  11.58902572  18.91639199],
[  4.45811131  14.21431508  18.98910035],
[ 10.01152755   5.10819974  19.02190277],
[  7.44200396  11.25371192  19.17207513],
[  7.08052931  12.71063365  19.37303068],
[  3.54964345  12.20303302  19.43417139],
[  4.67989999  13.10199409  19.5528086 ],
[  9.09456749   9.41884946  19.64836954],
[  6.35049565  12.38563737  19.71955776],
[  2.59741898  12.5838636   19.73241432],
[  8.01324379  11.34019746  19.75851251],
[  7.20774949  12.67199673  19.7711857 ],
[  6.93430783  10.74156904  20.02633086],
[  3.74489712  12.53883124  20.03212539],
[  5.88906065  11.92441419  20.15890943],
[  8.04419195   9.37901232  20.55011459],
[  5.27551346  11.37588157  20.62914283],
[  6.98572195  12.74490226  20.86512313],
[  2.92558596  12.78558878  20.88042118],
[  8.92407583   7.73087929  21.03063818],
[  9.5009206    3.68139879  21.13387165],
[  9.55314138   5.2946624   21.21146013],
[  3.11600669  14.41962361  21.35849182],
[  3.74345137  12.10836177  21.44991654],
[  8.63316502   5.12214115  21.5442007 ],
[  9.36486945   9.48189896  21.66952741],
[  4.64339468  11.96136654  21.73334066],
[  5.90282856  10.82986304  22.04517759],
[  8.04281699   6.29918544  22.13236066],
[  2.72669745  13.17044023  22.19538215],
[  4.90214325  11.63836768  22.24357882],
[  9.42458778   3.38872447  22.25301348],
[  5.0548687   11.75868074  22.37208267],
[  3.8579501   13.61514938  22.51726432],
[  9.34279164   3.23952891  22.54461016],
[  3.32465547  11.96672671  22.73278975],
[  8.64767372   6.86607533  22.79971562],
[  7.29035744   9.51314681  22.90460285],
[  7.76601599  10.97432127  22.93595993],
[  3.31402142  11.56229103  22.99463216],
[  8.29222237   3.90186125  22.99752829],
[  6.92075293   9.98767433  23.0865169 ],
[  4.08739296  13.6955254   23.16375007],
[  7.7465468    9.25480292  23.22116326],
[  3.77973718  12.40671953  23.23646601],
[  3.25502113  13.98083852  23.34527717],
[  8.92589759   9.89002531  23.39419647],
[  5.4062383   12.47814485  23.48618635],
[  9.04733776   8.97129952  23.65064451],
[  6.36677403  13.0245745   23.6758086 ],
[  7.47135591   8.65080342  23.68949028],
[  7.48873926   8.03898275  23.70927131],
[  3.24808536  13.27772925  23.72858674],
[  8.33345178   3.84988901  23.82313883],
[  4.64584104  13.77060662  23.88713103],
[  5.14745624  10.99957435  23.94078519],
[  6.56331136  10.85961826  24.17058814],
[  6.08109584  12.56213368  24.18419944],
[  2.72054618  13.35577513  24.23420747],
[  9.64017639   2.6249984   24.51237164],
[  9.29510053   4.1590252   24.5241242 ],
[  4.9665613   13.36086958  24.62915867],
[  5.61260938  12.33202252  24.65402748],
[  8.43368526   6.54991499  24.92701834],
[  8.5183459   11.10418068  25.10651126],
[  6.27507164  10.18684616  25.15540221],
[  8.25898114   9.66553227  25.22206181],
[  9.63075661   5.94019194  25.31974248],
[  5.38620097  11.72717006  25.34491011],
[ 10.25103327   5.12996254  25.42558017],
[  8.07873815  11.72806952  25.44731783],
[  9.3005338    3.58817932  25.53354894],
[  8.71060833   9.31450825  25.76261598],
[  7.96345395  10.34955223  25.78114101],
[  8.12210897  11.6057736   25.95125515],
[  8.31767601   8.04057252  26.26326934],
[  8.71903085   3.45673831  26.26424192],
[  8.89615436   6.55337104  26.26617986],
[ 10.12243185   6.22556083  26.57015775],
[  5.13686006  10.99894344  26.7082419 ],
[  5.20495348  13.12736378  26.72645225],
[  6.60531197  10.50467631  26.73580665],
[  9.19521939   4.49222169  26.75026665],
[  5.47687971  11.99018093  26.83483091],
[  9.67095182   4.85835997  26.86192168],
[  3.55778684  11.59555743  26.88255351],
[  8.32280067   4.54265678  27.01566717],
[  8.28774751  11.45646713  27.1697689 ],
[  4.67269358  12.5784586   27.26880302],
[  9.06302642   5.86640257  27.34118983],
[  6.37000237  11.01256105  27.38142462],
[  8.72702892   5.25243778  27.40523635],
[  8.2412346    3.98195246  27.44615292],
[  8.06239383   6.54650585  27.57747823],
[  4.48978233  12.64155235  27.60993649],
[  3.24223883  12.23219549  27.84408345],
[  6.46787534  13.24058056  28.09464887],
[  4.70390744  12.71819467  28.10229518],
[  9.03976313   3.80599767  28.21045502],
[  3.59738382  11.87354991  28.29547852],
[  6.75630861  12.05850924  28.37540197],
[  9.41514478   2.53614118  28.38532461],
[  7.96432622  10.43704739  28.48530604],
[  4.40180942  11.34381705  28.675082  ],
[  9.06975052   7.95783769  28.74175994],
[  6.39121956  12.10626422  28.76044215],
[  6.1371339   11.57123365  28.90637367],
[  6.24628386  11.73586234  28.94129039],
[  8.38241751   3.52829283  29.07204549],
[  7.8733272   11.93088572  29.11820553],
[  4.20726673  12.26391167  29.14115797],
[  4.26934786  14.25500723  29.2422339 ],
[  3.6690034   12.46322088  29.3370041 ],
[  8.73133997   7.21802843  29.4675821 ],
[  6.50622632  11.65633695  29.52144143],
[  8.7105756    4.94598793  29.5450978 ],
[  9.08062814   4.34635484  29.55954425],
[  3.92744199  13.93379675  29.56784608],
[  6.9951023    9.72660836  29.72371769],
[  6.52157149   9.6733327   29.90337114],
[  7.37082563  12.3182409   30.0351662 ],
[  8.10347665   6.03856267  30.18524749],
[  8.00972614  10.78158765  30.23094601],
[  8.56187417   9.31785739  30.2981514 ],
[  8.81305473   8.70165962  30.38511206],
[  3.59748949  13.35730956  30.45515528],
[  3.65372687  13.63335994  30.6363308 ],
[  5.80396798  12.97926335  30.70912429],
[  9.46744833   2.57228259  30.7297407 ],
[  5.01961238  12.35714778  30.83791797],
[  4.40612428  13.07279714  30.93459284],
[  6.15154251  12.56152234  30.95374943],
[  9.44039206   6.44074917  31.04396806],
[  3.20045569  13.77579228  31.04682128],
[  4.53817845  12.23277249  31.14331883],
[  5.19301896  12.84432563  31.153291  ],
[  9.03561558   5.96440997  31.22087832],
[  9.21797003   5.63613283  31.36123361],
[  9.51711097   2.87161919  31.48816013],
[  8.20833152   5.89174992  31.56012348],
[  9.26576575   5.90482807  31.63803467],
[  4.22331068  14.13794535  31.66135971],
[  3.40504247  11.47272838  31.70951677],
[  3.45028551  12.10023892  31.76689016],
[  4.40084892  12.77372441  31.82569602],
[ 10.05575782   5.8380491   31.85589307],
[  5.38689069  13.33752936  31.90640759],
[  8.86016545  10.53351674  31.92945677],
[  4.19213005  14.04440652  32.28776091],
[  8.2606952   11.61454827  32.56617396],
[  9.1627292    5.14710376  32.60543599],
[  4.99184591  10.90654817  32.68787556],
[  5.77792809  10.66266305  32.82978326],
[  6.35850153  10.78024216  32.88966085],
[  2.66989392  12.90771773  32.90943774],
[  8.0747604   10.98919108  32.99419474],
[  8.64415226   7.71212151  33.04368011],
[  9.64337614   6.32816145  33.44709311],
[  5.64076745  10.62209402  33.50468222],
[  6.21292025  12.5846606   33.56789806],
[  3.59040858  11.49421806  33.71680637],
[  7.98026355   7.35677191  33.75466079],
[  8.52375194   6.78261965  33.77317478],
[  7.34651234  12.28334977  33.83653136],
[  4.49283412  13.81456731  34.07187349],
[  8.4679689    8.72762242  34.15521073],
[  6.14220677  12.39621309  34.21783557],
[  4.50401712  12.00661501  34.34397745],
[  5.3890682   11.52419989  34.37348558],
[  8.8299673    2.98999761  34.40443679],
[  4.4503055   11.35408287  34.44056231],
[  8.51807443   4.01158196  34.63666345],
[  6.70631099  10.64616188  34.74250921],
[  4.47818236  11.58762357  34.74791098],
[  9.55878858   6.33502494  34.82469938],
[  8.12030173   6.17756576  34.87863702],
[  8.3888207    5.07062538  34.98210468],
[  8.42470039   8.02173746  35.39922658],
[  7.6467158    9.66233475  35.68428328],
[  4.1792475   11.14978078  35.80508932],
[  7.28175153   8.75039053  35.89420978],
[  4.20313871  11.77791134  35.94473165],
[  3.45351781  12.61272206  36.03874388],
[  8.90962961   5.39113768  36.04069448],
[  8.49191626   4.33230723  36.08064047],
[  7.4738445   12.14195608  36.10924696],
[  2.54924603  11.72773819  36.27409397],
[  8.42793507  11.27566438  36.45440789],
[ 10.02280928   5.37552999  36.56695226],
[  2.77631445  13.11577612  36.67832248],
[  6.51200788  12.66801869  36.9599715 ],
[  5.42916051  10.65428321  37.06845908],
[  9.82072882   2.74067369  37.09276193],
[  7.7889298    9.92065785  37.09288941],
[  9.8778771    4.39910534  37.10258478],
[  5.67151607  11.7521664   37.35471157],
[  8.24225122  10.54758511  37.54708187],
[  7.13952402  11.3188191   37.8473858 ],
[  6.25431802  10.64267145  37.91437023],
[  8.34879393   6.65099302  37.98452375],
[  9.25838414   6.24620955  38.05244742],
[  8.39839483   6.13361086  38.08061905],
[  9.06263814   6.30093497  38.10341493],
[  3.94264208  11.83090605  38.1548192 ],
[  9.64984391   3.18072673  38.17746703],
[  8.87656786   4.07653716  38.19155362],
[  7.71637937   7.63208041  38.22918238],
[  8.4087691    3.93881673  38.60273763],
[  8.08894542   8.91859618  38.61743114],
[  7.48533306   9.1460165   38.76716305],
[  8.58973864   4.7025442   38.81052747],
[  8.47939566   7.72364966  38.9044553 ],
[  7.41787612  10.80765266  38.94816539],
[  7.25023236  11.40323673  38.94949309],
[  8.03964525  10.30292611  39.05061171],
[  4.25410308  14.11094874  39.16922613],
[  9.11605123   3.24946518  39.18171472],
[  6.77366655  10.17507376  39.26755837],
[  5.71316975  11.30623125  39.56541718],
[  8.5068584    9.36245282  39.68763612],
[  3.18011901  12.63128425  39.7968042 ],
[  8.3743896    3.81285793  39.97483883],
[  4.32936619  11.51554569  40.08902516],
[  2.46858823  11.84229478  40.09574299],
[  5.32225209  12.79043781  40.19204492],
[  7.55356766  11.23540317  40.2980199 ],
[  2.99567372  14.21084837  40.57164993],
[  8.70780585   3.52716866  40.71120375],
[  9.67480128   5.58097428  40.72680838],
[ 10.08925223   6.86640936  40.88931863],
[  4.07920624  13.05814971  40.93175676],
[  9.59179011   4.18120143  40.98327881],
[  9.26406046   7.43892134  41.18535872],
[  7.69889735  11.35573164  41.19049857],
[  9.63284286   3.2011283   41.42693398],
[  9.51744315   2.505203    41.43951462],
[  8.6304215    6.97621838  41.71907043],
[  8.89547076   4.84690832  41.80611931],
[  9.03283102   5.91577423  41.84405486],
[  3.4478737   12.26433341  41.86894615],
[  6.35459302  10.91826547  41.88334669],
[  7.29442761   9.37766924  41.97651324],
[  9.13670027   4.45597745  42.14396292],
[  9.23689205   4.26453013  42.32051701],
[  8.43995802   3.59727402  42.45932762],
[ 10.13210094   4.21600749  42.93750389],
[  8.8362808    5.91538103  42.97159255],
[  4.02760352  13.80265455  42.98102573],
[  4.23961821  13.44756406  43.21997739],
[ 10.29441434   4.89709213  43.22046836],
[  9.87290548   4.15861445  43.22918015],
[  5.78411787  11.52164618  43.28347314],
[  5.80702457  13.02566633  43.31366676],
[  8.06165414   7.1976645   43.52447052],
[  3.47058584  13.08245843  43.56608495],
[  3.79499554  11.87408798  43.6613789 ],
[  8.47677998   9.29726152  43.73046746],
[  5.89897676  11.69331625  43.7799401 ],
[  8.30108277   7.89084557  43.83241275],
[  9.16884023   3.89653307  43.91678426],
[  4.79706367  11.63980418  43.97788426],
[  3.24552728  12.82279818  44.01334451],
[  5.17392309  11.22219171  44.0245043 ],
[  7.92402156   7.27370546  44.40054809],
[  8.69908876   6.78482094  44.49419606],
[  9.40000876   6.42454281  44.58557154],
[  7.37111912  10.58739435  44.593245  ],
[  9.25512924   3.04884656  44.6617971 ],
[  3.55042821  14.48271391  44.68839625],
[  9.41476787   3.90181023  44.9178955 ],
[  6.58982914  11.29189472  45.13693719],
[  5.22752557  11.15233313  45.15031881],
[  2.44421816  11.84648895  45.1742922 ],
[  5.99178874  11.18766688  45.21976689],
[  8.9619268    6.54295151  45.25989353],
[  5.52480855  11.34185877  45.42463223],
[  7.11444004  12.26909299  45.49060859],
[  8.79833271   5.04948046  45.81980848],
[  5.90504084  11.23845761  46.05757737],
[  3.22695982  13.74641804  46.15979589],
[  8.04341564  10.14370041  46.19796564],
[  5.05221367  13.30546999  46.33505119],
[  8.90200753   3.60468273  46.45285681],
[  8.37529005   8.61404245  46.47270531],
[ 10.2157155    5.25567609  46.73359647],
[  6.62785651  11.09405726  46.94828567],
[  5.28080286  12.68606591  46.95347145],
[  7.4433748   12.38423428  47.05089369],
[  9.78772989   6.21772748  47.05301965],
[  7.09270785  10.32512611  47.09640526],
[  9.12033982   2.82827253  47.16241513],
[  9.91482844   4.15128294  47.22516348],
[  9.43261017   7.47937865  47.27964672],
[  6.52438891  12.95761372  47.40509656],
[  6.2835145   12.03430114  47.55603576],
[  5.62742016  11.11521207  47.78415704],
[  5.17168882  12.98559119  47.83932197],
[  8.07024169  11.81240088  47.91367508],
[  8.83297312   3.30739474  47.97292334],
[  3.46877494  12.22408534  48.02505913],
[  4.33675614  14.04941958  48.07547411],
[  8.29469196  11.0135827   48.0802847 ],
[  6.68407756  12.21296262  48.219672  ],
[  8.31958015   4.42624892  48.34296259],
[  9.04209787   3.27951432  48.53582157],
[ 10.17375359   5.88906451  48.63608376],
[  8.48766427   4.6584706   48.9358535 ],
[  8.61085495   5.87860883  48.94657902],
[  5.01530868  11.29252891  49.04800718],
[  7.59383656  11.04114703  49.12351231],
[  8.79916685   8.66528147  49.12805783],
[  3.33039787  13.26773913  49.75111453],
[  4.11168264  13.76660883  49.76238753],
[  5.84817416  11.68215142  49.78241982],
[  8.62300268  10.7556121   49.91135007],
[  4.34289965  12.81759211  49.92033819],
[  7.90568109   7.31274808  49.93035643],
[  9.47769107   2.81468631  50.00145625],
[  4.69974162  12.03831042  50.14886723],
[  4.66838713  11.31343054  50.34223654],
[  9.13583593   5.44420145  50.41200927],
[  9.99889689   4.60420169  50.49881174],
[  5.54482402  11.31261012  50.50225063],
[  9.91412859   4.23517316  50.69444137],
[  7.91280068   8.53726435  50.72855696],
[  8.93778361   4.82292726  50.75451517],
[  4.070299    13.18379555  50.80114677],
[  9.46041999   2.97670457  50.84216812],
[  6.13141035  12.83100907  50.88240152],
[  3.10621763  14.63772373  50.94880361],
[  8.44584241   6.34269276  50.96468626],
[  3.27308461  12.14808777  51.11062225],
[  4.58008618  13.99113997  51.43384129],
[  4.68042719  13.62215598  51.47403536],
[  6.81177547   9.6377838   51.5496547 ],
[  6.7541662   12.85057214  51.65165165],
[  7.61390127  10.01031475  51.85466012],
[  8.49668404  10.59360942  52.04023903],
[  8.88417419   8.47156223  52.1155646 ],
[  9.34271409   8.55148492  52.12970801],
[  6.0150971   11.35094     52.14626377],
[  7.03361763  11.82224983  52.19105134],
[  9.09786431   4.72222535  52.25385161],
[  8.81452487   4.53765664  52.29602725],
[  5.85438657  11.80175575  52.29683766],
[  5.90620372  11.00273299  52.38949441],
[  6.47145889   9.87690612  52.61326766],
[  5.52861805  11.49217958  52.68835202],
[  8.14106389  10.0250524   52.77981413],
[  3.50036662  13.9570922   52.78547273],
[  9.66800009   5.0396087   52.82474276],
[  6.2785401    9.79382371  52.99246337],
[  6.76765767  12.14514148  53.11610962],
[  7.74613838  11.73753413  53.14334085],
[  9.65254842   2.73652997  53.18311631],
[  9.68340177   5.01961498  53.32530963],
[  8.75033656   5.41089443  53.47244652],
[  6.88874841  11.76591108  53.83007691],
[  5.93507272  12.81646165  53.84479324],
[  9.8813687    3.1245557   53.98385784],
[  5.08493645  11.23186239  54.13801773],
[  8.23270839   5.59411488  54.17167702],
[  6.49270631  12.89488617  54.28648304],
[  7.78840335  11.72404221  54.44892639],
[  3.86041546  12.47038525  54.48799028],
[  6.29910424  10.86316533  54.58585388],
[  9.05613731   9.64386861  54.89717738],
[  9.41423496   9.00756205  55.01176737],
[  6.31229513  11.41827838  55.10677198],
[  9.53670017   9.10798325  55.21158714],
[  6.94097798  11.70053401  55.33841409],
[  7.19150513   9.68716272  55.44766267],
[  7.75386963   6.99065201  55.61503939],
[  8.81991438   6.22080134  55.94250464],
[  7.19154099  12.30197406  56.12906351],
[  5.2782216   11.30207592  56.21589906],
[  5.21428932  13.16499948  56.26442266],
[  8.01906325   8.66478414  56.32970393],
[  7.6669466   10.11587808  56.57544131],
[  6.77036195  10.38309754  56.66086903],
[  5.03992142  12.90016111  56.78021625],
[  9.51685841   2.59557249  56.80927962],
[  2.60680511  12.82746941  56.84335234],
[  3.90184038  13.56694605  56.90586599],
[ 10.21703962   5.21049688  57.25163085],
[  5.31585017  13.75398934  57.2819176 ],
[  7.57666142   7.80098736  57.37562418],
[  5.58689926  13.5293828   57.51269879],
[  9.20582018   4.50474104  57.55990242],
[  3.92008732  14.10049552  57.61400936],
[  9.55127925   4.60834181  57.65251934],
[  9.11385946   9.27813344  57.80280878],
[ 10.04248638   7.15472781  57.84949792],
[  8.76546091   4.81681285  57.8553241 ],
[  6.5367303   10.47271582  58.08238229],
[  7.2265014    9.08170527  58.15727818],
[  3.21637318  14.07822559  58.1718521 ],
[  8.44396386   4.08829519  58.21947935],
[  8.16253969   5.58848433  58.37225704],
[  7.90178477   6.47735347  58.39963389],
[  8.5693767    3.51960788  58.40573019],
[  8.24555152   4.84771467  58.44153999],
[  9.65727901   5.31035974  58.58284884],
[  6.65650429  10.97524592  58.61624084],
[  2.65354534  11.88568051  58.62654763],
[  8.4301517    6.49918975  58.65580375],
[  4.38468744  13.0592625   58.77591649],
[  6.1444826   12.57689834  58.99693177],
[  7.18776643   8.96465651  59.03357872],
[  4.50881936  11.63061946  59.57627046],
[  5.93112598  12.42541903  59.63118426],
[  7.36480833  10.24208461  59.74521226],
[  7.78356172  10.93898972  59.79382107],
[  9.63044991   4.0011828   59.83661834],
[  5.13720705  10.73091565  59.89002654],
[  8.2786568    5.16956625  60.08588473],
[  9.07274746   4.6595425   60.10504327],
[  9.12338134   5.97839707  60.19424758],
[  7.74420422  11.30446742  60.26072197],
[  7.56663105  11.2048871   60.29170809],
[  6.12876089  11.97190441  60.3519414 ],
[  7.74670725   7.81461555  60.49597437],
[  6.62376526  12.48043031  60.69719702],
[  7.24600024  11.3999624   60.70139274],
[  4.43650539  13.02342308  60.71235945],
[  3.20538044  14.12052557  60.74590594],
[  8.90731619   3.08292831  60.75128692],
[  4.47286083  14.04634595  60.80968728],
[  3.76487048  12.74189093  60.81244948],
[  8.27182062   7.76036425  60.81433323],
[  5.77661682  10.87449442  60.8865258 ],
[  8.71771429   6.87229827  61.0822071 ],
[  3.46397692  11.41626338  61.13500741],
[  9.83546241   5.15821487  61.15393795],
[  9.29569895   5.92729488  61.20269331],
[  9.72970239   5.4832085   61.21983142],
[  6.80520169  12.85799658  61.32809671],
[  8.44108228   6.0749688   61.40484372],
[  9.09518583   7.00431056  61.45520025],
[  2.78529552  12.69117826  61.46357184],
[  7.07973555  10.16210054  61.48550175],
[  7.18808491   9.52788195  61.50265973],
[  8.58385935   4.55168389  61.5899428 ],
[  4.36404251  13.9580843   61.59337627],
[  6.45902152  13.2551208   61.77335283],
[  8.9909347    4.97014761  61.93787592],
[  8.36839352   3.83619739  61.99683042],
[  6.81891827  12.4627891   62.16686491],
[ 10.05256158   7.12526252  62.35525817],
[  3.05853658  14.42997388  62.37603607],
[  6.79483087  10.16812178  62.53562314],
[ 10.0781961    7.04498513  62.57349366],
[ 10.02128268   5.50113345  62.6693037 ],
[ 10.12823697   4.67243101  62.71636315],
[  4.97239863  11.2144283   62.7294171 ],
[  4.53629927  12.00833076  62.77561109],
[  6.65370098   9.55707388  62.8171131 ],
[  9.52160633   2.91400362  62.82651543],
[  6.85462292  12.0932957   63.22523275],
[  7.32572623   9.61611041  63.3768162 ],
[  9.90335424   4.30983453  63.40417223],
[  3.1671262   11.80673787  63.67694385],
[  5.36157136  13.56806155  63.95830269],
[  2.49426053  12.15596437  64.0998586 ],
[  7.42005854  12.36511867  64.25079245],
[  8.90393929   7.1037312   64.37300734],
[  3.13104417  12.2964435   64.46433709],
[  8.87908958   4.39386743  64.60337402],
[  8.215189     5.64356699  64.7806616 ],
[  3.50288118  14.18351749  64.80653974],
[  4.36256426  13.57216563  64.86057905],
[  8.92911915   9.49479241  65.05167396],
[  8.41668277  10.789278    65.14227314],
[  3.40015344  13.13770097  65.21500021],
[  5.14457664  11.13442664  65.23328704],
[  9.55543266   3.12163653  65.24650189],
[  8.27385506   8.05373228  65.54856251],
[  7.77504096   8.02512895  65.59303381],
[  9.90695842   5.60629321  65.63376743],
[  5.21999031  12.1968088   65.75786311],
[  3.79462872  12.38959538  65.87258144],
[  5.59566444  11.77508024  66.15329454],
[  7.76847443   9.490924    66.25611173],
[  5.90683389  10.51060735  66.25967095],
[  9.58927798   8.07478042  66.42518765],
[  5.5276547   12.74088537  66.45837158],
[  4.67816221  11.94382136  66.5214675 ],
[  3.51359455  12.62551382  66.5528029 ],
[  7.22944855   8.66202643  66.94084206],
[  6.05919015  11.1725506   66.94274609],
[  3.46031599  11.55798275  66.95848455],
[  8.64768867   3.19304676  67.58828368],
[  6.72439896  11.38921513  67.781184  ],
[  2.86070926  11.9567343   67.8012824 ],
[  5.05104655  13.40573313  67.8023647 ],
[  9.88000296   4.39358216  67.82365964],
[  9.17064639   3.70241348  67.92500885],
[  5.48062655  10.8610799   67.950973  ],
[  8.90562795   4.24109412  68.07109775],
[  9.28506992   9.84037606  68.16152035],
[ 10.22433605   5.8088496   68.16641179],
[  8.07719756  10.90844225  68.24814713],
[  4.11967361  14.22005332  68.33918912],
[  8.33336386   6.507675    68.3743734 ],
[  7.03663031  12.10095558  68.37644459],
[  5.08038029  13.8916785   68.63623589],
[  5.45971042  12.33520347  68.72909594],
[  5.94596567  11.71597009  68.78335497],
[  7.45240981  11.33787362  68.98583867],
[  5.96192791  10.43641276  69.14412933],
[  8.92004702   5.79468081  69.15634551],
[  5.35722461  12.22964456  69.23541375],
[  9.56759006   2.7043907   69.24169671],
[  9.63841121   7.97154222  69.31482471],
[  2.76112206  13.34871961  69.6986897 ],
[  7.53837506  10.99275876  69.81742475],
[  5.28976751  13.18834184  70.02215473],
[  8.3049788    3.49098533  70.16963108],
[  8.80842674   4.24776558  70.18137512],
[  9.69691798   3.47181043  70.35814759],
[  8.1658026    5.40385556  70.41773026],
[  2.91202644  11.86839166  70.42830616],
[  9.01228622   3.79065283  70.45393449],
[ 10.06197566   3.92592425  70.49454637],
[  4.10256675  11.74834993  70.49623053],
[ 10.03039143   6.95289     70.53918174],
[  5.87075976  12.49585789  70.57556571],
[  8.99552373  10.0160766   70.7060216 ],
[  9.2140815    8.88108054  70.83986833],
[  2.65891597  11.68962156  70.88047248],
[  6.06276607  12.91934608  70.89887427],
[  9.02458607   6.09671373  71.06550816],
[  2.6204814   12.73581178  71.66926878],
[  9.24588598   4.4369251   71.74614556],
[  8.88307048   8.79418304  71.78100843],
[  3.47507883  13.91278209  71.94823801],
[  7.39234368  10.49546046  72.13116634],
[  4.78707711  12.30096876  72.20525429],
[  9.50008359   4.6740075   72.2086933 ],
[  7.86734588  10.92642692  72.25323118],
[  6.27167042  10.7647486   72.33541227],
[  6.95620145  12.020393    72.62696502],
[  9.06364762   6.95054201  72.64861633],
[  2.43344836  11.62807512  72.76099497],
[  7.6050636    7.90465491  72.83072384],
[  8.74291952   4.60736597  72.90528184],
[  3.69307702  14.35024836  73.0479123 ],
[  5.15482786  12.71506532  73.31647972],
[  9.19022962   9.52036969  73.33899041],
[  5.79637075  12.33096782  73.65426771],
[  3.81139956  14.51194891  73.76294829],
[  9.88813281   6.52239465  73.78668626],
[  9.74551149   3.91626716  73.90653214],
[ 10.00469156   4.70636335  74.02983413],
[  5.60299036  10.91494995  74.070654  ],
[  9.01295849   9.30766117  74.14206686],
[  9.7232535    7.42362304  74.213813  ],
[  7.88183314  11.14812347  74.38314299],
[  8.29116068   5.10443671  74.38644478],
[  9.77139239   4.70635494  74.40229693],
[  7.5110578   10.06537669  74.56177043],
[  8.64376573   4.37215677  74.65654849],
[  8.81500405   8.8037756   75.02892822],
[  6.66029271  12.02716255  75.08885036],
[  7.21671573  11.67763307  75.18713387],
[  7.52944569  11.68080631  75.2016914 ],
[ 10.24480365   5.4585763   75.29077645],
[  5.86353086  12.49434262  75.34335086],
[  6.49185658  10.6505205   75.3998921 ],
[  9.07737803   4.96718983  75.40750162],
[  9.45802755   2.88687822  75.5442086 ],
[  3.09737084  14.1571346   75.74550863],
[  8.39296928   3.85152006  75.900747  ],
[  9.96965641   3.22145713  75.94415247],
[  6.15587646  11.86267343  75.98848474],
[  8.95977241   3.27413182  76.11924009],
[  7.29202514  10.41675416  76.91153581],
[  7.15751547   9.8647499   77.24631488],
[  8.9199495   10.83835887  77.46001861],
[  5.53940335  13.56403499  77.49723236],
[  8.69159229   5.14094317  77.88754584],
[  8.42751804   5.88784349  78.03444785],
[  4.95324716  11.29186027  78.04472511],
[  2.67306176  11.74911705  78.20400121],
[  3.41872128  11.62702222  78.27606326],
[  3.90679528  13.93373586  78.34922736],
[  9.05305744   6.68580959  78.41141107],
[  8.82927017   4.68447516  78.51880172],
[ 10.05077324   4.1127604   78.69990052],
[ 10.13424178   4.9116597   78.75094974],
[  9.01939998   5.33469643  78.98974981],
[  9.30732289   5.33847191  79.10886284],
[  7.11188805   9.60633527  79.11947142],
[  9.3133836    3.93104276  79.12121084],
[  7.4107985    9.12005568  79.17207458],
[  7.34176567   9.58706991  79.20017673],
[  8.8599357    6.80168079  79.20034535],
[  4.76276016  12.51245132  79.22312435],
[  8.25796387   5.41600273  79.25540441],
[  8.85039989   6.6532537   79.31676518],
[  9.74131112   7.41177782  79.32888365],
[  3.24156733  12.86602749  79.49072504],
[  9.35774981   9.61884281  79.50801901],
[  5.7255819   12.01169508  79.63846818],
[  4.66379963  12.41001751  79.66647179],
[  9.71836887   4.56328568  79.84563615],
[  6.07653372  11.73300284  80.20875006],
[  9.01968756   4.75174567  80.26003158],
[  2.68733538  13.42772428  80.32401301],
[  8.24341479   7.10918336  80.50524234],
[  5.26215511  11.33203444  80.52030874],
[  8.19296911   5.76148771  80.763316  ],
[  9.60309924   6.51582457  81.08933033],
[  7.88919803   6.54319372  81.22306495],
[  7.85327934   7.65769239  81.27224929],
[  6.57201331   9.62906061  81.45362926],
[  5.18270482  11.49866343  81.46150098],
[  4.82412865  14.00335651  81.91485007],
[  6.58074328   9.77616342  81.99235994],
[  7.74661142  10.48051386  82.04719921],
[  7.10455978  12.25722719  82.20419474],
[  3.92040034  12.11733623  82.23597204],
[  4.23566271  14.34890805  82.31369067],
[  5.0361868   11.90680318  82.40238896],
[  8.52710008   6.87203866  82.53945396],
[  9.2560742    4.27230011  82.53948396],
[  7.2694574    9.7148629   82.55825635],
[  6.03309068  10.01132355  82.65766166],
[  9.31289047   7.34521554  82.91328431],
[  3.59585957  12.64917506  83.0327209 ],
[  8.05814045  10.6409311   83.42466398],
[  4.26752781  14.18683116  83.45091213],
[  6.03379384  10.95539836  83.45400091],
[  7.99293489   9.10591755  83.47484989],
[  4.5514896   12.28652654  83.47816421],
[  8.40344514   4.13655434  83.61752118],
[  9.3093678    9.75841528  83.67715755],
[  7.25749387  11.14113501  83.70399948],
[  8.78901837   9.64372851  83.73058332],
[  8.41315337   6.39382079  83.73780687],
[  5.71753239  13.12955638  83.85467578],
[  8.77061879   8.56837148  83.92515015],
[  6.63821515  12.92845385  83.9865122 ],
[  9.22611865   6.79023112  84.01873675],
[  4.22972455  12.98863813  84.21866729],
[  4.77624934  11.82169694  84.24459051],
[  9.72565174   6.79451865  84.2962077 ],
[  8.92607838  10.24076825  84.34777665],
[  4.95731414  12.46986269  84.37507036],
[  7.63392915  10.72237174  84.38988989],
[  6.93330085  12.22496627  84.3991252 ],
[  2.81810881  11.89395355  84.49812732],
[  8.21995766   4.46506123  84.52706732],
[  3.91393768  11.25067572  84.76944805],
[  8.90028341   5.94157062  85.09841633],
[  9.44359648   4.69438337  85.18843414],
[  9.94064895   4.92534197  85.29884342],
[  3.11683764  13.03070372  85.34078061],
[  6.70126309  11.21780233  85.38498166],
[  5.59602288  10.61440319  85.41370691],
[  8.91981496   4.49601085  85.41496402],
[  9.39765264   5.33064912  85.44803265],
[  6.3485086   11.99724827  85.5540408 ],
[  8.68630263   6.71350397  85.61328839],
[  9.75573523   7.48108357  85.81921992],
[  5.07439527  10.8377713   85.83487167],
[  6.09186137  13.21071868  85.8431446 ],
[  8.46547107  10.77731394  85.90333731],
[  8.92809677   5.69509874  85.95216155],
[  8.41196167   5.11716228  85.9651622 ],
[  8.6080797    3.45466648  86.02587717],
[  6.81217954  11.33618578  86.08571708],
[  2.94369895  12.21769157  86.32335628],
[  4.55997669  11.46296424  86.41349462],
[  7.7074083    8.69001231  86.49355308],
[  9.1642223    8.88869967  86.61266015],
[  6.66058679  11.40704026  86.64541613],
[  3.45915708  11.4673647   86.74466992],
[  4.79700495  11.84244745  86.80322515],
[  9.63441617   7.42584148  86.89821875],
[  5.90087521  10.62682898  87.11071165],
[  4.56799195  13.93452727  87.28594089],
[  5.70388323  10.59806655  87.35817848],
[  8.67404306   5.61789848  87.56517499],
[  8.66607346   4.9122037   87.59121193],
[  8.1451399    9.17667981  87.67259932],
[ 10.02943749   7.11651067  87.7282262 ],
[  9.12408117   3.71130103  87.7343427 ],
[  8.64587831   7.74949432  87.92057516],
[  5.28583901  11.60249377  87.9769769 ],
[  9.06036419   3.1696562   88.05732933],
[  7.68387408   9.67223455  88.31701234],
[  8.7918002    8.85735506  88.33658484],
[  5.70271973  12.12860518  88.72225275],
[  5.06160962  11.89676763  88.79551684],
[  7.34742731   8.45465578  88.89875576],
[  7.81171057  11.02648656  88.92321753],
[  8.74558646   9.90499759  89.01928747],
[  6.07923864  10.7762619   89.15903133],
[  6.18340903  11.0458394   89.1767124 ],
[  4.5339605   12.96908747  89.26410341],
[  9.71382305   7.51355413  89.56204312],
[  7.739648    11.66444066  89.62634052],
[  2.74091979  13.78562156  89.68877172],
[  7.90720917   7.98382935  89.77218116],
[  9.40886267   2.97612034  89.8579515 ],
[  6.57776058   9.48587238  89.86325568],
[  5.16101861  13.65047808  90.02952746],
[  4.77165067  14.0820782   90.02981232],
[  5.63321213  11.27852538  90.18614557],
[  2.8434839   12.05788824  90.343935  ],
[  8.73257966  10.24688973  90.3550253 ],
[  7.01861181  11.43894131  90.37726603],
[  6.65201615   9.9671772   90.37986561],
[  2.44130815  11.83799592  90.55432123],
[  9.43714322   2.73319804  90.64029033],
[  7.87571114   9.55904772  90.66663457],
[  7.84294358   6.52659212  90.77804936],
[  6.72535185  10.79876124  90.85868859],
[  3.86670344  11.6488954   91.03772129],
[  8.00836255   5.79143399  91.10653758],
[  4.42166994  11.45253975  91.14575537],
[  7.04117613  12.60542369  91.21270912],
[  7.12273123   9.97319221  91.37188142],
[  7.13669475  10.2978934   91.38208134],
[  7.91250645   6.39130951  91.44901849],
[  4.70531229  11.76436248  91.56631661],
[  9.63871779   5.3192963   91.57585389],
[  9.43236859   9.29027879  91.61756668],
[  3.07053101  11.6253375   91.6680568 ],
[  5.18269084  10.5941357   91.9437709 ],
[  4.82659188  12.7501099   92.33684927],
[  9.63156703   5.16593374  92.36898732],
[  6.48312603  11.95096649  92.50765302],
[  7.64783153   7.75025674  92.76744898],
[  3.7296956   14.41899513  92.83254555],
[  7.61823251   9.86182058  92.92336   ],
[  3.02156236  12.26182108  93.0208698 ],
[  4.23350443  12.62870239  93.19358031],
[  9.31466233   6.98489816  93.25367097],
[  4.21268901  13.12929936  93.32164743],
[  3.91562922  11.35700721  93.32746106],
[  9.65360879   8.57233976  93.37032633],
[  3.67284297  13.79760173  93.45949954],
[  8.63974016   4.94768877  93.54806989],
[  6.48541364  11.35498346  93.76689683],
[  7.4457527    8.17976058  93.81496048],
[  3.10307586  12.02118868  93.99189971],
[  3.81084442  11.46018143  94.13957984],
[  8.06286828   7.24400277  94.58370901],
[  5.59999044  13.24852352  94.60469571],
[  8.37251228   7.52084044  94.61276092],
[  6.07737046  10.114309    94.67009947],
[  9.65990017   8.25406606  94.77950438],
[  8.57553305   6.51215604  94.86278237],
[  3.86934636  11.69065669  95.05961828],
[  4.53128175  11.74631081  95.0662717 ],
[  2.87156585  12.36549947  95.13501665],
[  7.21742248   8.87632754  95.19184798],
[  9.15101285   8.59408984  95.27233882],
[  8.002407     5.92195639  95.37847131],
[  9.62852962   2.37673579  95.5901709 ],
[  6.18724689  12.21508338  95.63114375],
[  8.62358027   9.30070595  95.85298864],
[  8.16944467   5.20899882  95.8989679 ],
[  4.50063341  14.18127799  96.01327102],
[  9.50569225   4.35690097  96.11629959],
[  3.8882636   13.52386603  96.18172683],
[  9.82004468   4.12271705  96.20360666],
[  7.43633676   8.34381469  96.30180719],
[  8.28891221   7.83197534  96.57105744],
[  9.80759621   7.43581819  96.77159818],
[  9.32763084   3.97649375  96.77383921],
[  6.70639946  12.45783841  96.89557649],
[  7.26977753  10.47718692  96.90186404],
[  6.79871179  12.89401433  96.95249928],
[  9.55128353   8.4568809   97.01345887],
[  4.08053543  12.69064106  97.32781588],
[  9.43608911   3.81621417  97.40589337],
[  5.49311366  11.91962935  97.41812073],
[  6.25587432   9.98945509  97.5746484 ],
[  2.65487747  13.13297634  97.6375477 ],
[  7.81159876   7.24935972  97.64831149],
[  8.61183145   8.53112885  97.64886879],
[  9.02501675   4.69950943  97.68428913],
[  9.35610006   6.78934966  97.7374922 ],
[  8.32714252   8.47186568  97.8861149 ],
[  8.1857813    7.0306723   98.04114668],
[  8.30706684   7.37983231  98.06903637],
[  8.62396526   8.45434353  98.18657362],
[  5.42243814  13.17170735  98.3279082 ],
[  3.09564335  11.74811006  98.336381  ],
[  9.60519562   3.96307753  98.41212852],
[  9.42966161   5.93361869  98.66756631],
[  4.58800022  12.44664642  98.72239331],
[  4.36625045  14.17924401  98.83982115],
[  3.57078071  14.16003443  98.98270064],
[  3.29982026  14.20052981  98.98609636],
[  6.27734248  13.18224332  99.05811716],
[  3.99725078  12.5154849   99.11421071],
[  9.9043635    4.84317289  99.23004577],
[  6.32898015  10.77220775  99.27865808],
[  8.5496551    9.22407611  99.30717964],
[  6.03641144  12.09425031  99.3904299 ],
[  6.3919037   11.41225803  99.45340645],
[  7.89648261   9.54353814  99.68034719],
[  3.73834441  12.31908332  99.82373787],
