[  8.20961271  11.15523236   0.06682839],
[  7.02799835  10.08241261   0.62197744],
[ 9.13445607  6.62259498  0.63503111],
[ 9.31648642  4.16285296  0.69096435],
[ 8.21016354  7.97647472  0.8151319 ],
[ 9.67186563  2.54305148  0.84184735],
[ 7.13031888  9.78653826  0.92662986],
[  6.3715139   11.55865298   1.24665884],
[  2.49104647  11.58161179   1.42448369],
[  8.13185509  11.69934644   1.6124709 ],
[ 8.74221305  7.86961777  1.72131271],
[  3.93412173  14.02390217   1.85034636],
[  3.4639441   11.81400771   1.889612  ],
[  5.50866757  12.30888001   2.00257016],
[  6.14127424  13.02526726   2.06148464],
[ 8.4243534   3.75610188  2.28394799],
[  4.81075287  13.03565456   2.3047509 ],
[  4.18255573  12.25628431   2.30535557],
[  8.07341635  11.65681829   2.71118777],
[ 8.93142074  3.22994068  2.94977415],
[  4.39639942  11.89309432   2.9636484 ],
[ 9.73042534  7.08113262  3.22576683],
[  5.55505239  10.91454423   3.23912837],
[  3.29802623  12.30469458   3.51871024],
[ 7.34265492  9.42053898  3.59803972],
[  5.02144525  12.95486885   3.98518852],
[  3.59550964  13.35504903   4.34000974],
[ 8.09307782  6.5475012   4.37075718],
[  3.76743814  13.09315374   4.52716647],
[  6.20525614  12.40280228   4.82722435],
[ 9.16040895  4.39847571  4.87372086],
[  4.31114764  14.27334602   4.94137876],
[ 8.90830943  6.69285465  5.03384983],
[  2.6918411   12.60598581   5.09798653],
[  3.43482032  14.47737952   5.19321661],
[ 8.81418927  3.30576024  5.43587687],
[  7.44433828  11.01436269   5.48028593],
[ 7.06592977  8.94668899  5.53151354],
[  3.22725195  14.12195591   5.59976274],
[  6.21730548  12.40657227   5.62562541],
[ 8.92270901  6.94532886  5.69995455],
[  7.7435544   12.03453128   5.73033096],
[ 8.11287705  6.7046193   5.90138486],
[  6.06814503  10.42941412   5.93953909],
[ 8.76715291  3.07771263  5.98915926],
[ 9.03053891  7.36705279  6.01079675],
[  4.40031307  13.17259312   6.01441663],
[ 8.91536413  8.76888889  6.05902228],
[  4.50077067  11.74055707   6.14609178],
[  5.64422633  12.0229359    6.17613369],
[  6.37446331  11.21796877   6.19484329],
[ 7.49852077  8.72542047  6.19957955],
[  4.4151369   14.29185706   6.23403821],
[ 9.69533622  4.72312337  6.31152999],
[  7.6660602   12.23761695   6.42044762],
[  4.87904767  14.04114596   6.54580275],
[  6.72279886  12.9698981    6.67865523],
[  3.40465956  14.46417004   6.81517294],
[  2.70014892  12.90254124   6.92442118],
[ 9.69837951  6.46452565  6.97010585],
[  4.65732299  13.56108265   6.97935338],
[  7.09789244  10.28996477   7.26894789],
[ 8.80878664  5.47768802  7.37328123],
[  5.94612519  10.61764367   7.7333212 ],
[ 7.05907485  9.0260419   8.09425834],
[ 6.21582184  9.9424112   8.27032485],
[ 8.21823797  6.26599676  8.28596253],
[ 8.77836421  3.11384209  8.34597336],
[ 8.24330523  4.39342828  8.42883976],
[  7.07815668  12.71951879   8.44682072],
[ 8.76577664  9.1092983   8.59500268],
[  4.65499135  11.91595372   8.65514458],
[  7.00675681  12.63317798   8.85413335],
[  5.79000806  10.70362925   8.95176843],
[ 8.83002472  3.9271443   9.17883145],
[  5.06044961  11.59420348   9.2660798 ],
[ 8.28602201  3.91283961  9.28007657],
[  7.09945508  11.05839111   9.37879763],
[ 8.15097762  9.54647846  9.49864945],
[  4.54199433  11.74307692   9.52319464],
[  5.82746711  12.63985536   9.58145173],
[  5.71873437  11.18351846   9.72430581],
[  6.02612119  12.96840525   9.72691813],
[  5.66516881  11.99044071   9.90179007],
[  4.04322627  11.2011443   10.01469498],
[  9.54290881   2.76333153  10.11324776],
[  8.7385647    3.54047647  10.13903711],
[  8.46589897   6.46653846  10.16727951],
[  9.01015191   3.86272073  10.21351441],
[  6.30660487  13.18273005  10.32891377],
[  7.33889249   9.87356743  10.34438205],
[  7.49605446   9.36893649  10.34931818],
[  8.62419616   3.36217562  10.42525662],
[  3.73674923  11.64285322  10.46020669],
[  3.86242722  11.59673429  10.5245049 ],
[  8.62896708  10.50374653  10.68999975],
[  9.92535494   7.75964981  10.8647323 ],
[  3.01303572  12.45689017  10.92171566],
[  5.40778471  13.00626366  10.93462621],
[  6.06245284  10.85251871  11.08386234],
[  5.62384083  11.54600262  11.09250452],
[ 10.02376882   4.87348282  11.0927272 ],
[  8.87736012   3.56062368  11.22218365],
[  6.30188786  10.4979419   11.63231586],
[  3.39130154  13.81176655  11.71344729],
[  3.43669582  11.56555919  11.91861326],
[  8.9622408    3.14589076  11.94265581],
[  9.02726388   5.86165607  12.05812301],
[  8.35896066  11.35034502  12.11524756],
[  9.51419585   4.61057199  12.19627616],
[  2.54565256  12.18647841  12.41477555],
[  9.34163088   8.22811312  12.41834609],
[  3.05735218  14.59092698  12.65865129],
[  5.45603728  13.67880722  12.7754224 ],
[  4.48480629  12.44406321  12.92487522],
[  8.88700694   4.29861897  13.39163174],
[  4.07295667  13.89029417  13.39742218],
[  6.52415759  10.16747307  13.67559404],
[  4.2225637   13.90586777  13.93996618],
[  2.68663363  13.38152592  13.96239733],
[  2.78983405  12.90474072  13.96872968],
[  4.98298013  11.83704796  13.987804  ],
[  3.36497427  13.05452795  14.1023111 ],
[  8.3804662    7.49119907  14.21701637],
[  8.56479224   4.06552983  14.35407432],
[  5.54286603  10.36721098  14.51040002],
[  9.0129112    3.48661033  14.54317642],
[  7.61218076   9.99688418  14.94177221],
[  7.11143093  12.39743207  15.12232942],
[  5.08357811  12.54044361  15.12634797],
[  3.49397638  11.98084399  15.13217674],
[  3.78580519  12.58667576  15.16694072],
[  8.71600344   3.0989728   15.17135437],
[  9.55045535   7.21746447  15.24113952],
[  8.42730073   9.08975179  15.31678577],
[  8.35602925   6.58427154  15.51443621],
[  6.12618512  11.36957746  15.59041812],
[  7.72700936   9.54863619  15.63568381],
[  8.48418758   4.94690441  15.64150737],
[  3.04946863  12.52708149  15.77124185],
[  8.35072544   6.51236244  15.79776765],
[  3.58063409  12.75969803  15.92061134],
[  7.53337415  10.27208724  15.93845042],
[  7.88505638  10.14358681  16.1259267 ],
[  6.03504741  13.4160698   16.17543818],
[  9.65569058   3.61243285  16.22786488],
[  8.97183734   3.87708622  16.40019339],
[  2.99561433  14.05655408  16.46684032],
[  9.36757586   7.12320409  16.67382752],
[  6.60698336   9.62015029  16.69269105],
[  9.47843138   4.51432967  16.82436347],
[  4.22727066  12.25483986  16.91332814],
[  4.97778551  11.4542541   17.04637262],
[  6.02124114  12.32591692  17.55755556],
[ 10.11108364   5.32761541  17.73366047],
[  3.29909213  12.2476778   17.8775894 ],
[  3.85598865  11.97366598  17.98340443],
[  8.64241588   4.95096563  18.057425  ],
[  6.21403884  10.41837221  18.2377302 ],
[  8.68969444   4.77229444  18.28355418],
[  5.10908067  12.2809428   18.29676229],
[  4.42470572  13.8178926   18.37789065],
[  7.93075353  11.54462966  18.41088879],
[  9.5811205    7.3009585   18.51156505],
[  3.21708293  14.43454316  18.67686621],
[  6.77153532   9.73929712  18.67748923],
[  4.42713935  12.96048919  18.71282621],
[  8.1282294   10.28248463  19.05360587],
[  4.29714715  13.38829317  19.11970302],
[  4.50505201  12.68799738  19.16274054],
[  2.49806938  11.7185429   19.18416804],
[  4.16072725  12.32677396  19.27489982],
[  5.64449669  13.4847506   19.57710582],
[  8.09861057   7.95304     19.72871642],
[  3.72393504  11.81491427  19.83541354],
[  5.23108415  10.83977771  19.83736025],
[  7.28841384  10.20070878  19.89859727],
[  4.24852394  13.50340491  19.91138134],
[  7.50084119  11.118269    19.93837436],
[  6.88313334  10.34584668  20.06724407],
[  7.89091406   6.77433401  20.19491744],
[  9.10760191   8.96992059  20.23666058],
[  3.51933136  13.56605467  20.2412486 ],
[  8.94462291   3.4291014   20.29075544],
[  3.78323978  13.75929931  20.33389423],
[  4.54363544  11.48542592  20.35166731],
[  9.10564834   4.79806104  20.47441555],
[  4.39464768  11.26763866  20.65693069],
[  7.5593389    8.06495169  20.71511936],
[  7.97544895  11.39276459  20.72774645],
[  4.50285203  11.23370859  20.73719509],
[  8.24324298   5.824286    20.89127309],
[  4.09431152  11.89500554  20.89499532],
[  9.25655293   6.57115755  20.97907047],
[  9.75115999   8.26581909  21.32491256],
[  9.14411857   3.77075089  21.35874563],
[  8.55900906   8.01645564  21.41757434],
[  9.5748925    2.57218595  21.69702489],
[  7.74276922   9.86902444  21.8283883 ],
[  8.74568463   6.31564529  21.8544016 ],
[  9.40253103   3.30867453  21.86215027],
[  6.09160388  10.39267344  21.88664651],
[  4.43656498  12.5506141   21.91876989],
[  8.03124048   6.75572927  21.92799118],
[  5.44733837  12.8109646   22.12163289],
[  5.23007273  10.58917793  22.1367095 ],
[  7.19283644   8.86809254  22.23020269],
[  5.04426738  12.38650334  22.29204759],
[  2.62510013  12.39874171  22.39114156],
[  8.83382195  10.66714441  22.5543104 ],
[  4.00968478  12.26117658  22.81443801],
[  8.12636113  11.39254849  22.87156814],
[  3.6811467   12.03847605  23.0504152 ],
[  4.57353132  13.94007512  23.29630822],
[  8.75671545   8.29977104  23.41405924],
[  6.89520473  11.21790467  23.57261841],
[  5.25497919  10.95629174  23.75600967],
[  5.43760468  11.40378885  23.91558041],
[  5.23919815  13.91391893  24.08167976],
[  4.62461424  12.43571406  24.2068952 ],
[  3.70716366  11.5554291   24.29106938],
[  7.3785287    8.00528579  24.32396556],
[  6.91443685  10.39764069  24.47839068],
[  5.76552136  11.3359305   24.53754537],
[  8.75711623   4.03330647  24.62636718],
[  7.96388473   7.79987916  24.76502565],
[  8.0557924    6.19496055  24.77234253],
[  9.59588095   6.38612899  24.87659462],
[  4.73053983  13.17308505  24.99968603],
[  7.53826284  11.97044547  25.00188476],
[  4.77341924  11.10850246  25.11500431],
[  3.22081697  11.75278276  25.41924078],
[  8.7452982    6.24769977  25.51327652],
[  4.95579358  12.80133073  25.54948382],
[  8.4237391    4.26113282  25.86323943],
[  6.69087852  12.61777318  26.0830161 ],
[  8.88200038  10.34287225  26.16447514],
[  9.06019011   4.00051766  26.17216323],
[  6.09292223  12.49590103  26.18098523],
[  3.81334334  11.69347224  26.28445258],
[  8.36936579   5.64355629  26.44657405],
[  4.58633558  11.27533162  26.56328541],
[  6.38275681  11.31647947  26.68623905],
[  3.07300969  13.83117055  26.93254113],
[  9.54056518   7.4599429   26.95458282],
[  4.56884708  11.21153353  26.96927407],
[  8.02682091   9.96979534  27.00978346],
[  8.70079262  10.90868053  27.09113068],
[  7.50242137   8.31263791  27.11035328],
[  5.04657855  11.01972892  27.11452002],
[  4.06440278  13.25527666  27.27284573],
[  8.61377644  10.9294401   27.29673474],
[  6.14612312  10.08943697  27.38962781],
[  8.78029876   3.20991757  27.40338016],
[  4.24491279  11.50578766  27.47442818],
[  6.99152499   9.45421978  27.61669247],
[  7.95954503  11.5983671   27.69860675],
[  8.38461005   4.65165899  27.88682418],
[  4.26130366  11.51331171  27.9388015 ],
[  7.62577731   9.83719108  28.16935766],
[  8.4386601    7.87599826  28.18551415],
[  5.36357666  12.22810884  28.22634497],
[  6.17238099  13.21913917  28.28906077],
[  8.42638124  11.00133682  28.3075116 ],
[  4.8996089   12.17918309  28.31366771],
[ 10.11451056   4.47244251  28.56606507],
[  6.45493434  11.36164229  28.58801934],
[  7.18002021   9.07313981  28.70495896],
[  8.8199728    4.52019606  29.1795755 ],
[  7.2301001    8.80847604  29.18796658],
[  5.09029161  10.85659152  29.28584919],
[  3.40846778  13.24048466  29.33491067],
[  8.95519717   3.97060052  29.52055199],
[  6.2633391   12.91131486  29.60517623],
[  7.78394982  12.02280285  29.61427811],
[  6.95208175  12.17089371  29.6440471 ],
[  6.01812803  13.48418965  29.66186472],
[  3.75417104  13.11531102  29.90571217],
[  5.93438809  10.73054792  29.91183138],
[  8.01866731   8.83553503  29.94749044],
[  4.22847781  12.652033    30.00610309],
[  9.48399952   4.73209176  30.23367551],
[  7.73012914  10.11619373  30.25599796],
[  8.6104663   11.07391515  30.78841257],
[  3.34210347  12.0176492   30.81749083],
[  7.17468309  12.66162779  30.99854291],
[  9.90307515   4.32555532  31.10777541],
[  7.86492308   8.74233824  31.21912648],
[  9.85455554   2.91024492  31.34802889],
[  6.79687612   9.85168996  31.44410302],
[  4.32175399  12.27058017  31.51662308],
[  3.60151229  13.19541576  31.84984242],
[  5.65467788  11.71354272  31.87559574],
[ 10.02721763   5.03614475  31.89234872],
[  4.59005977  11.76305831  32.02094188],
[  8.89970128   5.8177536   32.08261161],
[  9.51084646   3.23987875  32.11080554],
[  3.12864299  14.6896296   32.28704183],
[  3.59308648  12.54044437  32.30637914],
[  4.81612631  12.26152432  32.82815105],
[  8.72182519   6.22377561  32.89706931],
[  5.03082882  10.80928578  33.08094116],
[  7.59657713  12.32720209  33.22883593],
[  5.34424154  12.46577168  33.34854549],
[  6.71763733  10.81348211  33.36829036],
[  9.19161048   6.71190032  33.41051181],
[  6.98017171  10.97862841  33.62538244],
[  2.95574407  14.71862433  33.66078281],
[  8.76957635   4.94121968  33.75218948],
[  3.68135912  12.65361959  34.03339653],
[  9.35712983   6.8676953   34.06422643],
[  7.43017189  10.90322572  34.08125246],
[  7.25063232  12.32300241  34.1448233 ],
[  5.62744732  12.94021665  34.17407323],
[  9.52207108   5.01290104  34.19318556],
[  3.88460306  14.22563102  34.22261493],
[  6.75461462  12.11431363  34.44455344],
[  3.20324115  11.70073792  34.58640159],
[  6.38257524  10.9543017   34.74109317],
[  9.40866552   3.83120733  34.787427  ],
[  5.8281101   10.64924287  34.82889282],
[  8.27606822   8.27739528  34.99893332],
[  4.77375071  11.54282978  35.12091786],
[  8.13528677   7.02566835  35.24951644],
[  5.84824714  12.95584578  35.26498175],
[  7.97039533  11.34657504  35.28279024],
[  6.66461318  11.78734307  35.29107848],
[  4.14679952  14.37846905  35.47356475],
[  6.30904976  13.3228754   35.48139926],
[  9.84902345   4.09325646  35.49189464],
[  5.05834672  12.91853519  35.57080324],
[  9.42155525   8.33456136  35.76104021],
[  9.57304382   5.91513515  35.81621816],
[  8.64997386   3.15327663  35.85106957],
[  5.47576577  12.39268249  35.8757115 ],
[  8.36800373   7.24289845  36.00847439],
[  3.17969441  12.4142733   36.08026877],
[  8.41875525   4.65497394  36.15555048],
[  4.48655328  11.74631329  36.40218479],
[  8.56877001   3.32201019  36.44657278],
[  3.907738    11.54194417  36.4788319 ],
[  9.31144587   6.16921576  36.55768319],
[  6.58251541  12.11261157  36.62684341],
[  8.81513623   6.32006229  36.64116634],
[  7.66960332   9.11400928  36.68090752],
[  8.3819493    4.82004072  36.98867641],
[  3.48749053  12.95022462  37.08270351],
[  4.54341091  13.13682379  37.23898199],
[  6.93558761  10.95551159  37.27318274],
[  9.34409803   3.70737251  37.33039446],
[  5.81693037  13.11484665  37.68089598],
[  8.10528375   8.65094399  37.81266075],
[  7.21085964   9.04729306  37.84221855],
[  8.36153926  10.86684297  38.12624421],
[  7.4391506   10.62925243  38.22577946],
[  8.71830693   3.1470231   38.28063168],
[  4.48030155  13.04141129  38.29602759],
[  3.69709876  11.47129408  38.303519  ],
[  6.56057455  11.56811398  38.38159122],
[  9.52797937   2.83494992  38.51161655],
[  5.37383062  11.26070862  38.56369661],
[  9.03953185   7.08062722  38.62338998],
[  7.53174924  10.14014758  38.73543915],
[  8.17987115   6.81929233  38.96957703],
[  7.72020599   8.73747852  39.19412135],
[  8.12390474   9.43463075  39.54493462],
[  8.21814003   6.68637275  39.61071332],
[  8.01053464   6.40662073  39.73714816],
[  6.1439868   10.52742679  40.02791534],
[  8.57112763   3.48213226  40.06125748],
[  8.41054249   5.88980781  40.66819654],
[  3.39774335  14.00044145  40.76737889],
[  6.80057385  11.3550435   40.95315112],
[  8.38886685   7.41883282  40.96398086],
[  7.55336634  10.76146467  41.18261784],
[  8.31780189   9.02084929  41.1965095 ],
[  8.48031904   4.0600778   41.23157715],
[  6.44921532  10.72013401  41.24736405],
[  4.0581474   12.90438852  41.4527546 ],
[  4.95385661  11.64608935  41.49856204],
[  3.07428219  14.32147587  41.51442743],
[  7.31300541   9.38538912  41.82177777],
[  4.035754    11.96409932  41.83920959],
[  9.01043276   3.82639425  41.8941851 ],
[  9.74216975   7.48652844  42.35525567],
[  5.2698132   13.37535241  42.53531375],
[  3.80682792  12.9088198   42.68805362],
[  5.41852916  11.87959596  42.76326254],
[  6.37639888  11.12063306  42.90306301],
[  9.64461208   5.56894544  42.95680932],
[  8.22631102  10.86063803  43.00308175],
[  4.17626713  11.85297294  43.05368392],
[  7.90177668   9.5397845   43.09227272],
[  8.81644063   3.34569284  43.18900801],
[  7.36725719  10.11227789  43.31107855],
[  7.38167872  11.12737199  43.41533263],
[  9.00675684   4.19345524  43.44622197],
[  9.59603319   8.83655454  43.623155  ],
[  5.55595495  13.70919727  43.64034416],
[  9.70186476   3.06366362  43.67611381],
[  4.29889588  13.0184527   43.78074623],
[  8.28690899   7.51514581  43.95418151],
[  7.24976276  10.64873883  43.97514133],
[  9.55013866   7.92417297  44.02334428],
[  5.61509579  13.50299859  44.06083111],
[  6.3560905   12.68587205  44.08523759],
[  6.68913528  11.39891378  44.09987797],
[  2.73741652  12.21796351  44.16293107],
[  3.1065413   12.50785564  44.30585783],
[  6.43877073  12.07146019  44.68883333],
[  8.67208432   3.53227285  44.73155768],
[  4.19951578  12.40858365  44.7755229 ],
[  8.97039184   7.3041987   44.78028365],
[  9.79344547   6.44946905  44.8251778 ],
[  7.03559848   9.88166199  44.85209128],
[  9.40820879   7.00749644  44.91780597],
[  3.50221705  14.27544311  45.02397188],
[  8.32025119   4.35998055  45.03630095],
[  9.74083199   6.06072109  45.1345121 ],
[  5.09631276  11.15677423  45.15555141],
[  4.31026751  12.57347604  45.49650699],
[  5.02959078  12.25817305  45.52485597],
[  8.78340553   7.0078372   45.6163459 ],
[  5.04478138  13.95820693  45.69084131],
[  6.7291576   12.47677027  45.84408603],
[  4.64048722  14.0572644   45.8709635 ],
[  9.46027372   5.26540627  46.00868911],
[  4.22168413  11.18542486  46.09419044],
[  7.74155583  10.44782523  46.11642341],
[  8.31942319   5.13851674  46.19953253],
[  3.49485363  11.89133069  46.29059901],
[  8.30600218   7.21606553  46.39264546],
[  4.86003141  13.79998308  46.39554844],
[  7.17720554   9.71467934  46.48819515],
[  5.60255803  13.12116124  46.49138726],
[  5.85529957  12.84235008  46.49315901],
[  2.96531946  12.76660254  46.56608344],
[  2.91617518  14.6638793   46.73795733],
[  3.58869817  13.30662772  46.91836035],
[  8.87200809  10.33016053  47.00222635],
[  9.23491372   2.92377147  47.04596495],
[  5.1273405   11.24860492  47.25204453],
[  6.89179051   9.29379101  47.27848325],
[  6.68027477  10.282849    47.38809678],
[  8.79177911   3.86407968  47.40135056],
[  8.47240139   6.17724965  47.42258728],
[  4.78292998  13.12668542  47.45699678],
[  7.19895864  10.70956249  47.67930413],
[  3.02233767  12.24503895  47.72547826],
[  8.35292888   4.84070493  47.79968826],
[  4.09882333  11.44743185  48.01267315],
[  8.68099859   5.60255033  48.21201387],
[  3.22674653  13.39259068  48.21893989],
[  7.8563734    9.82762076  48.24440891],
[  9.13392884   3.83059166  48.31596663],
[  9.39403559   8.49776183  48.36008285],
[  9.68047019   3.02535101  48.39426347],
[  8.82704983   3.74060884  48.50835025],
[  8.26925407  10.36231931  48.50926683],
[  6.76869488  10.70728312  48.63374723],
[  5.12065347  11.14402807  48.66391118],
[  8.65586192   8.12778162  48.72601095],
[  5.72592275  13.10279249  48.74226067],
[  5.85892915  11.41494659  48.77224308],
[  4.83541162  12.17783037  48.81969003],
[  7.66805777   9.9572422   48.82381691],
[  6.1758785   12.81395474  48.97676523],
[  7.30069747  10.34223118  49.04144969],
[  4.29214339  11.80427531  49.10176916],
[  5.98452218  13.07886179  49.13717593],
[  8.94625232   3.99632042  49.22291615],
[  4.28124889  12.2409419   49.22481611],
[  9.96028198   6.08770866  49.32678145],
[  9.09268141   8.7815601   49.3738136 ],
[  5.51557363  11.43461118  49.38242894],
[  4.65022949  13.2576837   49.40892342],
[ 10.02589919   4.0788459   49.75180901],
[  4.02982104  11.27891875  50.00012981],
[  6.17924871  10.26730034  50.16989755],
[  3.83728143  13.00065683  50.38743291],
[  3.57682297  14.31449468  50.46922506],
[  3.92134369  13.83071959  50.4793439 ],
[  8.88475046   8.81587643  50.58567677],
[  5.65994786  12.7502404   50.61120688],
[  8.85370397   4.21548755  50.67215907],
[  8.53984176   3.56108772  50.67723593],
[  4.88835454  11.09564984  50.91636695],
[  3.77984062  13.79722911  51.17520093],
[  8.8494443    2.97086114  51.30047135],
[  6.13911915  10.04819298  51.40581929],
[  7.97204726  10.21027596  51.48028289],
[  6.4058729   11.00067576  52.01000023],
[  7.83189073   7.34255526  52.06441508],
[  9.30229864   6.92316246  52.09059628],
[  7.08669122  10.0518525   52.0965975 ],
[  8.62146686   3.47452755  52.15015083],
[  8.12328024  11.252138    52.41358715],
[  9.31535714   3.27224977  52.58312475],
[  9.70822636   3.00796122  52.65610769],
[  4.48674791  14.06563135  52.860194  ],
[  9.5871801    7.07402194  53.00395534],
[  4.11199415  13.35170597  53.00612544],
[  8.21910492   5.1404987   53.0291793 ],
[  9.33893638   9.59021665  53.06666791],
[  9.48236596   7.23200699  53.3780201 ],
[  9.12969292   4.03768173  53.38005788],
[ 10.04589232   7.23796219  53.39484997],
[  6.39705682  10.86109808  53.41577158],
[  9.41421018   4.44313541  53.43236809],
[  2.98939285  12.70148639  53.49630682],
[  8.88796849   3.19490065  53.55965569],
[  8.66049708   8.8764892   53.5679339 ],
[  5.43109263  10.92834891  53.58763017],
[  8.30523806   4.1392783   53.60472928],
[  7.98134219   7.57374227  53.6685772 ],
[  9.89347028   7.4416629   53.7504952 ],
[  4.14756533  13.89832419  53.8250953 ],
[  9.28617289   7.18782272  53.86373394],
[  5.3237316   12.58424659  53.93380033],
[  5.25572228  12.88513532  54.10011869],
[  9.39181121   7.42588309  54.36136757],
[  6.00485154  13.52169178  54.45654575],
[  3.80448042  12.50932796  54.53307457],
[  9.25769784   6.11128533  54.55119418],
[  8.44778007   3.4602236   54.6021094 ],
[  9.82154524   6.08972069  54.63315276],
[  6.03928128  10.04059591  54.77986535],
[  5.54578471  11.49732859  54.82715972],
[  9.56939717   3.48790561  54.83174863],
[  6.44813705  12.85684343  54.85203803],
[  7.99291409   8.10286827  54.97433571],
[  8.70419638   9.28382866  55.43339508],
[  5.85609107  12.62649335  55.50095805],
[  7.00723931   9.26129339  55.53539198],
[  4.9272531   13.21325016  55.65913194],
[  8.25709684   4.76383408  55.70454948],
[  5.5361701   10.31639991  55.72331504],
[  4.26805412  12.33059866  55.8285921 ],
[  8.29226908   4.87061174  55.86562443],
[  9.64775326   2.56245341  55.89268858],
[  5.86779508  11.1805199   55.92050106],
[  6.52733284  12.614675    55.92847247],
[  8.13863164   9.17853913  56.05704254],
[  7.16055692  12.56930545  56.14389473],
[  2.65876329  12.17540784  56.34614226],
[  3.58752666  12.14836371  56.49990971],
[  5.55875412  13.43151268  56.61693598],
[  5.89651717  11.86978882  56.62657111],
[  9.03826876   7.1930532   56.69203205],
[  4.67909341  11.60055413  56.7912647 ],
[  6.91962876  12.30126121  56.92028763],
[  5.03704789  12.54046728  57.01120061],
[  3.43602072  11.61515316  57.01422416],
[  8.21899946   5.0636346   57.05686696],
[  4.74024541  12.02335243  57.10478946],
[  2.69474775  11.78999228  57.14026533],
[  5.18272016  11.66818483  57.14506404],
[  7.96923387  10.06293685  57.1947913 ],
[  7.86879714  11.85914565  57.38578759],
[  6.14380436   9.92358619  57.52770524],
[  8.71947299   6.60837682  57.76154325],
[  8.66505204   3.12596459  57.77659158],
[  4.17136288  11.14111609  57.77682777],
[  8.51304158  11.0001082   57.84035334],
[  4.24731609  14.35923352  57.84302276],
[  4.47993835  12.73540587  57.8632589 ],
[  8.34474806   6.47529067  57.94297261],
[  4.13746699  14.11168515  58.11142964],
[  6.59848518  12.88171014  58.21003664],
[  3.17626086  11.97856709  58.21980981],
[  9.87834649   3.4894675   58.28146517],
[  5.54440965  10.62329221  58.40595753],
[  5.3959546   12.85547611  58.41375345],
[  5.12007096  12.35523464  58.4473243 ],
[  6.74365667  12.84899466  58.52140936],
[ 10.0973151    5.94412997  58.56551046],
[  8.9560528    4.28549225  58.57822577],
[  2.48098318  11.62057389  58.68331016],
[  9.18387403   8.72317661  58.79663602],
[  3.47113285  11.32888753  59.09807499],
[ 10.19998576   5.4319756   59.17061185],
[  2.68038721  12.63225561  59.20366765],
[  4.53417698  12.76329661  59.2104913 ],
[  8.11554814   6.15100434  59.35715135],
[  7.28815313   8.89784821  59.55819486],
[  6.9949447   11.14834608  59.74496952],
[  7.1739322   11.81265832  59.80823829],
[  8.7405787    3.21963914  59.98173303],
[  7.62082458   8.34830885  60.0625943 ],
[  8.79044981   4.56957454  60.09481961],
[  3.24471743  11.76478807  60.1221381 ],
[  6.69428313   9.93662626  60.2614754 ],
[ 10.12134135   4.12348117  60.80878891],
[  8.48339662   6.08421569  60.92713084],
[  8.71133949   7.36521898  61.27888134],
[  5.50284957  13.43930397  61.29329368],
[  9.56588966   7.02911124  61.54469585],
[  9.75318503   4.36019008  61.55466908],
[  3.612241    11.40531636  61.88493162],
[  4.78264512  11.2339533   61.94160047],
[  9.47604362   4.55222601  61.96434686],
[  5.61243299  12.91941118  62.01575852],
[  8.99944963   4.07836182  62.14631456],
[  9.42661734   4.4520244   62.14973693],
[  8.62237873   3.54321285  62.34176184],
[  8.27674654   3.74363342  62.59932785],
[  4.22019922  11.61747432  62.66323913],
[  7.80407782   9.36672071  62.7288479 ],
[  4.17657855  13.18995379  62.76716196],
[  5.85005112  11.58508307  62.79430641],
[  9.79305652   7.82967738  62.93008059],
[  6.99930584   9.69108928  62.94024244],
[  9.26531746   2.91114396  63.62500782],
[  8.5690911    3.85830083  63.63455159],
[  3.64548777  12.87057079  63.87314024],
[  7.91654052  11.9978974   64.28224352],
[  7.724477     9.85828449  64.2865084 ],
[  8.96352218   6.48375051  64.39561294],
[  4.46991319  11.37994772  64.42864088],
[  6.36481397  12.82176852  64.54450476],
[  9.53350173   6.04443207  64.59690113],
[  2.8464955   14.26137212  64.63761399],
[  7.6288504    8.22705457  64.80770937],
[  9.04597144   5.20616402  64.83094904],
[  7.53873999   8.5708436   64.83870404],
[  5.27930282  13.24450373  64.86671671],
[  4.63737662  13.10545638  65.0676607 ],
[  8.24685426   7.43292241  65.12808485],
[  9.36054688   6.74278845  65.28576859],
[  6.17011766  12.20968923  65.50899363],
[  4.14367908  13.49302376  65.59737084],
[  9.87437303   3.95554769  65.70004759],
[  8.91076077   5.66010844  65.72458566],
[  9.30506276   4.23151098  65.76905424],
[  8.05100977  10.41539263  65.87370826],
[  6.65788907  11.30227934  65.9605837 ],
[  8.662545     4.92213003  66.15170688],
[  5.47671544  13.09826064  66.21701386],
[  8.89229106   3.55544777  66.41845906],
[  9.18528015   2.89485072  66.4864598 ],
[  9.33214276   2.59266186  66.51557373],
[  3.40563568  14.347669    66.62204619],
[  6.73436823  11.67007323  66.7252538 ],
[  2.71628574  12.90706048  66.83369314],
[  8.47165289  10.40821345  66.98558656],
[  3.81647218  12.78399052  67.03074736],
[  5.25833096  12.95648543  67.05840123],
[  7.72771854   7.12139482  67.08860775],
[  8.40319603   6.04354283  67.10817696],
[  6.27718609  11.37995389  67.13290127],
[  7.67943602   8.69742402  67.17523274],
[  9.44108706   3.87938137  67.41767945],
[  9.50985085   6.74476562  67.47243646],
[  8.16213412   7.60047296  67.47416877],
[  6.79673806  10.53385273  67.67605052],
[  7.30891212  11.28174764  67.72654212],
[  3.56890844  11.35975891  67.83926583],
[  2.84789478  12.56632776  67.89787196],
[  4.15470151  13.92388235  67.91108202],
[  8.15299319   5.59067999  67.96530161],
[  4.83368735  12.51387381  68.10004028],
[  9.69758254   3.63700785  68.30479767],
[  9.38117337   7.97906039  68.40790077],
[  8.28127805   8.19014778  68.44330477],
[  3.80604053  12.77174361  68.5271743 ],
[  7.29867875  10.01044496  68.57909677],
[  8.85437261   5.73153399  68.72073215],
[  5.94034069  10.00868432  68.78221649],
[  6.96576145  10.41055441  68.80404869],
[  5.01267594  10.83559982  68.81407907],
[  4.81774348  13.82517162  68.85768711],
[  7.66446415   9.24844304  68.91815995],
[  5.42725564  12.28626405  69.58490663],
[  5.95087333  13.11613421  69.58703129],
[  7.88060426   9.75501717  69.60214178],
[  4.27609529  12.51961795  69.95848069],
[  9.56088715   2.76143214  69.95929117],
[  8.83180668   5.91173213  70.50883729],
[  6.63066919  11.75098984  70.64020041],
[  5.37190677  13.66131011  70.94224347],
[  7.84170799   6.44754405  70.96932227],
[  5.84632286  12.94684518  71.0096728 ],
[  9.34228413   3.04569048  71.29275814],
[  6.99877621  12.44515524  71.34130433],
[  7.24532099  10.08037256  71.37415291],
[  4.33458686  13.49531876  71.43985333],
[  7.20272146   9.09094077  71.73743776],
[  5.64896398  11.61719008  71.8586758 ],
[  7.11390587   9.87578238  71.87631377],
[  6.71531625   9.4029944   72.17725912],
[  9.56824343   2.36337131  72.18318619],
[  8.38672103   6.81068276  72.20368592],
[  6.49106019  12.0379336   72.24552484],
[  6.01529352   9.97657455  72.32641472],
[  8.38882301   4.57537268  72.42734404],
[  3.19890659  12.98710365  72.4814942 ],
[  5.61189207  10.98370236  72.57427137],
[  6.60770221  10.85962709  72.63016952],
[  4.31529593  12.19922799  72.6404937 ],
[  3.6380988   12.98410544  72.65138387],
[  7.31707064   9.89836116  72.84030485],
[  3.19629668  13.26385171  72.91229594],
[  7.23464142  12.63402436  73.00490842],
[  6.81474509   9.37745387  73.05539203],
[  8.98995546   6.01998422  73.09207051],
[  2.54057016  12.02284324  73.26045394],
[  7.80270667   7.758287    73.41976817],
[  7.35895395  10.00341386  73.43327752],
[  6.05312056  11.08410778  73.60410439],
[  5.25543286  12.34940774  73.71277178],
[  4.08965023  13.78452692  73.85071253],
[  3.7598606   13.39000129  73.94222631],
[  9.70278074   7.71225686  74.00997947],
[  5.511618    10.8817327   74.25284606],
[  9.06664178   5.80193114  74.26242855],
[  3.895102    11.6217396   74.32924905],
[  9.01112281   8.3150546   74.33859594],
[  6.83530852  10.26725872  74.35857157],
[  6.39645164  10.04463129  74.38015427],
[  5.69537006  11.33236462  74.38018047],
[ 10.01638512   4.93749342  74.40631483],
[  8.03728718   7.14626252  74.41313462],
[  9.43879882   4.59904652  74.46450619],
[  5.60859492  12.43223199  74.48302836],
[  5.76432179  13.21820876  74.48899647],
[  2.92430217  11.66919933  74.73185814],
[  8.27679531  10.52816832  74.80296566],
[  4.97488542  13.29305593  74.89928703],
[  5.20080426  11.5719507   74.92908325],
[  7.98591266   9.26892829  75.01050472],
[  9.70875276   6.77587665  75.05455437],
[  7.68124085   7.09569313  75.07743768],
[  8.07080765  10.33746095  75.15998182],
[  8.57496438   4.94992101  75.4641443 ],
[  3.61040742  12.4828741   75.53059645],
[  5.41032947  11.21624808  75.61909922],
[  5.39574609  10.86824748  75.65601876],
[  9.52260946   3.8141219   75.69040608],
[  6.90169011  10.20709712  75.71522116],
[  3.42104622  11.59938475  75.75083786],
[  6.48465848  12.16941026  75.83368364],
[  6.64563131   9.75978731  75.86190968],
[  3.32926505  12.30364662  76.01584735],
[  7.18425813  10.85344513  76.02435522],
[  6.73220019  11.73348796  76.20844564],
[  9.11251225   3.89193026  76.32472849],
[  8.2327321   10.6387096   76.58583157],
[  8.01697863   9.83631098  76.6553021 ],
[  8.63592874   6.79701381  76.73155757],
[  9.27778588   2.86588472  76.78353953],
[  7.77709557   7.78581553  76.84003913],
[  9.11725769   7.04330351  76.92829559],
[  8.74840349   5.79493926  77.18461616],
[  2.52403637  12.21709813  77.43160145],
[  9.78747588   6.72259838  77.44246739],
[  5.0658238   11.66400408  77.52786962],
[  9.67975996   2.38861452  77.53287641],
[  7.41825103   9.71024666  77.73770106],
[  5.59799534  12.67438215  77.89041302],
[  3.2898554   14.23753717  77.90599178],
[  3.93642938  13.88003601  77.98534316],
[  9.71984653   3.32446012  78.0131531 ],
[  7.61624245   9.80691552  78.36225276],
[  8.74677837   3.68098278  78.43796876],
[  3.42404526  14.14796684  78.51278449],
[  6.48308796  11.95492262  78.76868457],
[  3.46575667  12.80904358  78.8479863 ],
[  9.60096073   4.05000616  78.89689632],
[  9.65816976   6.25691564  79.00585116],
[  6.55394708  10.61765748  79.12690398],
[  4.8387791   12.72320381  79.17358688],
[  3.94238472  11.2092464   79.2374769 ],
[  9.0395564    5.92668957  79.39789125],
[  6.9444557   12.71450354  79.48934355],
[  7.70315086   8.2523517   79.57778851],
[  3.67136714  11.28291165  79.81095054],
[  5.6011169   11.84812934  79.82734502],
[  6.12877505   9.91220757  79.88686941],
[  9.17483629   2.7076349   79.96332196],
[  5.9922646   11.16697947  80.1624012 ],
[  4.52611783  11.23709984  80.16532213],
[  5.32606853  11.0522003   80.17610161],
[  6.13540995  11.60839005  80.60628677],
[  4.05475206  11.87517271  80.64925758],
[  4.26903701  13.40877648  80.844645  ],
[  7.25408124  10.09819417  80.91746986],
[  5.09641824  11.43367356  80.99134836],
[ 10.08949104   5.91128535  81.12812711],
[  6.44180945  12.04289818  81.18338055],
[  9.65967558   5.98869778  81.24729351],
[  9.86102631   5.75132041  81.35597385],
[  8.44601304   7.25139844  81.40516162],
[  6.71449137  12.25770915  81.53967747],
[  4.94132186  11.35334345  81.60014082],
[  5.72540044  13.48479537  81.64864627],
[ 10.04621814   7.06058081  81.75896363],
[  2.81679172  13.38975236  81.77469244],
[  8.4623523    3.7899378   81.81863311],
[  9.09691577   5.26046245  81.84107367],
[  4.80171844  13.5355578   81.88989399],
[  9.98722738   7.38922403  82.01717251],
[  8.15226441   7.69955485  82.09243791],
[  7.70072673   8.22374648  82.09761923],
[  8.05164705  10.14703605  82.15970863],
[  9.67216093   3.83202377  82.23004227],
[  8.54353785   4.5767736   82.31932921],
[  6.00859597  13.35334137  82.36112569],
[  4.37215624  11.06045055  82.40838549],
[  8.6339204   10.9332895   82.46094656],
[  6.85690679   9.33762235  82.59311378],
[  9.96808104   4.60291396  82.6845894 ],
[  5.4741612   11.45005374  82.76442138],
[  5.44908863  13.11622335  82.92602154],
[  8.83754724   4.43577782  82.94684938],
[  4.80447504  12.83486025  82.96325839],
[  8.68257093   3.98808823  83.09207938],
[  7.78299573   8.33770048  83.10065968],
[  5.62375781  10.67728522  83.1520285 ],
[  4.54397067  11.6618403   83.16940015],
[  5.34056964  12.98856195  83.21643773],
[  9.54995465   6.22835176  83.21888047],
[  9.65330953   8.56495969  83.30976098],
[  6.78295416   9.55909878  83.32516496],
[  5.89227331  11.10323837  83.37433765],
[  8.96319093   7.11433186  83.39930294],
[  5.8600148   13.23410275  83.50491743],
[  9.58672575   3.2196154   83.59485044],
[  3.77922324  12.65300889  83.68674885],
[  8.97941175   3.24658983  83.73671014],
[  4.4793408   12.8152349   83.86488177],
[ 10.04528243   4.47732815  84.00023769],
[  9.58368721   8.44757611  84.07354196],
[  7.4291763   10.18717535  84.09131142],
[  5.88794244  13.52694073  84.22495692],
[  6.55055648  12.35258628  84.25999325],
[  8.05534233   8.59149533  84.28909593],
[  5.63785633  13.02775989  84.3009336 ],
[  5.41547928  11.14196245  84.38999149],
[  7.22482086  12.01628074  84.51609761],
[  8.24086653   5.3175415   84.55477495],
[  8.32889773   8.84142528  84.59134645],
[  6.8639245   12.56981491  84.59810648],
[  8.72821692   5.46656807  84.63975792],
[  8.63226742   3.95189634  84.76938974],
[  5.12679596  12.24302673  84.95316069],
[  7.19630932  12.18124101  85.30363118],
[  8.15597987   7.05431954  85.37262669],
[  7.72964788   8.78306426  85.68469481],
[  9.37606738   3.21463821  85.68697549],
[  9.75529978   2.45031138  85.69631255],
[  8.36391668   9.26577442  85.89834333],
[  8.80363529  10.61106135  85.91616376],
[  6.07695135  10.6907984   85.94176453],
[  8.32937631   4.5649006   85.98674991],
[  9.71335088   5.91687579  86.01570201],
[  7.14443906  10.08975753  86.19055593],
[  8.00432598   9.35810884  86.29506148],
[  8.35469828   8.63604207  86.38977763],
[ 10.18274568   6.06738534  86.57852319],
[  8.05207729  10.42539068  86.6335039 ],
[  2.78913554  11.60150604  86.71964441],
[  5.44085512  10.6993352   86.72779807],
[  6.56435283  12.58266085  86.77962148],
[  4.06572901  13.34627517  86.80325795],
[ 10.02280566   4.15164761  86.93838825],
[  8.43029954  11.29086274  87.03336224],
[  4.37905643  12.00685762  87.20926679],
[  7.21808643  12.67782097  87.23731481],
[  7.1439548    9.84835318  87.28358874],
[  8.50650801   6.54868133  87.66415612],
[  4.39710782  11.50622323  87.81602172],
[  6.68270982  12.17884188  87.92527823],
[  6.86459807   9.55517177  87.94153476],
[  8.60402965   6.60842557  88.13233539],
[  7.98358262   7.12995223  88.2409325 ],
[  8.60846035   3.55339394  88.3464855 ],
[  9.83268635   7.61631732  88.4299987 ],
[  5.48859782  10.98433655  88.47984283],
[  4.64517353  12.68002247  88.56677741],
[  6.15408667  13.0439216   88.70441498],
[  6.07408304  10.49674321  88.78594577],
[  4.06138916  11.30053755  88.97480012],
[  8.82306245   5.12471854  89.23956727],
[  5.50086471  11.48102495  89.27126031],
[  4.64176916  13.37885315  89.49686047],
[  7.95619026  11.06355338  89.58455694],
[  8.82050366   6.7388214   89.61886519],
[  8.23882778  10.30512301  89.62610393],
[  2.85067228  13.11497075  89.82080799],
[  9.64486199   5.49491459  89.8745499 ],
[  8.9583442    3.46599488  89.94948751],
[  8.69496787   3.37535523  89.96633992],
[  7.09176504   8.98759556  89.99703727],
[  8.507246     8.31391085  90.01373271],
[  2.71139357  12.69597853  90.04557461],
[  8.20506854  11.21738247  90.07750864],
[  7.41776927  12.33855098  90.10426388],
[  6.31768007  13.10113628  90.20549508],
[  4.95596919  14.07555259  90.24636558],
[  3.18599087  12.84143058  90.27556125],
[  4.057868    13.75111375  90.3073228 ],
[  8.67092709   5.45827121  90.30812418],
[  4.4246625   12.67098861  90.36778001],
[  4.27197566  12.79029175  90.45971947],
[  9.92046693   6.85933212  90.68048322],
[  7.13272131   9.14706265  90.75426877],
[  9.33497974   6.84302294  90.81100464],
[  5.49584996  13.63754995  91.07274427],
[  8.94820568   8.07127643  91.09014245],
[  8.61814139   8.43026947  91.10955625],
[  7.88820778  10.56219416  91.39187848],
[  5.71161626  10.69033986  91.41494689],
[  3.9406846   11.74504986  91.62278626],
[  8.36996355  11.26461212  91.7023034 ],
[  7.37127281   8.50827127  91.75487215],
[  9.46390521   5.11965801  91.77470883],
[  8.11190504   6.87210108  91.79595759],
[  9.44152394   6.06842547  91.96432995],
[  9.61140612   3.21765925  92.02794712],
[  5.19612301  11.2281179   92.2869847 ],
[  8.90380384   6.92958165  92.47837628],
[  5.94030542  11.69904228  92.55000007],
[  6.63740457  13.04259948  92.57291868],
[  8.68609362   4.94120428  92.58171879],
[  8.0009126   10.91679731  92.66203544],
[  8.62660813   9.56505299  92.74130223],
[  5.12807585  12.45590157  92.80215436],
[  5.50691284  10.88867105  92.81767911],
[  4.18558372  13.97365373  92.81795082],
[  6.97519306  11.36123299  92.94159327],
[  8.08658052   7.08167268  93.04877308],
[  8.75116456   6.68290289  93.11083148],
[  6.96484278   9.24667843  93.21990148],
[  6.12132171  12.64175269  93.22134142],
[  8.11342636   5.38832762  93.29371026],
[  8.71076463   3.20909169  93.31446254],
[  5.08913892  12.41330039  93.44798775],
[  5.27040258  10.75445655  93.54419587],
[  7.77785312  11.20053465  93.61486408],
[  3.79547135  14.35569821  93.63296181],
[  4.52426701  11.37377023  93.92015238],
[  8.40092798   8.60965841  93.95044733],
[  7.17256155  10.8145748   94.0960024 ],
[  6.91070932   9.29639584  94.1100229 ],
[  8.42751784   8.30117463  94.11592177],
[  9.68171717   4.29979619  94.14884714],
[  3.1122428   14.6623307   94.28041451],
[  8.83999142   6.10428468  94.29941591],
[  9.29781465   5.35713571  94.31771603],
[  7.46654814   9.0543184   94.38755032],
[  4.73184825  12.31277815  94.50225293],
[  9.88187555   7.80286902  94.88936979],
[  8.53237895   6.49373671  94.9155689 ],
[  6.26410885  13.41859465  95.00329648],
[  8.27314336   9.56208818  95.00768152],
[  7.78706339   8.29543549  95.09462926],
[  4.87765476  11.93798934  95.43448368],
[  4.16190647  11.95647661  95.71924053],
[  4.32905187  12.58035688  95.87839186],
[  9.24918966   5.36146794  95.9397845 ],
[  3.29688521  11.79020153  95.96201413],
[  6.55600217  11.99291348  96.0490097 ],
[ 10.24920991   4.60740986  96.08018912],
[  8.26934818   8.76921597  96.12628922],
[  4.87058936  12.72607968  96.2066897 ],
[  4.80460649  12.05000398  96.27142   ],
[  8.90161993   3.93360998  96.29869588],
[  8.90602831   8.02827926  96.62402054],
[  4.10907512  11.70587499  96.75406352],
[  8.69841419   5.71463105  96.7921837 ],
[  8.1382328    5.319375    96.85245116],
[  3.06397336  13.09578008  96.87457956],
[  5.68877805  13.54130394  96.88118462],
[ 10.02943385   6.99459758  97.03861279],
[  6.8526677   10.18252304  97.18232893],
[  4.00910372  11.16749315  97.39358119],
[  6.02983595  12.80821177  97.39631019],
[  9.56686064   4.07810835  97.46029108],
[  5.41937319  12.04066634  97.56147969],
[  8.43250185  10.68379595  97.59819094],
[  9.1168452    5.73213631  97.60353709],
[  5.41147214  11.54066912  97.73521926],
[  6.9476752    9.58872785  97.80868715],
[  8.56566765   6.95919255  97.88529412],
[  3.51947186  11.69792209  98.11227193],
[  9.12536675   5.362911    98.17131628],
[  8.34376593   4.31983013  98.20976011],
[  5.33021024  13.11370167  98.22255483],
[ 10.10275256   5.48099621  98.26176059],
[  8.33464064   3.59028117  98.32423566],
[  8.52399479   4.7915703   98.669952  ],
[  6.48594948  11.44493626  99.09490787],
[  8.91867247   3.57528691  99.14318929],
[  6.35429217  12.69232989  99.52205963],
[  4.32528233  13.67222135  99.65261314],
[  8.07057578   6.29709412  99.67583643],
[  5.7938856   10.4960773   99.69189565],
[  6.07628452  12.55306241  99.73253627],
[  6.66892523  11.6329768   99.83947342],
[  4.48348067  13.67776359  99.8601385 ],
