[ 5.15490682  7.73006212  0.06682839],
[ 5.07947129  7.78035248  0.62197744],
[ 6.08772521  5.86841218  0.63503111],
[ 6.64822127  5.02766809  0.69096435],
[ 5.78568645  6.64294066  0.8151319 ],
[ 6.95184442  4.57223337  0.84184735],
[ 5.20333097  7.69777935  0.92662986],
[ 4.4379744   8.20801707  1.24665884],
[ 2.06446578  8.99355342  1.42448369],
[ 5.00905363  7.82729758  1.6124709 ],
[ 5.84638655  6.46084034  1.72131271],
[ 2.60141079  8.93985892  1.85034636],
[ 2.67037298  8.9329627   1.889612  ],
[ 3.86322687  8.55470925  2.00257016],
[ 4.03390294  8.47739804  2.06148464],
[ 6.86589738  4.70115393  2.28394799],
[ 3.24925323  8.80029871  2.3047509 ],
[ 3.02350314  8.89059875  2.30535557],
[ 5.0024222   7.83171853  2.71118777],
[ 6.91954385  4.62068422  2.94977415],
[ 3.25389047  8.79844381  2.9636484 ],
[ 6.02987643  5.95518535  3.22576683],
[ 4.22936186  8.3470921   3.23912837],
[ 2.48978542  8.95102146  3.51871024],
[ 5.39182115  7.57211924  3.59803972],
[ 3.398461    8.7406156   3.98518852],
[ 2.51374765  8.94862523  4.34000974],
[ 6.0391803   5.94122955  4.37075718],
[ 2.64373579  8.93562642  4.52716647],
[ 4.18134719  8.37910188  4.82722435],
[ 6.60112526  5.09831211  4.87372086],
[ 2.75213513  8.92478649  4.94137876],
[ 6.05996886  5.91004671  5.03384983],
[ 2.08397963  8.99160204  5.09798653],
[ 2.29964108  8.97003589  5.19321661],
[ 6.92086928  4.61869608  5.43587687],
[ 4.96749757  7.85500162  5.48028593],
[ 5.47046071  7.51969286  5.53151354],
[ 2.23038746  8.97696125  5.59976274],
[ 4.18549618  8.37633588  5.62562541],
[ 6.00619669  5.99070497  5.69995455],
[ 4.82803133  7.94797911  5.73033096],
[ 5.99993909  6.00018272  5.90138486],
[ 4.60293797  8.09804135  5.93953909],
[ 6.98739008  4.51891488  5.98915926],
[ 5.94374136  6.16877592  6.01079675],
[ 2.96859088  8.90314091  6.01441663],
[ 5.72773591  6.81679226  6.05902228],
[ 3.36276146  8.75489541  6.14609178],
[ 4.01930631  8.48712913  6.17613369],
[ 4.52374848  8.15083434  6.19484329],
[ 5.58496774  7.24509678  6.19957955],
[ 2.79913973  8.92008603  6.23403821],
[ 6.4935573   5.25966406  6.31152999],
[ 4.76384102  7.99077265  6.42044762],
[ 3.07196767  8.87121293  6.54580275],
[ 4.26943499  8.32037667  6.67865523],
[ 2.28597047  8.97140295  6.81517294],
[ 2.05935259  8.99406474  6.92442118],
[ 6.14422224  5.78366664  6.97010585],
[ 3.03905642  8.88437743  6.97935338],
[ 5.04413867  7.80390755  7.26894789],
[ 6.33884703  5.49172945  7.37328123],
[ 4.49316151  8.17122566  7.7333212 ],
[ 5.43811315  7.5412579   8.09425834],
[ 4.81353049  7.95764634  8.27032485],
[ 6.12170076  5.81744887  8.28596253],
[ 6.97605782  4.53591327  8.34597336],
[ 6.68799449  4.96800827  8.42883976],
[ 4.45131648  8.19912234  8.44682072],
[ 5.66640087  7.0007974   8.59500268],
[ 3.42076854  8.73169258  8.65514458],
[ 4.4435426   8.20430493  8.85413335],
[ 4.39651383  8.23565745  8.95176843],
[ 6.75587654  4.86618519  9.17883145],
[ 3.77484282  8.59006287  9.2660798 ],
[ 6.84195518  4.73706722  9.28007657],
[ 4.84557452  7.93628365  9.37879763],
[ 5.53886334  7.38340998  9.49864945],
[ 3.38987589  8.74404964  9.52319464],
[ 3.96759754  8.51296099  9.58145173],
[ 4.24093253  8.33937831  9.72430581],
[ 3.99710428  8.50115829  9.72691813],
[ 4.03543134  8.47637911  9.90179007],
[  3.1843914    8.82624344  10.01469498],
[  6.92806143   4.60790786  10.11324776],
[  6.87261003   4.69108495  10.13903711],
[  6.08541982   5.87187027  10.16727951],
[  6.75153483   4.87269776  10.21351441],
[  4.07004672   8.45330219  10.32891377],
[  5.24514376   7.66990416  10.34438205],
[  5.45758002   7.52827999  10.34931818],
[  6.94158035   4.58762948  10.42525662],
[  2.87413258   8.91258674  10.46020669],
[  2.96266348   8.90373365  10.5245049 ],
[  5.42750455   7.5483303   10.68999975],
[  5.93757155   6.18728536  10.8647323 ],
[  2.29641227   8.97035877  10.92171566],
[  3.62130798   8.65147681  10.93462621],
[  4.48272145   8.1781857   11.08386234],
[  4.11250552   8.42499632  11.09250452],
[  6.45334793   5.31997811  11.0927272 ],
[  6.84571796   4.73142306  11.22218365],
[  4.68876595   8.0408227   11.63231586],
[  2.34903023   8.96509698  11.71344729],
[  2.69709309   8.93029069  11.91861326],
[  6.93449417   4.59825875  11.94265581],
[  6.25000966   5.62498551  12.05812301],
[  5.14847585   7.73434943  12.11524756],
[  6.52760879   5.20858681  12.19627616],
[  2.03559359   8.99644064  12.41477555],
[  5.83698163   6.4890551   12.41834609],
[  2.0999641    8.99000359  12.65865129],
[  3.48955912   8.70417635  12.7754224 ],
[  3.17925087   8.82829965  12.92487522],
[  6.6491593    5.02626105  13.39163174],
[  2.68898629   8.93110137  13.39742218],
[  4.87183304   7.91877797  13.67559404],
[  2.76132661   8.92386734  13.93996618],
[  2.00714227   8.99928577  13.96239733],
[  2.11218806   8.98878119  13.96872968],
[  3.65714261   8.63714295  13.987804  ],
[  2.42607463   8.95739254  14.1023111 ],
[  5.87985797   6.3604261   14.21701637],
[  6.75044938   4.87432593  14.35407432],
[  4.36794734   8.25470178  14.51040002],
[  6.84471926   4.73292111  14.54317642],
[  5.29315722   7.63789519  14.94177221],
[  4.53300359   8.14466427  15.12232942],
[  3.53823725   8.6847051   15.12634797],
[  2.66054038   8.93394596  15.13217674],
[  2.73289439   8.92671056  15.16694072],
[  6.99257266   4.51114102  15.17135437],
[  5.99497418   6.01507745  15.24113952],
[  5.6355928    7.09322161  15.31678577],
[  6.04926297   5.92610554  15.51443621],
[  4.37921489   8.24719007  15.59041812],
[  5.46697032   7.52201979  15.63568381],
[  6.48752307   5.26871539  15.64150737],
[  2.3096615    8.96903385  15.77124185],
[  6.06675412   5.89986882  15.79776765],
[  2.58883446   8.94111655  15.92061134],
[  5.1895871    7.70694193  15.93845042],
[  5.33035444   7.61309704  16.1259267 ],
[  3.88671618   8.54531353  16.17543818],
[  6.74346565   4.88480152  16.22786488],
[  6.75224576   4.87163136  16.40019339],
[  2.11559842   8.98844016  16.46684032],
[  5.99989678   6.00030966  16.67382752],
[  5.0681546    7.78789693  16.69269105],
[  6.55267379   5.17098932  16.82436347],
[  3.05370425   8.8785183   16.91332814],
[  3.75969844   8.59612062  17.04637262],
[  4.12081038   8.41945974  17.55755556],
[  6.36542632   5.45186052  17.73366047],
[  2.49880478   8.95011952  17.8775894 ],
[  2.88303032   8.91169697  17.98340443],
[  6.47937997   5.28093004  18.057425  ],
[  4.67273328   8.05151115  18.2377302 ],
[  6.52861307   5.20708039  18.28355418],
[  3.62057728   8.65176909  18.29676229],
[  2.87450804   8.9125492   18.37789065],
[  4.98762206   7.84158529  18.41088879],
[  5.9842489    6.0472533   18.51156505],
[  2.19471521   8.98052848  18.67686621],
[  5.09196601   7.77202266  18.67748923],
[  3.02482415   8.89007034  18.71282621],
[  5.35858282   7.59427812  19.05360587],
[  2.87873348   8.91212665  19.11970302],
[  3.13574636   8.84570146  19.16274054],
[  2.05398209   8.99460179  19.18416804],
[  2.99381576   8.90061842  19.27489982],
[  3.64483265   8.64206694  19.57710582],
[  5.77938274   6.66185179  19.72871642],
[  2.8326106    8.91673894  19.83541354],
[  4.08667125   8.44221917  19.83736025],
[  5.1323944    7.7450704   19.89859727],
[  2.83532156   8.91646784  19.91138134],
[  4.95983067   7.86011289  19.93837436],
[  4.95442945   7.8637137   20.06724407],
[  5.97226143   6.08321571  20.19491744],
[  5.71635874   6.85092378  20.23666058],
[  2.4458704    8.95541296  20.2412486 ],
[  6.86874042   4.69688937  20.29075544],
[  2.55949023   8.94405098  20.33389423],
[  3.45867974   8.7165281   20.35166731],
[  6.49938108   5.25092837  20.47441555],
[  3.41446786   8.73421286  20.65693069],
[  5.70533197   6.88400409  20.71511936],
[  5.0347719    7.81015207  20.72774645],
[  3.49882106   8.70047158  20.73719509],
[  6.24186538   5.63720193  20.89127309],
[  3.04830441   8.88067824  20.89499532],
[  6.10453096   5.84320356  20.97907047],
[  5.8590175    6.42294749  21.32491256],
[  6.7593182    4.8610227   21.35874563],
[  5.80922328   6.57233016  21.41757434],
[  6.95994154   4.5600877   21.69702489],
[  5.37052218   7.58631855  21.8283883 ],
[  6.13638055   5.79542917  21.8544016 ],
[  6.83485292   4.74772062  21.86215027],
[  4.62444885   8.08370077  21.88664651],
[  3.12307151   8.8507714   21.91876989],
[  5.9851888    6.04443359  21.92799118],
[  3.69406294   8.62237482  22.12163289],
[  4.14882493   8.40078338  22.1367095 ],
[  5.5191597    7.44252091  22.23020269],
[  3.55240654   8.67903738  22.29204759],
[  2.06407144   8.99359286  22.39114156],
[  5.43412236   7.54391843  22.5543104 ],
[  2.91933246   8.90806675  22.81443801],
[  5.076589     7.782274    22.87156814],
[  2.76514833   8.92348517  23.0504152 ],
[  2.92799884   8.90720012  23.29630822],
[  5.78230712   6.65307864  23.41405924],
[  4.73677575   8.00881617  23.57261841],
[  4.07068458   8.45287695  23.75600967],
[  4.05679999   8.46213334  23.91558041],
[  3.3104342    8.77582632  24.08167976],
[  3.27192615   8.79122954  24.2068952 ],
[  2.87288028   8.91271197  24.29106938],
[  5.6952356    6.91429321  24.32396556],
[  4.95129507   7.86580329  24.47839068],
[  4.22610124   8.34926584  24.53754537],
[  6.73561986   4.89657021  24.62636718],
[  5.79271645   6.62185066  24.76502565],
[  6.13171276   5.80243086  24.77234253],
[  6.15569766   5.76645352  24.87659462],
[  3.16840962   8.83263615  24.99968603],
[  4.78048205   7.97967863  25.00188476],
[  3.720649     8.6117404   25.11500431],
[  2.52576362   8.94742364  25.41924078],
[  6.15223241   5.77165139  25.51327652],
[  3.3943982    8.74224072  25.54948382],
[  6.70872285   4.93691572  25.86323943],
[  4.32866252   8.28089165  26.0830161 ],
[  5.5146129    7.4561613   26.16447514],
[  6.71121782   4.93317327  26.17216323],
[  4.11626478   8.42249015  26.18098523],
[  2.91201289   8.90879871  26.28445258],
[  6.29379948   5.55930078  26.44657405],
[  3.54497962   8.68200815  26.56328541],
[  4.50227007   8.16515328  26.68623905],
[  2.17816116   8.98218388  26.93254113],
[  5.95894451   6.12316648  26.95458282],
[  3.55059691   8.67976124  26.96927407],
[  5.42097235   7.5526851   27.00978346],
[  5.34097653   7.60601565  27.09113068],
[  5.65549925   7.03350224  27.11035328],
[  3.93324382   8.52670247  27.11452002],
[  2.77860611   8.92213939  27.27284573],
[  5.31439747   7.62373502  27.29673474],
[  4.74138353   8.00574432  27.38962781],
[  6.95140183   4.57289726  27.40338016],
[  3.24800168   8.80079933  27.47442818],
[  5.26306605   7.65795597  27.61669247],
[  4.98371336   7.84419109  27.69860675],
[  6.58782105   5.11826842  27.88682418],
[  3.25743211   8.79702716  27.9388015 ],
[  5.34550376   7.6029975   28.16935766],
[  5.82155296   6.53534113  28.18551415],
[  3.79479457   8.58208217  28.22634497],
[  4.01080103   8.49279931  28.28906077],
[  5.24926368   7.66715755  28.3075116 ],
[  3.51302113   8.69479155  28.31366771],
[  6.53141084   5.20288373  28.56606507],
[  4.52115909   8.15256061  28.58801934],
[  5.4614244    7.52571707  28.70495896],
[  6.59303223   5.11045165  29.1795755 ],
[  5.53466865   7.39599405  29.18796658],
[  4.00997561   8.49334959  29.28584919],
[  2.42655963   8.95734404  29.33491067],
[  6.72992722   4.90510918  29.52055199],
[  4.1039382    8.43070787  29.60517623],
[  4.84218896   7.9385407   29.61427811],
[  4.5247353    8.15017647  29.6440471 ],
[  3.85999503   8.55600199  29.66186472],
[  2.63323605   8.93667639  29.90571217],
[  4.45689504   8.19540331  29.91183138],
[  5.62969115   7.11092656  29.94749044],
[  2.97009785   8.90299022  30.00610309],
[  6.49943147   5.25085279  30.23367551],
[  5.29335181   7.63776546  30.25599796],
[  5.27818312   7.64787792  30.78841257],
[  2.56041465   8.94395854  30.81749083],
[  4.49840915   8.16772723  30.99854291],
[  6.57306312   5.14040532  31.10777541],
[  5.62685929   7.11942212  31.21912648],
[  6.86194256   4.70708616  31.34802889],
[  5.06649463   7.78900358  31.44410302],
[  3.11286909   8.85485236  31.51662308],
[  2.53850033   8.94614997  31.84984242],
[  4.08964803   8.44023465  31.87559574],
[  6.42175588   5.36736617  31.89234872],
[  3.41697057   8.73321177  32.02094188],
[  6.25774794   5.61337809  32.08261161],
[  6.83653492   4.74519761  32.11080554],
[  2.12711397   8.9872886   32.28704183],
[  2.62924298   8.9370757   32.30637914],
[  3.43831476   8.7246741   32.82815105],
[  6.15685597   5.76471605  32.89706931],
[  3.98707108   8.50517157  33.08094116],
[  4.72135495   8.0190967   33.22883593],
[  3.71973477   8.61210609  33.34854549],
[  4.77284934   7.98476711  33.36829036],
[  6.07212614   5.89181079  33.41051181],
[  4.82459435   7.95027043  33.62538244],
[  2.03821644   8.99617836  33.66078281],
[  6.47682258   5.28476614  33.75218948],
[  2.66245808   8.93375419  34.03339653],
[  6.04970294   5.9254456   34.06422643],
[  4.99050388   7.83966408  34.08125246],
[  4.60020551   8.099863    34.1448233 ],
[  3.76946446   8.59221421  34.17407323],
[  6.43675278   5.34487083  34.19318556],
[  2.55103022   8.94489698  34.22261493],
[  4.4622222    8.19185187  34.44455344],
[  2.52273103   8.9477269   34.58640159],
[  4.59632008   8.10245328  34.74109317],
[  6.71830008   4.92254988  34.787427  ],
[  4.42919229   8.2138718   34.82889282],
[  5.74344474   6.76966579  34.99893332],
[  3.59874537   8.66050185  35.12091786],
[  5.94263454   6.17209638  35.24951644],
[  3.89624957   8.54150017  35.26498175],
[  5.0440341    7.80397727  35.28279024],
[  4.50261886   8.16492076  35.29107848],
[  2.65909406   8.93409059  35.47356475],
[  4.04546851   8.46968766  35.48139926],
[  6.62630403   5.06054395  35.49189464],
[  3.42986236   8.72805506  35.57080324],
[  5.82774383   6.5167685   35.76104021],
[  6.24860433   5.62709351  35.81621816],
[  6.99251973   4.51122041  35.85106957],
[  3.82035269   8.57185892  35.8757115 ],
[  5.92087175   6.23738475  36.00847439],
[  2.40283481   8.95971652  36.08026877],
[  6.58391292   5.12413063  36.15555048],
[  3.35169382   8.75932247  36.40218479],
[  6.9641407    4.55378895  36.44657278],
[  3.00318271   8.89872692  36.4788319 ],
[  6.19018359   5.71472461  36.55768319],
[  4.39530898   8.23646068  36.62684341],
[  6.13854264   5.79218603  36.64116634],
[  5.54418067   7.367458    36.68090752],
[  6.5332374    5.20014391  36.98867641],
[  2.50888663   8.94911134  37.08270351],
[  3.0597126    8.87611496  37.23898199],
[  4.81490643   7.95672905  37.27318274],
[  6.7529122    4.8706317   37.33039446],
[  3.83692116   8.56523154  37.68089598],
[  5.6678067    6.9965799   37.81266075],
[  5.4811988    7.51253413  37.84221855],
[  5.26586017   7.65609322  38.12624421],
[  5.06335884   7.79109411  38.22577946],
[  6.97972609   4.53041087  38.28063168],
[  3.04082685   8.88366926  38.29602759],
[  2.88350792   8.91164921  38.303519  ],
[  4.51353501   8.15764332  38.38159122],
[  6.91613941   4.62579088  38.51161655],
[  4.05845052   8.46103299  38.56369661],
[  5.98925557   6.03223328  38.62338998],
[  5.22666801   7.68222132  38.73543915],
[  5.98301788   6.05094635  38.96957703],
[  5.61058641   7.16824076  39.19412135],
[  5.55183737   7.34448789  39.54493462],
[  6.01333398   5.97999903  39.61071332],
[  6.07070448   5.89394327  39.73714816],
[  4.60940634   8.09372911  40.02791534],
[  6.91865745   4.62201382  40.06125748],
[  6.22874535   5.65688198  40.66819654],
[  2.33138521   8.96686148  40.76737889],
[  4.66343779   8.05770814  40.95315112],
[  5.89258958   6.32223125  40.96398086],
[  5.06444228   7.79037181  41.18261784],
[  5.63420446   7.09738661  41.1965095 ],
[  6.76364461   4.85453308  41.23157715],
[  4.6893916    8.0404056   41.24736405],
[  2.83214601   8.9167854   41.4527546 ],
[  3.69018121   8.62392752  41.49856204],
[  2.13241151   8.98675885  41.51442743],
[  5.39422547   7.57051635  41.82177777],
[  2.99294902   8.9007051   41.83920959],
[  6.76070241   4.85894638  41.8941851 ],
[  5.96582583   6.1025225   42.35525567],
[  3.4501181    8.71995276  42.53531375],
[  2.6932931    8.93067069  42.68805362],
[  3.92560118   8.52975953  42.76326254],
[  4.54969077   8.13353949  42.90306301],
[  6.31932695   5.52100958  42.95680932],
[  5.23172538   7.67884975  43.00308175],
[  3.11444847   8.85422061  43.05368392],
[  5.50910466   7.47268601  43.09227272],
[  6.91031892   4.63452162  43.18900801],
[  5.18318893   7.71120738  43.31107855],
[  4.92052272   7.88631818  43.41533263],
[  6.66656633   5.00015051  43.44622197],
[  5.77285247   6.6814426   43.623155  ],
[  3.54052346   8.68379062  43.64034416],
[  6.84997113   4.7250433   43.67611381],
[  2.94220082   8.90577992  43.78074623],
[  5.86866028   6.39401915  43.95418151],
[  4.99776743   7.83482171  43.97514133],
[  5.89326244   6.32021268  44.02334428],
[  3.62336435   8.65065426  44.06083111],
[  4.18469571   8.37686953  44.08523759],
[  4.60764649   8.09490234  44.09987797],
[  2.15424743   8.98457526  44.16293107],
[  2.34641425   8.96535857  44.30585783],
[  4.34705698   8.26862868  44.68883333],
[  6.88609432   4.67085852  44.73155768],
[  3.          8.9        44.7755229],
[  5.94994633   6.15016101  44.78028365],
[  6.15047441   5.77428839  44.8251778 ],
[  5.14182017   7.73878655  44.85209128],
[  6.02509456   5.96235815  44.91780597],
[  2.35466799   8.9645332   45.02397188],
[  6.68964568   4.96553147  45.03630095],
[  6.22314758   5.66527863  45.1345121 ],
[  3.9255508    8.52977968  45.15555141],
[  3.03558312   8.88576675  45.49650699],
[  3.57597823   8.66960871  45.52485597],
[  5.98673678   6.03978966  45.6163459 ],
[  3.18704871   8.82518052  45.69084131],
[  4.37292066   8.25138623  45.84408603],
[  2.94167898   8.9058321   45.8709635 ],
[  6.38340209   5.42489687  46.00868911],
[  3.3151835    8.7739266   46.09419044],
[  5.2036742    7.69755054  46.11642341],
[  6.43787634   5.34318549  46.19953253],
[  2.67636798   8.9323632   46.29059901],
[  5.92110607   6.23668178  46.39264546],
[  3.11107249   8.855571    46.39554844],
[  5.24157238   7.67228508  46.48819515],
[  3.70910231   8.61635908  46.49138726],
[  3.93015463   8.52793815  46.49315901],
[  2.23078535   8.97692147  46.56608344],
[  2.02267153   8.99773285  46.73795733],
[  2.51649967   8.94835003  46.91836035],
[  5.51513648   7.45459057  47.00222635],
[  6.9402205    4.58966926  47.04596495],
[  3.91895456   8.53241817  47.25204453],
[  5.28274614   7.64483591  47.27848325],
[  4.89843291   7.90104473  47.38809678],
[  6.77771847   4.83342229  47.40135056],
[  6.15732868   5.76400698  47.42258728],
[  3.21129097   8.81548361  47.45699678],
[  4.96538594   7.85640937  47.67930413],
[  2.3292014    8.96707986  47.72547826],
[  6.52839666   5.207405    47.79968826],
[  3.16093995   8.83562402  48.01267315],
[  6.30730766   5.53903851  48.21201387],
[  2.30818552   8.96918145  48.21893989],
[  5.41607512   7.55594992  48.24440891],
[  6.74586381   4.88120428  48.31596663],
[  5.80336524   6.58990427  48.36008285],
[  6.85988513   4.7101723   48.39426347],
[  6.80604978   4.79092533  48.50835025],
[  5.3741776    7.5838816   48.50926683],
[  4.81801782   7.95465479  48.63374723],
[  3.94569995   8.52172002  48.66391118],
[  5.79996524   6.60010428  48.72601095],
[  3.78655268   8.58537893  48.74226067],
[  4.24993641   8.33337573  48.77224308],
[  3.47192456   8.71123018  48.81969003],
[  5.3217652    7.6188232   48.82381691],
[  4.08766602   8.44155599  48.97676523],
[  5.09662939   7.76891374  49.04144969],
[  3.20537001   8.81785199  49.10176916],
[  3.94392555   8.52242978  49.13717593],
[  6.72418519   4.91372222  49.22291615],
[  3.09290975   8.8628361   49.22481611],
[  6.22271731   5.66592403  49.32678145],
[  5.7409519    6.77714431  49.3738136 ],
[  4.08693632   8.44204245  49.38242894],
[  3.09992886   8.86002846  49.40892342],
[  6.61833456   5.07249816  49.75180901],
[  3.15490622   8.83803751  50.00012981],
[  4.70195685   8.03202877  50.16989755],
[  2.69589645   8.93041035  50.38743291],
[  2.38777264   8.96122274  50.46922506],
[  2.62067405   8.9379326   50.4793439 ],
[  5.71844392   6.84466824  50.58567677],
[  3.8379392    8.56482432  50.61120688],
[  6.67499314   4.98751029  50.67215907],
[  6.90214208   4.64678689  50.67723593],
[  3.80300861   8.57879656  50.91636695],
[  2.5527906    8.94472094  51.17520093],
[  6.99709757   4.50435365  51.30047135],
[  4.75097576   7.99934949  51.40581929],
[  5.33587344   7.60941771  51.48028289],
[  4.59386925   8.10408717  52.01000023],
[  5.86165998   6.41502006  52.06441508],
[  6.03542564   5.94686154  52.09059628],
[  5.10846169   7.76102554  52.0965975 ],
[  6.91114985   4.63327523  52.15015083],
[  5.10848622   7.76100918  52.41358715],
[  6.85359881   4.71960179  52.58312475],
[  6.86004151   4.70993774  52.65610769],
[  2.8666877    8.91333123  52.860194  ],
[  6.02296743   5.96554886  53.00395534],
[  2.78852957   8.92114704  53.00612544],
[  6.44061562   5.33907657  53.0291793 ],
[  5.65477974   7.03566078  53.06666791],
[  5.98937818   6.03186546  53.3780201 ],
[  6.69507733   4.957384    53.38005788],
[  6.01925555   5.97111668  53.39484997],
[  4.62780798   8.08146135  53.41577158],
[  6.57355999   5.13966002  53.43236809],
[  2.25260534   8.97473947  53.49630682],
[  6.93551827   4.59672259  53.55965569],
[  5.68942936   6.93171191  53.5679339 ],
[  4.16535336   8.38976443  53.58763017],
[  6.76424423   4.85363366  53.60472928],
[  5.83337908   6.49986276  53.6685772 ],
[  5.97979515   6.06061456  53.7504952 ],
[  2.72513384   8.92748662  53.8250953 ],
[  5.98582658   6.04252026  53.86373394],
[  3.67637493   8.62945003  53.93380033],
[  3.55900534   8.67639787  54.10011869],
[  5.95576319   6.13271042  54.36136757],
[  3.84310459   8.56275816  54.45654575],
[  2.75645605   8.92435439  54.53307457],
[  6.20080388   5.69879418  54.55119418],
[  6.95065787   4.57401319  54.6021094 ],
[  6.21935177   5.67097234  54.63315276],
[  4.70662496   8.0289167   54.77986535],
[  4.08706293   8.44195804  54.82715972],
[  6.77812386   4.83281421  54.83174863],
[  4.18698485   8.37534343  54.85203803],
[  5.74443298   6.76670107  54.97433571],
[  5.63614031   7.09157908  55.43339508],
[  3.98830854   8.50467658  55.50095805],
[  5.334852     7.61009867  55.53539198],
[  3.2805283    8.78778868  55.65913194],
[  6.56102294   5.15846559  55.70454948],
[  4.37882997   8.24744668  55.72331504],
[  3.06328898   8.87468441  55.8285921 ],
[  6.52244682   5.21632976  55.86562443],
[  6.95158483   4.57262275  55.89268858],
[  4.31036382   8.29309079  55.92050106],
[  4.26631278   8.32245815  55.92847247],
[  5.59120421   7.22638736  56.05704254],
[  4.51319044   8.15787304  56.14389473],
[  2.10908879   8.98909112  56.34614226],
[  2.68940508   8.93105949  56.49990971],
[  3.60756933   8.65697227  56.61693598],
[  4.1636131    8.3909246   56.62657111],
[  5.97140637   6.08578088  56.69203205],
[  3.51957414   8.69217034  56.7912647 ],
[  4.48324843   8.17783438  56.92028763],
[  3.50904526   8.69638189  57.01120061],
[  2.68769196   8.9312308   57.01422416],
[  6.46436704   5.30344944  57.05686696],
[  3.44939704   8.72024118  57.10478946],
[  2.17711814   8.98228819  57.14026533],
[  3.833919     8.5664324   57.14506404],
[  5.37751921   7.58165386  57.1947913 ],
[  4.9010838    7.89927747  57.38578759],
[  4.78893648   7.97404234  57.52770524],
[  6.06741112   5.89888331  57.76154325],
[  6.99645349   4.50531976  57.77659158],
[  3.29129743   8.78348103  57.77682777],
[  5.2717035    7.65219766  57.84035334],
[  2.70979301   8.9290207   57.84302276],
[  3.10880896   8.85647642  57.8632589 ],
[  6.07562533   5.886562    57.94297261],
[  2.69032318   8.93096768  58.11142964],
[  4.2399337    8.3400442   58.21003664],
[  2.46260943   8.95373906  58.21980981],
[  6.74856783   4.87714826  58.28146517],
[  4.29911085   8.30059277  58.40595753],
[  3.65168781   8.63932488  58.41375345],
[  3.60829685   8.65668126  58.4473243 ],
[  4.30134397   8.29910402  58.52140936],
[  6.25159702   5.62260448  58.56551046],
[  6.64666347   5.0300048   58.57822577],
[  2.0532218    8.99467782  58.68331016],
[  5.75641906   6.73074281  58.79663602],
[  2.76425144   8.92357486  59.09807499],
[  6.34575461   5.48136809  59.17061185],
[  2.07431715   8.99256829  59.20366765],
[  3.13721017   8.84511593  59.2104913 ],
[  6.14704334   5.77943499  59.35715135],
[  5.52777137   7.41668588  59.55819486],
[  4.78892735   7.97404843  59.74496952],
[  4.6920802    8.0386132   59.80823829],
[  6.95653733   4.565194    59.98173303],
[  5.66335371   7.00993888  60.0625943 ],
[  6.58115424   5.12826864  60.09481961],
[  2.53920398   8.9460796   60.1221381 ],
[  5.00313925   7.8312405   60.2614754 ],
[  6.6036198    5.09457031  60.80878891],
[  6.18118958   5.72821563  60.92713084],
[  5.92390146   6.22829562  61.27888134],
[  3.5729381    8.67082476  61.29329368],
[  6.03024931   5.95462603  61.54469585],
[  6.57352162   5.13971756  61.55466908],
[  2.84192598   8.9158074   61.88493162],
[  3.69094242   8.62362303  61.94160047],
[  6.54364042   5.18453937  61.96434686],
[  3.76580697   8.59367721  62.01575852],
[  6.69729225   4.95406163  62.14631456],
[  6.57066792   5.14399812  62.14973693],
[  6.89188553   4.66217171  62.34176184],
[  6.89947072   4.65079392  62.59932785],
[  3.20263335   8.81894666  62.66323913],
[  5.52249162   7.43252515  62.7288479 ],
[  2.84832853   8.91516715  62.76716196],
[  4.20653302   8.36231132  62.79430641],
[  5.92070236   6.23789291  62.93008059],
[  5.18847251   7.70768499  62.94024244],
[  6.93822821   4.59265769  63.62500782],
[  6.81083191   4.78375213  63.63455159],
[  2.6091049    8.93908951  63.87314024],
[  4.88527722   7.90981518  64.28224352],
[  5.36842419   7.58771721  64.2865084 ],
[  6.10886357   5.83670465  64.39561294],
[  3.43639569   8.72544173  64.42864088],
[  4.16129222   8.39247185  64.54450476],
[  6.22173178   5.66740233  64.59690113],
[  2.01942185   8.99805782  64.63761399],
[  5.68498477   6.9450457   64.80770937],
[  6.40261022   5.39608467  64.83094904],
[  5.61589705   7.15230885  64.83870404],
[  3.48652982   8.70538807  64.86671671],
[  3.12546919   8.84981232  65.0676607 ],
[  5.87949227   6.36152318  65.12808485],
[  6.07483456   5.88774816  65.28576859],
[  4.20717027   8.36188648  65.50899363],
[  2.78310547   8.92168945  65.59737084],
[  6.65378373   5.0193244   65.70004759],
[  6.29508598   5.55737102  65.72458566],
[  6.63241698   5.05137453  65.76905424],
[  5.30074605   7.63283597  65.87370826],
[  4.61970459   8.08686361  65.9605837 ],
[  6.48643355   5.27034968  66.15170688],
[  3.63994444   8.64402223  66.21701386],
[  6.84484571   4.73273144  66.41845906],
[  6.95425597   4.56861604  66.4864598 ],
[  6.99286019   4.51070972  66.51557373],
[  2.29840916   8.97015908  66.62204619],
[  4.55839018   8.12773988  66.7252538 ],
[  2.06847718   8.99315228  66.83369314],
[  5.41394687   7.55736875  66.98558656],
[  2.71829366   8.92817063  67.03074736],
[  3.54310864   8.68275654  67.05840123],
[  5.89391214   6.31826359  67.08860775],
[  6.18848323   5.71727515  67.10817696],
[  4.44172474   8.20551684  67.13290127],
[  5.61217368   7.16347896  67.17523274],
[  6.70436836   4.94344747  67.41767945],
[  6.08201819   5.87697271  67.47243646],
[  5.84416644   6.46750068  67.47416877],
[  4.87304149   7.91797234  67.67605052],
[  4.86102299   7.92598468  67.72654212],
[  2.82272535   8.91772746  67.83926583],
[  2.18320086   8.98167991  67.89787196],
[  2.72504563   8.92749544  67.91108202],
[  6.3066477    5.54002845  67.96530161],
[  3.3870647    8.74517412  68.10004028],
[  6.73450568   4.89824148  68.30479767],
[  5.87482385   6.37552846  68.40790077],
[  5.75774287   6.72677139  68.44330477],
[  2.71439956   8.92856004  68.5271743 ],
[  5.19100337   7.70599775  68.57909677],
[  6.27743552   5.58384673  68.72073215],
[  4.6694101    8.0537266   68.78221649],
[  4.96569106   7.85620596  68.80404869],
[  3.96645411   8.51341836  68.81407907],
[  3.08046402   8.86781439  68.85768711],
[  5.52247939   7.43256184  68.91815995],
[  3.81885845   8.57245662  69.58490663],
[  3.91471373   8.53411451  69.58703129],
[  5.44542767   7.53638155  69.60214178],
[  3.02537693   8.88984923  69.95848069],
[  6.92598663   4.61102006  69.95929117],
[  6.23418866   5.64871701  70.50883729],
[  4.4977313    8.16817914  70.64020041],
[  3.44445228   8.72221909  70.94224347],
[  6.04643473   5.93034791  70.96932227],
[  3.89746025   8.5410159   71.0096728 ],
[  6.89865139   4.65202291  71.29275814],
[  4.4810762    8.17928254  71.34130433],
[  5.15304352   7.73130432  71.37415291],
[  2.88052829   8.91194717  71.43985333],
[  5.46239334   7.52507111  71.73743776],
[  4.10821802   8.42785466  71.8586758 ],
[  5.17032078   7.71978615  71.87631377],
[  5.18066705   7.71288864  72.17725912],
[  6.99935207   4.50097189  72.18318619],
[  5.997319     6.00804301  72.20368592],
[  4.37557687   8.24961542  72.24552484],
[  4.71541553   8.02305631  72.32641472],
[  6.61214797   5.08177805  72.42734404],
[  2.34043627   8.96595637  72.4814942 ],
[  4.23948835   8.3403411   72.57427137],
[  4.71742823   8.02171451  72.63016952],
[  3.12538671   8.84984532  72.6404937 ],
[  2.58837817   8.94116218  72.65138387],
[  5.23057031   7.67961979  72.84030485],
[  2.30611451   8.96938855  72.91229594],
[  4.52579275   8.1494715   73.00490842],
[  5.22603472   7.68264352  73.05539203],
[  6.21325439   5.68011842  73.09207051],
[  2.04934746   8.99506525  73.26045394],
[  5.7846456    6.64606319  73.41976817],
[  5.21249016   7.69167323  73.43327752],
[  4.41814612   8.22123592  73.60410439],
[  3.69487352   8.62205059  73.71277178],
[  2.71234663   8.92876534  73.85071253],
[  2.59710219   8.94028978  73.94222631],
[  5.93191248   6.20426257  74.00997947],
[  4.21644379   8.35570414  74.25284606],
[  6.26423852   5.60364222  74.26242855],
[  2.97788398   8.9022116   74.32924905],
[  5.80036452   6.59890645  74.33859594],
[  4.95917375   7.86055083  74.35857157],
[  4.85704792   7.92863472  74.38015427],
[  4.19459881   8.37026746  74.38018047],
[  6.44106822   5.33839767  74.40631483],
[  5.91377729   6.25866813  74.41313462],
[  6.53414521   5.19878218  74.46450619],
[  3.8912923    8.54348308  74.48302836],
[  3.78003811   8.58798476  74.48899647],
[  2.34490306   8.96550969  74.73185814],
[  5.33127271   7.61248486  74.80296566],
[  3.29144319   8.78342273  74.89928703],
[  3.8731072    8.55075712  74.92908325],
[  5.55984595   7.32046215  75.01050472],
[  6.08563402   5.87154897  75.05455437],
[  5.8949321    6.31520371  75.07743768],
[  5.32761618   7.61492255  75.15998182],
[  6.48256079   5.27615881  75.4641443 ],
[  2.64835667   8.93516433  75.53059645],
[  4.08645109   8.44236594  75.61909922],
[  4.1626781    8.39154793  75.65601876],
[  6.71183836   4.93224247  75.69040608],
[  4.99966643   7.83355572  75.71522116],
[  2.68085888   8.93191411  75.75083786],
[  4.343869     8.270754    75.83368364],
[  5.03876136   7.80749243  75.86190968],
[  2.50883613   8.94911639  76.01584735],
[  4.92401208   7.88399195  76.02435522],
[  4.54221368   8.13852422  76.20844564],
[  6.73304904   4.90042645  76.32472849],
[  5.29038699   7.639742    76.58583157],
[  5.45849588   7.52766942  76.6553021 ],
[  6.01864836   5.97202747  76.73155757],
[  6.94582631   4.58126054  76.78353953],
[  5.7773126    6.66806221  76.84003913],
[  5.99933436   6.00199691  76.92829559],
[  6.26045331   5.60932004  77.18461616],
[  2.01863896   8.9981361   77.43160145],
[  6.09916882   5.85124677  77.44246739],
[  3.75881209   8.59647517  77.52786962],
[  6.97854978   4.53217533  77.53287641],
[  5.32114117   7.61923922  77.73770106],
[  3.82046162   8.57181535  77.89041302],
[  2.25096062   8.97490394  77.90599178],
[  2.62167319   8.93783268  77.98534316],
[  6.79647969   4.80528046  78.0131531 ],
[  5.35196208   7.59869195  78.36225276],
[  6.83355808   4.74966288  78.43796876],
[  2.3288576    8.96711424  78.51278449],
[  4.3910976    8.23926827  78.76868457],
[  2.51619773   8.94838023  78.8479863 ],
[  6.65285397   5.02071905  78.89689632],
[  6.18293324   5.72560015  79.00585116],
[  4.76193527   7.99204316  79.12690398],
[  3.33978367   8.76408653  79.17358688],
[  3.11018299   8.8559268   79.2374769 ],
[  6.23555769   5.64666347  79.39789125],
[  4.40353449   8.230977    79.48934355],
[  5.68900266   6.93299202  79.57778851],
[  2.9060277    8.90939723  79.81095054],
[  4.03631986   8.47578676  79.82734502],
[  4.78592432   7.97605045  79.88686941],
[  6.99580543   4.50629186  79.96332196],
[  4.37000599   8.25332934  80.1624012 ],
[  3.51399217   8.69440313  80.16532213],
[  4.08348764   8.44434157  80.17610161],
[  4.32622468   8.28251688  80.60628677],
[  3.02586823   8.88965271  80.64925758],
[  2.86093651   8.91390635  80.844645  ],
[  5.15071852   7.73285432  80.91746986],
[  3.84429269   8.56228293  80.99134836],
[  6.25747523   5.61378715  81.12812711],
[  4.35463786   8.26357476  81.18338055],
[  6.2355421    5.64668685  81.24729351],
[  6.28471424   5.57292864  81.35597385],
[  5.92484764   6.22545708  81.40516162],
[  4.41472254   8.22351831  81.53967747],
[  3.76408571   8.59436572  81.60014082],
[  3.69175232   8.62329907  81.64864627],
[  6.05030468   5.92454298  81.75896363],
[  2.08011025   8.99198897  81.77469244],
[  6.84870154   4.72694769  81.81863311],
[  6.38897605   5.41653592  81.84107367],
[  3.13247754   8.84700898  81.88989399],
[  5.99163226   6.02510322  82.01717251],
[  5.82656027   6.52031918  82.09243791],
[  5.69359507   6.91921479  82.09761923],
[  5.37602627   7.58264915  82.15970863],
[  6.69523568   4.95714648  82.23004227],
[  6.59816867   5.102747    82.31932921],
[  3.88741326   8.5450347   82.36112569],
[  3.45518557   8.71792577  82.40838549],
[  5.31843678   7.62104215  82.46094656],
[  5.25499954   7.66333364  82.59311378],
[  6.50932614   5.23601079  82.6845894 ],
[  4.0638532    8.4574312   82.76442138],
[  3.61903497   8.65238601  82.92602154],
[  6.61542291   5.07686564  82.94684938],
[  3.29184076   8.7832637   82.96325839],
[  6.75752472   4.86371291  83.09207938],
[  5.68348679   6.94953962  83.10065968],
[  4.32371775   8.28418816  83.1520285 ],
[  3.4123113    8.73507548  83.16940015],
[  3.58512382   8.66595047  83.21643773],
[  6.185324     5.722014    83.21888047],
[  5.81269089   6.56192733  83.30976098],
[  5.15374855   7.7308343   83.32516496],
[  4.34070323   8.27286451  83.37433765],
[  5.9796442    6.0610674   83.39930294],
[  3.83180056   8.56727978  83.50491743],
[  6.83196821   4.75204768  83.59485044],
[  2.71832549   8.92816745  83.68674885],
[  6.90766947   4.6384958   83.73671014],
[  3.09039613   8.86384155  83.86488177],
[  6.53339286   5.19991071  84.00023769],
[  5.82356756   6.52929733  84.07354196],
[  5.18123623   7.71250918  84.09131142],
[  3.77506484   8.58997406  84.22495692],
[  4.33028056   8.27981296  84.25999325],
[  5.67182954   6.98451137  84.28909593],
[  3.75344973   8.59862011  84.3009336 ],
[  4.10631368   8.42912422  84.38999149],
[  4.66185438   8.05876375  84.51609761],
[  6.38668088   5.41997868  84.55477495],
[  5.66200892   7.01397323  84.59134645],
[  4.40408345   8.23061104  84.59810648],
[  6.34177315   5.48734028  84.63975792],
[  6.77454445   4.83818333  84.76938974],
[  3.64168725   8.6433251   84.95316069],
[  4.61287569   8.09141621  85.30363118],
[  5.93894458   6.18316627  85.37262669],
[  5.60436693   7.1868992   85.68469481],
[  6.85829139   4.71256292  85.68697549],
[  6.95724574   4.56413139  85.69631255],
[  5.60345279   7.18964163  85.89834333],
[  5.44149102   7.53900598  85.91616376],
[  4.53311356   8.14459096  85.94176453],
[  6.62118735   5.06821897  85.98674991],
[  6.2506463    5.62403054  86.01570201],
[  5.11686909   7.75542061  86.19055593],
[  5.54876946   7.35369163  86.29506148],
[  5.69552804   6.91341588  86.38977763],
[  6.23081927   5.65377109  86.57852319],
[  5.29831514   7.63445657  86.6335039 ],
[  2.2641692    8.97358308  86.71964441],
[  4.22782673   8.34811552  86.72779807],
[  4.2872811    8.30847927  86.77962148],
[  2.76515312   8.92348469  86.80325795],
[  6.60341881   5.09487178  86.93838825],
[  5.18086351   7.71275766  87.03336224],
[  3.21420984   8.81431606  87.20926679],
[  4.51048204   8.15967864  87.23731481],
[  5.18883127   7.70744582  87.28358874],
[  6.06806506   5.89790241  87.66415612],
[  3.35291177   8.75883529  87.81602172],
[  4.41985551   8.22009633  87.92527823],
[  5.18466214   7.71022524  87.94153476],
[  6.06015716   5.90976426  88.13233539],
[  5.91265965   6.26202104  88.2409325 ],
[  6.89155406   4.66266891  88.3464855 ],
[  5.95235467   6.14293599  88.4299987 ],
[  4.17980096   8.38013269  88.47984283],
[  3.22729377   8.80908249  88.56677741],
[  4.03556647   8.47628902  88.70441498],
[  4.58628068   8.10914621  88.78594577],
[  3.1717977    8.83128092  88.97480012],
[  6.42738212   5.35892682  89.23956727],
[  4.06957479   8.45361681  89.27126031],
[  3.06840046   8.87263982  89.49686047],
[  5.10729215   7.76180524  89.58455694],
[  6.04437019   5.93344472  89.61886519],
[  5.38193631   7.57870912  89.62610393],
[  2.12630321   8.98736968  89.82080799],
[  6.33436866   5.49844701  89.8745499 ],
[  6.85759114   4.71361329  89.94948751],
[  6.92436301   4.61345549  89.96633992],
[  5.46371949   7.524187    89.99703727],
[  5.75885584   6.72343247  90.01373271],
[  2.08664955   8.99133505  90.04557461],
[  5.13887045   7.74075303  90.07750864],
[  4.65629619   8.06246921  90.10426388],
[  4.08947939   8.44034707  90.20549508],
[  3.11016881   8.85593248  90.24636558],
[  2.35097642   8.96490236  90.27556125],
[  2.701042    8.9298958  90.3073228],
[  6.34403221   5.48395169  90.30812418],
[  3.08782869   8.86486852  90.36778001],
[  2.96851692   8.90314831  90.45971947],
[  6.08010013   5.87984981  90.68048322],
[  5.41857646   7.55428236  90.75426877],
[  6.05337634   5.91993548  90.81100464],
[  3.5222776    8.69108896  91.07274427],
[  5.83127938   6.50616187  91.09014245],
[  5.75102839   6.74691482  91.10955625],
[  5.21547157   7.68968562  91.39187848],
[  4.36269233   8.25820511  91.41494689],
[  2.98034162   8.90196584  91.62278626],
[  5.17137907   7.71908062  91.7023034 ],
[  5.60534023   7.18397931  91.75487215],
[  6.41485041   5.37772439  91.77470883],
[  5.96892925   6.09321224  91.79595759],
[  6.21465513   5.67801731  91.96432995],
[  6.82958502   4.75562247  92.02794712],
[  3.97084397   8.51166241  92.2869847 ],
[  6.00825656   5.98761516  92.47837628],
[  4.22067297   8.35288469  92.55000007],
[  4.22317004   8.35121998  92.57291868],
[  6.48022127   5.2796681   92.58171879],
[  5.1560104    7.7293264   92.66203544],
[  5.58948424   7.23154729  92.74130223],
[  3.58752305   8.66499078  92.80215436],
[  4.21240822   8.35839452  92.81767911],
[  2.73327403   8.9266726   92.81795082],
[  4.73041248   8.01305835  92.94159327],
[  5.92907214   6.21278359  93.04877308],
[  6.05244925   5.92132612  93.11083148],
[  5.32519155   7.61653896  93.21990148],
[  4.0989968    8.43400213  93.22134142],
[  6.36712005   5.44931993  93.29371026],
[  6.96516185   4.55225722  93.31446254],
[  3.57390609   8.67043756  93.44798775],
[  4.12778815   8.4148079   93.54419587],
[  5.0232042    7.81786386  93.61486408],
[  2.49133281   8.95086672  93.63296181],
[  3.47543314   8.70982674  93.92015238],
[  5.70402527   6.88792418  93.95044733],
[  4.92992827   7.88004782  94.0960024 ],
[  5.28858908   7.64094061  94.1100229 ],
[  5.75368271   6.73895187  94.11592177],
[  6.59122122   5.11316817  94.14884714],
[  2.12131747   8.98786825  94.28041451],
[  6.18932029   5.71601956  94.29941591],
[  6.36486191   5.45270713  94.31771603],
[  5.52673942   7.41978175  94.38755032],
[  3.37114702   8.75154119  94.50225293],
[  5.92932028   6.21203917  94.88936979],
[  6.08287559   5.87568662  94.9155689 ],
[  4.01099729   8.49266847  95.00329648],
[  5.55096015   7.34711954  95.00768152],
[  5.69098868   6.92703396  95.09462926],
[  3.56146505   8.67541398  95.43448368],
[  3.07980927   8.86807629  95.71924053],
[  3.04629203   8.88148319  95.87839186],
[  6.36424548   5.45363178  95.9397845 ],
[  2.56847367   8.94315263  95.96201413],
[  4.41171761   8.22552159  96.0490097 ],
[  6.49786466   5.25320301  96.08018912],
[  5.66675866   6.99972401  96.12628922],
[  3.35910425   8.7563583   96.2066897 ],
[  3.48462874   8.7061485   96.27142   ],
[  6.74564887   4.8815267   96.29869588],
[  5.83453957   6.49638128  96.62402054],
[  3.10401023   8.85839591  96.75406352],
[  6.2794142    5.58087869  96.7921837 ],
[  6.38785541   5.41821689  96.85245116],
[  2.25068224   8.97493178  96.87457956],
[  3.65694731   8.63722107  96.88118462],
[  6.06109374   5.90835939  97.03861279],
[  4.98922898   7.84051402  97.18232893],
[  3.16868007   8.83252797  97.39358119],
[  4.02945531   8.48036312  97.39631019],
[  6.64903574   5.0264464   97.46029108],
[  3.88103378   8.54758649  97.56147969],
[  5.33088465   7.61274357  97.59819094],
[  6.28067963   5.57898056  97.60353709],
[  4.01401131   8.49065912  97.73521926],
[  5.20327696   7.69781536  97.80868715],
[  5.98216957   6.05349128  97.88529412],
[  2.72612719   8.92738728  98.11227193],
[  6.36482587   5.45276119  98.17131628],
[  6.69987785   4.95018322  98.20976011],
[  3.54839154   8.68064338  98.22255483],
[  6.33686424   5.49470365  98.26176059],
[  6.93612041   4.59581939  98.32423566],
[  6.53300782   5.20048826  98.669952  ],
[  4.51324963   8.15783358  99.09490787],
[  6.83600769   4.74598847  99.14318929],
[  4.1826956    8.37820293  99.52205963],
[  2.84775375   8.91522462  99.65261314],
[  6.10457561   5.84313659  99.67583643],
[  4.45505024   8.19663317  99.69189565],
[  4.09800196   8.43466536  99.73253627],
[  4.54139663   8.13906892  99.83947342],
[  2.92587     8.907413   99.8601385],
